T0
0.787794828414917, 31.7095531311402
17.19664764404297, 29.614706521758034
T1
0.48825812339782715, 28.505928162501714
T2
0.4853644371032715, 34.24573116454482
T3
0.1955575942993164, 19.45925696734544
T4
0.19592523574829102, 54.801829169559014
T5
0.49817609786987305, 21.462505821743733
T6
0.487962007522583, 58.642675169969124
4.590270519256592, 54.977180906944945
6.641539573669434, 50.22070054656935
59.96990990638733, 47.17377819251886
T7
0.4874095916748047, 24.28274233969357
T8
0.19586610794067383, 27.977674016002673
T9
0.19553852081298828, 41.30961319675508
10.450696229934692, 38.422444179993086
16.60378122329712, 34.340857453341386
T10
0.48581910133361816, 18.690080723313308
4.588221788406372, 18.477052545708275
T11
0.20052289962768555, 25.531464007375877
T12
0.19567227363586426, 37.93026906383227
T13
0.1954965591430664, 50.6389769540384
2.246670961380005, 34.33605703466793
6.348823070526123, 33.19199636620027
8.399963140487671, 30.867423722864697
12.502021789550781, 29.931566414177485
T14
0.1958463191986084, 41.47001954821938
16.604488372802734, 34.3167608785893
T15
0.1955585479736328, 51.777350785236166
10.450849771499634, 51.157630986126236
12.502052068710327, 47.204060539030706
14.553816556930542, 40.549869637192415
18.656014442443848, 24.124301142159915
22.758213996887207, 21.639027808611587
T16
0.1955249309539795, 34.03641121198743
12.50157880783081, 24.7793639704354
T17
0.19552922248840332, 15.493110613049106
14.55127763748169, 14.039579263884601
T18
0.19571852684020996, 46.588242593069985
4.298673868179321, 44.71922950313143
8.400860071182251, 44.112059689088596
14.554144144058228, 34.923140552366675
T19
0.19556903839111328, 16.744988720186196
T20
0.19571638107299805, 20.677733934490625
T21
0.19546771049499512, 32.055125745440016
T22
0.19557857513427734, 31.815640651488447
8.39987063407898, 31.669836597086857
10.45097541809082, 26.446563646111663
12.502131462097168, 25.186624902442865
T23
0.19539833068847656, 20.954232421927912
T24
0.1955709457397461, 24.29388147017229
8.399697065353394, 20.841214235523132
12.501767635345459, 17.34705887124976
T25
0.1955573558807373, 43.89982764977552
T26
0.19604253768920898, 28.708235215895456
T27
0.19558238983154297, 41.03067891150812
T28
0.1957707405090332, 42.03328129349024
18.655960083007812, 39.99885515983253
24.809114933013916, 38.498876730965996
61.72843337059021, 38.41527297450098
T29
0.19542193412780762, 14.993983992159597
T30
0.1955714225769043, 37.3574869165464
T31
0.1954951286315918, 36.38346701282181
22.75684380531311, 34.006281167527376
T32
0.196089506149292, 46.37599216131198
14.553643465042114, 45.57400239828997
16.60478711128235, 40.6325947730893
53.524903297424316, 31.74651044229883
T33
0.1957547664642334, 29.049004364694532
12.502622365951538, 28.3957012365023
T34
0.1955275535583496, 23.34679917566799
T35
0.19571709632873535, 22.720910805207858
14.55202031135559, 20.52130312713896
T36
0.19539546966552734, 36.60095786523728
18.654486894607544, 30.18871457240607
T37
0.19563817977905273, 22.21672952052337
T38
0.19528675079345703, 31.12173250531954
2.246389150619507, 20.301305260294185
10.45018458366394, 16.995459429250502
T39
0.19564509391784668, 26.506738667271083
T40
0.19596052169799805, 44.313951244939894
6.349196910858154, 37.763690882843434
14.553347826004028, 37.4415470903149
16.604401111602783, 33.747019054416654
T41
0.19579434394836426, 45.04928964565485
24.808897256851196, 43.00100257548172
39.16669750213623, 38.89122782024128
T42
0.19565176963806152, 31.10601975549364
T43
0.1953427791595459, 24.876689698650914
T44
0.19548821449279785, 27.491710333263008
T45
0.19562339782714844, 22.73622747932245
T46
0.19735264778137207, 35.61869490856019
T47
0.19588541984558105, 34.88011440927742
T48
0.1956493854522705, 29.7845243243918
T49
0.19576215744018555, 29.514011899365023
T50
0.5062530040740967, 13.846120615064526
T51
0.5223383903503418, 15.869560353738821
8.726251125335693, 12.785530372879036
T52
0.343050479888916, 22.749667238292425
T53
0.1955103874206543, 36.53787360403558
T54
0.19560718536376953, 31.07697076134596
12.502050876617432, 29.62548954206896
16.60418677330017, 28.874079828701646
T55
0.4884974956512451, 37.707886642727914
6.6421215534210205, 33.290817967298395
8.693238735198975, 26.75338501652385
T56
0.19575119018554688, 33.03955317490661
T57
0.34005022048950195, 33.42053890132048
T58
0.19561386108398438, 41.208326429421206
T59
0.19529056549072266, 27.469587514153623
T60
0.19552278518676758, 23.017077734154267
T61
0.1956038475036621, 43.672646909970226
T62
0.19539427757263184, 34.33471769426386
T63
0.19588828086853027, 27.630692142332947
T64
0.1956024169921875, 30.33997467909995
T65
0.19605183601379395, 58.262280147477526
10.451534032821655, 51.5961735169559
14.553874731063843, 46.152045319995665
22.759160041809082, 40.49690125122213
24.810218572616577, 38.119891131529435
T66
0.19994091987609863, 23.7966247176847
T67
0.19548773765563965, 34.23092008057999
T68
0.1954803466796875, 35.269544564092094
T69
0.1956174373626709, 28.363297934739272
T70
0.19568991661071777, 51.701644266151334
6.348881483078003, 32.61520448862887
8.40025544166565, 30.35559199226676
14.553621768951416, 30.2694744930462
18.655768156051636, 28.533334558724377
22.757892370224, 28.054753575659937
T71
0.19696712493896484, 32.861928631782405
T72
0.19600486755371094, 40.94833485852186
10.45976734161377, 14.94691048681944
T73
0.19544625282287598, 33.22302898590421
T74
0.19563722610473633, 28.362550578630316
T75
0.19530582427978516, 36.18637020521449
T76
0.19594860076904297, 16.64383059978553
T77
0.19521832466125488, 33.835221992968364
T78
0.1953413486480713, 28.921213447336186
T79
0.22890543937683105, 24.27854442480934
T80
0.1953880786895752, 33.57638067131218
T81
0.19566869735717773, 36.180460753566834
T82
0.19562387466430664, 52.86036625733466
6.348720073699951, 50.02768958944549
10.450829029083252, 49.35932009125752
12.501946449279785, 49.086863221957735
16.60409927368164, 46.60146357955965
T83
0.1954669952392578, 29.43779532580591
T84
0.19577383995056152, 44.12157175631623
T85
0.1957104206085205, 26.378226386248343
T86
0.19566917419433594, 35.0739967788