T0
0.5062530040740967, 13.846120615064526
T1
0.5223383903503418, 15.869560353738821
8.726251125335693, 12.785530372879036
T2
0.343050479888916, 22.749667238292425
T3
0.1955103874206543, 36.53787360403558
T4
0.19560718536376953, 31.07697076134596
12.502050876617432, 29.62548954206896
16.60418677330017, 28.874079828701646
T5
0.4884974956512451, 37.707886642727914
6.6421215534210205, 33.290817967298395
8.693238735198975, 26.75338501652385
T6
0.19575119018554688, 33.03955317490661
T7
0.34005022048950195, 33.42053890132048
T8
0.19561386108398438, 41.208326429421206
T9
0.19529056549072266, 27.469587514153623
T10
0.19552278518676758, 23.017077734154267
T11
0.1956038475036621, 43.672646909970226
T12
0.19539427757263184, 34.33471769426386
T13
0.19588828086853027, 27.630692142332947
T14
0.1956024169921875, 30.33997467909995
T15
0.19605183601379395, 58.262280147477526
10.451534032821655, 51.5961735169559
14.553874731063843, 46.152045319995665
22.759160041809082, 40.49690125122213
24.810218572616577, 38.119891131529435
T16
0.19994091987609863, 23.7966247176847
T17
0.19548773765563965, 34.23092008057999
T18
0.1954803466796875, 35.269544564092094
T19
0.1956174373626709, 28.363297934739272
T20
0.19568991661071777, 51.701644266151334
6.348881483078003, 32.61520448862887
8.40025544166565, 30.35559199226676
14.553621768951416, 30.2694744930462
18.655768156051636, 28.533334558724377
22.757892370224, 28.054753575659937
T21
0.19696712493896484, 32.861928631782405
T22
0.19600486755371094, 40.94833485852186
10.45976734161377, 14.94691048681944
T23
0.19544625282287598, 33.22302898590421
T24
0.19563722610473633, 28.362550578630316
T25
0.19530582427978516, 36.18637020521449
T26
0.19594860076904297, 16.64383059978553
T27
0.19521832466125488, 33.835221992968364
T28
0.1953413486480713, 28.921213447336186
T29
0.22890543937683105, 24.27854442480934
T30
0.1953880786895752, 33.57638067131218
T31
0.19566869735717773, 36.180460753566834
T32
0.19562387466430664, 52.86036625733466
6.348720073699951, 50.02768958944549
10.450829029083252, 49.35932009125752
12.501946449279785, 49.086863221957735
16.60409927368164, 46.60146357955965
T33
0.1954669952392578, 29.43779532580591
T34
0.19577383995056152, 44.12157175631623
T35
0.1957104206085205, 26.378226386248343
T36
0.19566917419433594, 35.0739967788