T0
0.9328322410583496, 109.60871314195498
2.984262704849243, 70.29190865205825
5.035712957382202, 65.80311075108658
19.39665913581848, 58.63663064164068
27.602685928344727, 50.28080052621864
T1
0.776709794998169, 30.46240733591091
T2
0.4865694046020508, 71.66715214399183
2.5378081798553467, 50.834898759643295
16.896430015563965, 47.22646246427726
T3
0.19556307792663574, 49.89764927794823
4.297912836074829, 42.46062235423763
6.349267959594727, 40.24905034094175
12.505919456481934, 36.90836764850104
24.813451766967773, 34.08879897408874
T4
2.514890670776367, 50.95042096593392
12.770198583602905, 50.77307962572007
14.821751117706299, 44.233215554208634
16.873185396194458, 31.491608391757758
T5
2.272761106491089, 80.49511259360129
4.323848724365234, 32.967892031922936
T6
0.1953420639038086, 59.07072893430554
2.246734619140625, 41.20365024976945
T7
14.078880071640015, 126.75628303843015
18.181137084960938, 105.96732903500035
20.232378244400024, 95.777145972146
28.43860697746277, 73.5507229127788
T8
3.3826770782470703, 71.25486074874553
9.53573727607727, 67.18766229338469
11.58704137802124, 64.04027739634627
13.638370990753174, 55.15520511469727
15.689648628234863, 51.57716675349816
19.792083978652954, 51.179664375996246
T9
0.2913095951080322, 27.993829440752616
2.3423967361450195, 25.027793618168293
T10
0.19450759887695312, 42.66216210311297
18.653817176818848, 34.90772233630459
24.80707287788391, 29.972042597412646
T11
0.19487214088439941, 58.335768596288354
2.2461631298065186, 47.42601785104398
6.3489532470703125, 41.177561539597164
12.502595663070679, 41.0967089268202
16.60523557662964, 36.421447983436174
22.75996422767639, 34.46364905733627
30.964660167694092, 30.64010281101064
T12
0.19477391242980957, 46.87757736168705
2.245835304260254, 46.726451588458644
4.296992063522339, 43.960749175462354
14.552226781845093, 40.10955704809052
16.603458166122437, 32.473773229625166
18.65467619895935, 31.643490307745438
20.705989599227905, 26.221656090659927
T13
2.0316226482391357, 62.082775527701834
8.184821605682373, 59.515159419355555
16.3889799118042, 43.973478761631924
T14
0.1943516731262207, 54.21842932772143
8.398940563201904, 53.98500729079956
18.654738664627075, 49.28248125834163
T15
0.19443321228027344, 19.827794303875862
T16
0.19651389122009277, 26.18993317653834
T17
2.9512267112731934, 82.00567710627212
5.002429723739624, 69.17894519078249
7.053673267364502, 40.88998890071461
13.208783626556396, 29.40967712180076
T18
3.2400894165039062, 106.07788101935232
5.29121208190918, 85.63480581737862
7.342371940612793, 66.05254859552814
11.444798946380615, 62.197771285817794
13.496182203292847, 56.29116770473459
T19
0.195267915725708, 67.38706294586088
2.2466344833374023, 54.17382760847014
16.60589075088501, 54.12078687239188
24.811291933059692, 24.48871974729094
T20
0.19600844383239746, 58.66915026094584
2.247321128845215, 54.61039200186513
18.658912420272827, 47.16041032957049
22.762360334396362, 45.428626779243615
T21
0.19586730003356934, 45.907723985712316
4.298766136169434, 35.182236951531266
10.453140497207642, 34.6378201744008
12.504571914672852, 28.624467464839732
T22
0.19574880599975586, 31.94126022063811
T23
0.19572806358337402, 56.028508868018115
2.247023105621338, 46.84716200043439
12.503912210464478, 17.076157204862216
T24
0.19614219665527344, 26.428894164619408
2.2475295066833496, 21.457330473392766
T25
5.6898157596588135, 99.87506692621825
7.741018772125244, 67.72335328371616
24.153194427490234, 61.28802699693807
30.3076069355011, 56.33599021950695
T26
8.19570255279541, 48.085894667681686
T27
0.19559884071350098, 86.92824571261758
2.2477822303771973, 77.29833742323972
4.299096584320068, 66.03724470288068
6.35044264793396, 63.68092004227505
12.504127025604248, 59.65396687727235
14.555359363555908, 40.44872949237771
T28
6.593919515609741, 72.95635270133882
8.64518666267395, 71.80856176781415
10.696532726287842, 46.54604220199647
25.056636810302734, 41.950965843887346
29.159419298171997, 33.30388399804701