T0
5.049423694610596, 107.92947658644357
21.457372665405273, 87.41127147461772
44.018853425979614, 73.65157281695187
T1
0.7482719421386719, 68.47332109328335
T2
2.956895112991333, 160.5243401642054
7.0589916706085205, 159.75016790069895
9.110327959060669, 142.16345720445187
15.263668060302734, 126.08705279632414
17.314953327178955, 121.61542802168566
39.877644300460815, 110.49555760924505
50.13370609283447, 96.74695182205967
T3
4.305126905441284, 113.9372989867004
8.406993627548218, 86.81390023516258
22.76388645172119, 86.71455992041697
28.918073177337646, 81.51277520714014
51.479772090911865, 68.34281858015368
T4
1.212350606918335, 68.12060328559461
T5
3.6293816566467285, 101.22087688836095
22.088512897491455, 100.69696359687195
28.279311656951904, 94.85525027660246
38.53465962409973, 81.68764947646292
54.94351387023926, 66.76183843999017
T6
7.505475759506226, 118.13925900277161
9.556616067886353, 90.60727400083692
23.91431736946106, 61.74092218830698
32.11870765686035, 58.52043951560758
T7
7.784724473953247, 157.15531933484897
9.83558988571167, 136.65933164332677
11.886786937713623, 123.11993104672996
15.988799810409546, 110.55220327101328
20.090975522994995, 108.98889332596669
32.397446393966675, 99.16307949260327
46.754624366760254, 84.76464244125991
T8
2.565157890319824, 107.88072757086084
29.226555109024048, 106.1322118681557
31.27761173248291, 92.73622549357393
51.78801202774048, 92.07018998508036
T9
3.4365415573120117, 131.6770642011473
5.487454652786255, 116.24540539520676
11.640448570251465, 79.20991106891205
19.844209671020508, 70.85629656901355
T10
5.22101902961731, 117.70644112614791
7.271980285644531, 111.78663743748764
11.37384581565857, 79.76369171484114
46.24184322357178, 67.48043029004852
T11
3.8435792922973633, 165.2741210846613
5.894504070281982, 163.36736668935976
14.098109245300293, 122.19391853481017
18.202648639678955, 112.13784095702343
26.406683206558228, 106.96568298887485
32.55990815162659, 105.67770110819595
34.611138343811035, 95.61961596389025
40.7640917301178, 85.96265679702422
T12
8.039651155471802, 113.03841001635362
10.090683698654175, 103.25664995797561
24.448761463165283, 86.97953051015907
T13
2.9054551124572754, 96.34580796614398
11.109463691711426, 69.14935064241226
54.180246114730835, 68.78081314046831
T14
3.2914769649505615, 138.00233322598973
5.342377662658691, 125.694756818895
9.444377183914185, 75.09079877568422
38.15946340560913, 71.53256733212218
T15
2.8550546169281006, 85.65207920176174
6.9571733474731445, 63.72200100579799
T16
10.908631563186646, 69.96076067956687
12.959770679473877, 65.53110201043502
T17
6.8222432136535645, 156.05147970424403
8.87338900566101, 111.82546429252541
12.975332260131836, 59.44899887655463
T18
1.5026848316192627, 77.26803710796051
5.604735612869263, 76.66563539406383
13.850672245025635, 53.12251977873554
42.565041303634644, 45.49359995244492
T19
0.9236555099487305, 78.95273403501304
50.14796447753906, 37.649870037770576
T20
1.066939115524292, 82.4143353500419
50.39303779602051, 75.24377344194733
T21
3.2410824298858643, 144.02189842494337
5.292062044143677, 144.01082198507288
7.342924118041992, 100.47174555900051
11.445065021514893, 80.14079464119634
50.4159095287323, 75.2163478738638
56.568960428237915, 65.9694757140578
T22
0.9695653915405273, 103.20192896635426
5.071439266204834, 92.43751229729075
11.224654197692871, 90.9115133836997
56.34809422492981, 90.87581028224555
T23
4.890501022338867, 124.17684031044938
6.9414284229278564, 94.21366604853537
8.99246883392334, 90.34566426556191
31.553547143936157, 85.38793404950695
33.604541063308716, 83.0789030771711
43.859962701797485, 81.37411769042096
T24
4.001868963241577, 114.01026126618028
6.052689790725708, 102.4527362160865
36.818023920059204, 83.41598995895586
38.86897683143616, 76.64239107203383
45.02202367782593, 73.06539739550766
T25
0.8752827644348145, 52.92646538698561
T26
6.5396106243133545, 105.38252421543999
18.845107555389404, 57.53371933312096
51.662002086639404, 49.30303061210651
T27
3.9228477478027344, 140.79107811060302
5.973801612854004, 118.29957012477325
10.0755136013031, 102.39533995413844
40.91155505180359, 101.30945134393188
T28
7.4087677001953125, 126.35187120677539
9.459925651550293, 100.2653351111004
11.510975122451782, 90.40212963321525
23.817268133163452, 88.36524575043472
25.86837339401245, 35.87354924610754
T29
2.8584322929382324, 133.46102624232208
4.909321546554565, 63.756332106813105
9.01151442527771, 58.23591164148189