T0
4.2321555614471436, 92.68546016506178
20.641538619995117, 82.38649641706057
32.94890475273132, 80.63329748253034
T1
5.815999984741211, 125.36021481775568
7.8671534061431885, 113.19219730928003
11.969693899154663, 92.2599326393665
T2
4.370357990264893, 77.7538044569064
T3
2.0486814975738525, 114.63386719647201
4.0999650955200195, 49.46261058842888
T4
3.736528158187866, 64.97125155405814
T5
3.344046115875244, 159.9058074091182
5.395153284072876, 143.28691721428282
13.599959135055542, 111.68636807348778
15.65123438835144, 111.0252598335932
19.753852367401123, 95.18547918095571
T6
2.328160047531128, 147.50900827200093
4.379403829574585, 145.75863601402057
6.430398464202881, 145.15272099959085
10.532971382141113, 141.00990044917796
14.635362148284912, 132.11130032166156
18.737714529037476, 97.39149530749117
22.8401038646698, 78.26107978058549
T7
2.8175268173217773, 49.55183120207205
T8
2.6205317974090576, 109.98884294199107
21.081125259399414, 108.40588449422208
23.132476329803467, 104.79027353125844
25.18390393257141, 100.9351870551963
31.338186502456665, 92.27634163856749
33.38978910446167, 85.22745522926756
T9
5.821260690689087, 111.98080057006791
9.923674583435059, 55.85148766926499
T10
1.0694937705993652, 61.897316581457076
T11
5.355648994445801, 79.48665705427491
34.07322573661804, 70.21967544038877
T12
5.3854358196258545, 109.40180774858096
38.20623207092285, 105.64647335666075
40.257524728775024, 92.71516320103068
T13
6.695669412612915, 148.23395199685157
8.746948003768921, 134.5558286234362
25.15656852722168, 125.21836737071696
29.259112119674683, 82.41751593839327
T14
1.7972826957702637, 65.09035248384345
T15
1.408184289932251, 71.03745824266517
23.97191047668457, 67.91472824075245
T16
1.4550344944000244, 91.24283377933257
28.12069034576416, 88.98084752341808
40.439964056015015, 38.4143927034357
T17
1.8505280017852783, 83.91001792561151
T18
0.9739618301391602, 31.900535476862274
T19
4.125830173492432, 148.58132059917304
10.279200315475464, 85.74579110452709
20.535557746887207, 85.72238650950297
32.84399390220642, 67.23124263985372
T20
3.7195377349853516, 135.8264857111119
5.770737409591675, 127.627165040043
7.8220508098602295, 84.80783898955627
11.924506664276123, 83.73756135218245
13.975809574127197, 69.16365791511016
T21
8.209542274475098, 125.58353488469096
10.260730266571045, 72.13148814054348
T22
4.417660474777222, 113.63864447171558
6.468912839889526, 103.59688309126602
8.520213603973389, 71.4837721068875
35.186694860458374, 50.16555823291324
T23
3.9833481311798096, 99.16282846578325
6.034603118896484, 97.6147671318127
22.444830179214478, 96.75833527201381
30.65036153793335, 95.7376059842893
T24
2.486630439758301, 128.77653254900022
4.537842512130737, 82.77309440836753
6.589029788970947, 80.36704694035564
29.15352773666382, 77.84701632780559
T25
5.669065713882446, 54.557811380864415
T26
2.6735637187957764, 166.87898419642735
6.776155948638916, 162.33528036932876
8.827511072158813, 100.28449032389695
10.878891229629517, 100.07936782937391
21.135454893112183, 91.0748191811283
25.238295078277588, 77.30789531941231
27.289771795272827, 77.00722775731857
T27
6.6538355350494385, 141.52450075358203
10.756150484085083, 42.81958894585506
T28
1.7005200386047363, 93.92709264720655
30.417936086654663, 87.61898294291453
36.57257962226868, 74.00681815655913
T29
2.574535608291626, 142.49104009770258
4.625737428665161, 88.02427424922513
6.677096366882324, 59.34549015046672
T30
2.09165096282959, 108.48595296588185
6.194151163101196, 98.02118250831217
18.501117944717407, 93.79226372774727
39.01499676704407, 72.89848487231828
T31
3.602733612060547, 170.7049853266021
5.653975486755371, 90.56213125832804
15.910383462905884, 22.0537547749729
T32
3.6487817764282227, 155.1889658008144
9.802210807800293, 98.66257336892467
14.033385038375854, 87.03667671636524
38.649306535720825, 71.6239044294966
T33
5.932087182998657, 94.75687767283911
10.034629344940186, 76.10151981174084
32.599737882614136, 25.99663556752652
T34
0.7805886268615723, 55.43130093758317
6.934079885482788, 55.07365765621584
T35
5.010704517364502, 154.43527889141353
7.061977386474609, 98.65917360334798
9.113242149353027, 77.25955001650146
T36
9.958483457565308, 159.09914496213747
14.060861110687256, 156.03643538019
24.316562175750732, 111.32468008894594
34.57346320152283, 93.07857525432881
T37
4.0898754596710205, 113.08114552010579
10.24379563331604, 98.35594563021397
12.295109033584595, 74.92226099947797
T38
5.318016052246094, 177.88329202260275
7.3691840171813965, 126.3945303237998
9.420390129089355, 113.71626482204022
11.471592426300049, 96.45736670326855
27.882590532302856, 92.10971718416172
40.191242694854736, 64.47906290282728
T39
1.1065425872802734, 56.92895059223143
T40
4.9101245403289795, 95.24229935673254
6.961212396621704, 89.62943951903075
T41
6.115508794784546, 165.4428558646515
8.166732549667358, 144.36635206277964
10.217921733856201, 137.5776994946159
12.269185781478882, 54.55584582586274
T42
6.359875917434692, 137.4780608628206
10.462382078170776, 105.2698200718263
20.71881341934204, 86.05739008286098
30.975353002548218, 75.04183783029431
T43
2.7681422233581543, 56.022288545487115
T44
2.381887197494507, 106.77364215534122
4.433218002319336, 105.15095098108607
8.535798788070679, 79.8349123438864
16.74089217185974, 74.8705374064146
T45
4.7994935512542725, 122.12773280015173
6.850665092468262, 115.47118979981613
17.107007026672363, 110.81136093731207
19.158370971679688, 106.33760461122074
21.209997415542603, 76.7265438757213
27.364068269729614, 74.23403485831302
T46
1.7441046237945557, 82.66608819705836
18.194650411605835, 45.51558238426212
T47
5.236973524093628, 111.02545630143511
7.2881529331207275, 98.56326397347023
29.851093530654907, 93.14932459464542
T48
3.066983461380005, 77.59651810820965
T49
1.802217721939087, 117.0323662431095
3.8534927368164062, 94.43509987660278
7.955944061279297, 85.61387835858557
18.212299823760986, 83.63353386497256
40.777801513671875, 65.979533658562
T50
3.31176495552063, 124.34068692698489
9.464269399642944, 76.28716183985675
T51
3.1560840606689453, 161.36497933444082
9.309545278549194, 114.9885157673248
11.360831499099731, 96.46381603392467
31.874410390853882, 64.72636478493726
T52
2.3761887550354004, 154.736598714715
6.478474140167236, 116.86853608557001
12.63187050819397, 106.48561014506309
14.683098316192627, 94.07659086287721
18.78575849533081, 93.93761048254945
24.939228534698486, 86.35318576245496
T53
6.156033039093018, 109.305589125624
12.30974555015564, 81.10593699606392
T54
4.024821996688843, 107.00688394017268
8.127246618270874, 102.1019252577792
30.692522764205933, 79.70275552829608
41.0500328540802, 26.94838946492287
T55
3.269418239593506, 54.45641671320141
T56
8.471035718917847, 112.75493546059258
16.6755952835083, 99.510206940835
18.726723670959473, 96.21902673501847
31.0341374874115, 93.98687613144963
39.239731788635254, 67.47649026627758
T57
11.022302150726318, 162.37785024174946
13.073490381240845, 141.97374364726807
17.175731420516968, 98.38549385436926
37.688573360443115, 95.92432419258999
39.74006986618042, 78.3251547521546
T58
4.952131748199463, 43.683472624246505
T59
4.228100538253784, 83.07740488902351
41.15123224258423, 72.43473088053899
T60
2.47097110748291, 98.60563086923725
8.624739408493042, 89.73975698112271
22.98390507698059, 81.74572164478124
27.086629629135132, 19.12972005896632
T61
3.8178255558013916, 106.77990478033192
16.12479877471924, 88.4561343567564
22.2784903049469, 70.02816466579526
T62
4.893626689910889, 96.97558188913241
6.944784879684448, 63.06825339797067
T63
9.398267269134521, 162.89161906922965
11.449417114257812, 139.74294025903595
13.644344091415405, 132.25643117473044
15.6955726146698, 114.32809363739229
17.746800661087036, 92.25091849763051
T64
10.22602105140686, 115.23998060947963
12.277239561080933, 98.43753999576126
14.328480958938599, 80.56113968674461
20.4824800491333, 67.13093680684321
T65
6.56831955909729, 73.9137617728765
T66
1.8923866748809814, 109.88116118759814
3.943610191345215, 85.79674244947816
20.352844715118408, 70.66346548538706
T67
2.9076178073883057, 69.38910160999527
23.683322429656982, 64.79470040080923
T68
2.906538724899292, 137.4339147897264
4.957719326019287, 96.03028442101738
7.008981227874756, 93.43111733430722
29.57365655899048, 29.481225458502244
T69
2.5059375762939453, 103.73468317977533
4.5571184158325195, 65.8217310923319
T70
2.4728591442108154, 77.79975860793311
8.6260826587677, 71.80729436302151
10.677382707595825, 68.3955441629261
27.08791446685791, 65.39930743273169
T71
8.353625297546387, 149.09099359122095
20.66066074371338, 94.7999523064745
35.02003788948059, 83.12205162613519
T72
5.4582929611206055, 146.0279739080799
9.560492038726807, 117.21954746403006
11.611828565597534, 116.06751346026927
15.714475870132446, 73.8906759890695
30.073829174041748, 33.44375115169209
T73
2.3807902336120605, 103.79039741937669
10.613266944885254, 78.39557837103251
31.126308917999268, 78.25953849473599
T74
5.681642770767212, 121.71780397705183
7.732895851135254, 118.28732870144542
9.784202814102173, 100.32328545375836
20.041040182113647, 77.26049535428166
38.50370931625366, 55.90667742098894
T75
7.238694667816162, 62.525159933336425
T76
0.7314019203186035, 100.06345695896582
2.7826361656188965, 83.45734689049463
8.936217784881592, 51.25530511272699
19.247001886367798, 45.620426623153904
T77
1.9912409782409668, 103.4882972726677
26.605788946151733, 94.12566507775004
T78
9.951432228088379, 117.4367645319443
12.002656936645508, 108.36690580572568
16.104997158050537, 99.44350722521031
18.156363487243652, 89.94543978595794
20.298408031463623, 87.91192298468181
26.452324390411377, 77.20625608796075
T79
3.5194947719573975, 153.1507865395828
5.570574998855591, 144.09976607428388
9.672816753387451, 132.0284292433117
11.724262952804565, 117.13409016928107
13.775468111038208, 102.48142692108996
21.980432748794556, 91.38634740007709
26.08303451538086, 90.98140897568108