T0
3.1595895290374756, 124.82390166645928
3.450502872467041, 111.06534081059363
3.4991650581359863, 76.6801191370323
3.596341609954834, 70.72647764220164
3.7912819385528564, 47.82545835815108
4.715078592300415, 45.560164450260345
5.249526739120483, 44.07653170765843
6.7539589405059814, 38.17239737660566
T1
4.29728627204895, 109.65605728081573
4.442840099334717, 85.20533162193169
4.637497663497925, 76.8811476478877
4.734888553619385, 68.58622778292192
6.77591609954834, 66.04422608766617
7.164382219314575, 50.268240022800455
T2
2.441265821456909, 74.76442970128846
2.490049362182617, 43.04920188889082
12.46941328048706, 40.48161528543278
13.149622917175293, 37.956577021221165
14.121478796005249, 30.261514228885062
T3
11.141600608825684, 130.71500260211178
11.870694875717163, 73.66431222111714
13.52513074874878, 60.43676261174551
13.768210887908936, 48.27392746086116
16.005943298339844, 44.90333405229467
T4
0.6335868835449219, 43.208711058003246
T5
1.8940889835357666, 115.57927315426059
1.9912049770355225, 102.26725236041239
2.0397346019744873, 98.16270467609866
2.137056350708008, 88.86115166696982
2.1857383251190186, 68.20782928931294
2.234379291534424, 53.85003334010253
3.2556071281433105, 49.23682501305302
3.498546600341797, 38.494833984390425
T6
7.364250421524048, 103.14731265021692
7.655758619308472, 64.45611322707555
8.240232229232788, 59.91183877813455
8.774818897247314, 55.87944316527137
9.26166844367981, 41.940588325109275
10.281895875930786, 40.41145322124066
10.379068613052368, 36.415009565709624
T7
2.32779860496521, 99.03623637699638
2.5227086544036865, 61.860139804186474
2.912108898162842, 60.4069603709213
4.030672311782837, 58.97351444273954
4.565110445022583, 58.115641240845434
5.002506971359253, 49.79214855989267
T8
7.086839199066162, 112.10192029441532
7.5237696170806885, 95.4566185036092
8.106642961502075, 91.667419182093
8.155328512191772, 62.48272993703722
9.177280902862549, 52.85393515499163
T9
3.5897741317749023, 82.93979366023996
3.7355475425720215, 61.623555036123435
4.221450090408325, 55.56038374520722
4.902880668640137, 53.98275956634461
5.097616910934448, 44.54405897315155
5.340465545654297, 42.80316960433265
7.5262744426727295, 39.6610906386486
10.157430648803711, 29.291566782536393
10.449304580688477, 28.766598974143562
10.64359736442566, 24.122581541654654
T10
9.252166271209717, 101.45231964857521
10.323904991149902, 78.5361701587608
10.421685457229614, 62.52972614902683
12.613304138183594, 60.21298439402017
12.710392951965332, 55.83814049083594
12.953776597976685, 54.493256441826816
13.002718925476074, 49.91010305345844
13.587042808532715, 44.63087505716976
T11
9.54957914352417, 130.3932481316806
9.938039541244507, 66.15417380510189
10.86216950416565, 64.57404877010413
12.321912288665771, 62.591086755957804
12.808856964111328, 61.93496472542756
13.149492740631104, 58.85730958366912
13.198143243789673, 58.63923076735955
13.246787309646606, 57.56909425793128
13.392654657363892, 49.87263942774007
14.170956373214722, 42.49162119625544
T12
3.784572124481201, 118.66368688506918
3.9788026809692383, 107.22237364708417
4.02748441696167, 77.95631212364242
4.270473003387451, 63.55572996637784
4.70833158493042, 53.35609269198903
5.098559856414795, 52.60917454089213
7.43340539932251, 17.055823590868386
T13
3.6881768703460693, 129.65736197226943
4.174281597137451, 129.44779276819463
4.271636962890625, 82.57764563070668
4.466405630111694, 75.2061132542949
7.095391750335693, 70.83726472729904
7.289858102798462, 61.78805960173486
7.922864198684692, 49.24447640533617
8.408784627914429, 43.3642235185398
8.45736575126648, 40.95478776158416
8.797430038452148, 38.686312710480706
16.397335290908813, 25.737721778881678
T14
8.045162439346313, 91.96679482340551
8.336401224136353, 83.82071088818338
8.531119108200073, 74.61620317122288
8.628294706344604, 48.52615333489666
9.949451208114624, 45.948363109222555
11.84475588798523, 44.19621750093938
11.941864252090454, 40.208098870272806
T15
10.283070087432861, 124.5195022766784
10.526309967041016, 65.9457215302391
11.111584424972534, 63.59704745133058
11.354445219039917, 62.197917716839584
11.791855573654175, 57.30376351001905
12.180133819580078, 53.338004145247396
12.325669527053833, 43.91652521229844
13.541491031646729, 40.38616512981389
13.784218788146973, 36.42794240255171
14.416332721710205, 35.200661376271455
14.999386310577393, 34.17811543318385
T16
2.1354942321777344, 93.47320118912467
2.184295654296875, 82.93172761497408
2.3791894912719727, 80.41420293023839
2.4280481338500977, 70.55279584406526
5.43981146812439, 69.79053062812454
7.383535861968994, 64.75864916572027
8.5499267578125, 58.611110658843245
8.696125507354736, 58.23786250719422
17.465717315673828, 57.5181049408784
T17
12.080708980560303, 140.50695266035473
12.51763391494751, 96.56734910773957
12.712597846984863, 89.0206908274995
13.053556203842163, 68.09754355328187
13.199435949325562, 68.08386057142343
15.291835308074951, 61.027926468566875
15.535144805908203, 54.03477689612919
16.07011079788208, 49.97536448788014
16.410560846328735, 48.88383063295623
17.48005962371826, 46.28817702138622
17.675014972686768, 45.21929667634686
T18
5.15500545501709, 87.93085018928105
5.543598890304565, 78.5931230846254
5.68910551071167, 74.40584199707519
5.786240816116333, 68.11324767820042
6.320346355438232, 66.88418320623168
6.660537242889404, 60.68294043630158
9.430330991744995, 60.297784999180294
9.77032208442688, 53.1965398367538
9.818989753723145, 53.09898497885297
9.867553472518921, 51.35398315277416
12.346168279647827, 49.332508648549265
12.588792324066162, 41.605073450671625
12.832004308700562, 34.12643405054405
15.259668350219727, 29.81207803614234
T19
0.437178373336792, 42.92478688740812
0.631760835647583, 35.336905244250374
12.663540124893188, 33.10970084879955
18.150370597839355, 31.911921289480233
T20
8.017850160598755, 74.10103017281654
8.600832223892212, 65.3885600494541
8.796156406402588, 63.81418309507717
8.844755172729492, 54.90237118407822
8.941847085952759, 54.45945522457623
9.038978099822998, 49.85230495362339
T21
2.6181564331054688, 75.85699754725647
2.8124310970306396, 65.45896941333194
2.861232042312622, 46.64923433147487
3.0554895401000977, 41.631747292027285
3.7846760749816895, 41.17018548919441
4.221864700317383, 39.750304811037495
12.528422832489014, 37.818883617910615
T22
3.347201347351074, 65.25278121577139
3.881073474884033, 58.35238357869821
4.221280813217163, 47.94422611463233
4.8050971031188965, 32.69010553242697
T23
11.759249210357666, 115.1689522213419
12.87658405303955, 99.64018954707717
13.168355703353882, 98.41594218719547
13.411422491073608, 97.49077627572842
13.557500123977661, 74.79573593864188
13.752419710159302, 70.78625195271889
13.801079511642456, 66.83257608405984
15.406933784484863, 64.37130722800066
15.844726800918579, 57.517455186920415
17.215757131576538, 55.244730104917835
17.41034698486328, 54.11410577539209
17.507810592651367, 50.9363949149556
17.89614248275757, 44.935745249567844
T24
1.8434607982635498, 95.85136870770657
1.9409615993499756, 91.71284887455113
2.0383687019348145, 87.47171593476378
2.1841976642608643, 83.13227379345335
2.4771487712860107, 68.85246109995205
2.574359178543091, 67.96106536922889
2.8174257278442383, 55.333512736418925
T25
3.0077338218688965, 92.40203841169568
3.4940972328186035, 89.40117320376157
3.6886072158813477, 85.50505965054617
3.931603193283081, 80.47700398589222
4.542246103286743, 60.366390830844466
4.639807939529419, 57.18136551423231
4.882709980010986, 52.70582879042195
4.980010509490967, 41.63542073692224
T26
3.7799975872039795, 92.59590287327592
3.97405743598938, 83.54213806819462
4.071186542510986, 78.32309158865974
4.265697479248047, 77.01328661965817
4.460189580917358, 70.62257162528113
4.94620943069458, 67.7598223771347
5.286459922790527, 59.64992341818288
5.821549415588379, 56.087034398748074
T27
6.862003803253174, 112.59692879871
7.104709148406982, 49.74949870183627
8.709227085113525, 48.71901845360844
8.806504487991333, 34.15610505036602
T28
9.74269151687622, 132.80514797189244
10.326005697250366, 131.82005874842434
10.42337942123413, 88.95661310783908
10.520631551742554, 72.54228159958438
10.811958312988281, 66.83074803229829
12.27019476890564, 59.9101091735356
12.416465520858765, 51.05870157892059
12.75737452507019, 47.33920604911691
14.800049066543579, 46.37245683008223
16.404789447784424, 44.43709035392385
18.92340111732483, 39.43710400099371
19.166151762008667, 27.72948453193385
19.31192660331726, 26.023259834102646
T29
5.76872444152832, 126.59589277456689
6.108497381210327, 124.13589083582337
6.205746650695801, 121.75869395396876
6.254648208618164, 119.2180447982173
6.303252220153809, 114.33361385241005
6.400630950927734, 114.08521652952913
6.449398040771484, 112.70282857027632
6.498119354248047, 86.5880224627108
6.789529800415039, 86.44337099597033
6.838101863861084, 56.405914095077605
8.103504419326782, 55.5018971113459
8.638986587524414, 54.080422974839166
8.83363389968872, 46.787958933680784
9.85528564453125, 46.546180110031855
10.156399726867676, 45.21221720518224
11.614798545837402, 44.654877740824304
18.175670385360718, 42.524794928547635
T30
1.6030559539794922, 119.02431693016115
1.6517231464385986, 95.73576400924503
1.8468687534332275, 91.43069004578865
1.8954849243164062, 70.37717365885328
1.9928414821624756, 56.298814146874065
2.9163269996643066, 53.9164407776625
3.0140738487243652, 50.65018986277573
5.7598724365234375, 49.28430439370277
6.633951187133789, 48.89901761046349
7.071137428283691, 29.498784537921892
T31
0.8777642250061035, 69.73788174112269
0.9263687133789062, 59.31675881137926
1.023655891418457, 59.193244935675466
1.120875597000122, 53.425472526592785
1.218165397644043, 49.24971754618309
2.5311458110809326, 42.60585221132351
T32
0.8277764320373535, 100.57673132368654
0.9255995750427246, 77.81590181580395
1.1693766117095947, 73.79520367019722
1.5097477436065674, 71.5691336708187
1.5583653450012207, 64.53521135979827
1.947896957397461, 59.05934248606354
3.6037681102752686, 55.09666229315917
5.015530109405518, 53.734886543978064
T33
7.948190212249756, 123.80118349463737
8.385239124298096, 98.04013697453775
8.531203746795654, 94.38361289134627
8.628472805023193, 82.59541937716858
10.233325958251953, 81.18033363827999
10.428003311157227, 79.29897472709854
10.573940515518188, 74.61786445249163
11.44903016090393, 67.03999808042863
11.643611669540405, 63.79432976341195
12.178966283798218, 63.32821622404299
16.311028003692627, 34.87866041906091
T34
1.457015037536621, 53.94999565823673
1.5055627822875977, 47.26550735575438
3.062148094177246, 37.0900223958015
T35
2.5701491832733154, 119.37398001231486
2.667328119277954, 106.4511209818811
2.7647197246551514, 61.87403420211194
2.9111170768737793, 60.42135327462165
4.854416131973267, 55.55926814581471
4.951611042022705, 54.84651704663702
10.334304332733154, 42.54943179694965
10.821887969970703, 42.33572200744675
11.259321928024292, 41.67726818795927
15.539431810379028, 40.691444743708416
T36
3.5875566005706787, 114.73444835183909
3.8790793418884277, 75.03196634493361
4.122806549072266, 60.319515437477094
4.220407247543335, 58.0833526196875
4.511854887008667, 45.50211486266198
5.6779944896698, 42.61606082951039
T37
5.4305384159088135, 72.6795364468926
5.579342365264893, 65.128739359272
5.725355386734009, 38.861769392038696
T38
6.188636302947998, 92.92696724268899
6.529047966003418, 86.36061161537509
6.966206073760986, 82.50727176896908
7.1607019901275635, 78.51633863606548
7.20952033996582, 74.66299878966674
7.7933526039123535, 72.25147006689076
8.961239576339722, 69.31964239513763
9.204264879226685, 64.05062309837376
9.447906970977783, 62.25804983712442
9.788802146911621, 59.63155920279678
10.129311323165894, 59.62013330274203
11.73419713973999, 57.058676109496446
15.872591733932495, 55.84724762609403
T39
1.458275556564331, 128.9374410767923
1.5553805828094482, 117.7073682422124
1.6041805744171143, 102.3467738030231
1.701460599899292, 66.83586979916436
2.9168944358825684, 58.99664968244906
3.598026752471924, 50.13207885394513