T0
3.1584765911102295, 3956.414470007905
3.207078218460083, 3923.4430964735257
3.546590805053711, 3763.440722237823
3.5950098037719727, 3721.4250629566523
3.6440024375915527, 3646.2269152601057
3.6924848556518555, 3483.426328432497
3.8379926681518555, 3434.9510556530367
3.9832372665405273, 3322.7286519937406
4.031716346740723, 3240.6805572440244
4.177032947540283, 3227.686025524932
4.370915412902832, 3168.653445660273
4.467815399169922, 3144.5843120039044
4.661663770675659, 3122.5853637835717
4.80690336227417, 3039.483650262544
4.952073097229004, 2994.0952798747876
5.0489280223846436, 2982.56897694916
5.29104208946228, 2965.6720847366705
5.339515924453735, 2954.145781811041
5.387997627258301, 2938.865038738497
5.727426528930664, 2931.0647636493086
5.7759010791778564, 2911.865012859809
5.921594142913818, 2900.4609858207295
6.01854395866394, 2875.042937381102
6.260700702667236, 2868.8235151829194
6.30917501449585, 2863.9461267288607
6.35758113861084, 2852.782490074387
6.454400062561035, 2846.5630678762027
6.502832412719727, 2841.6856794221458
6.551427125930786, 2822.5967183903085
7.08458399772644, 2814.953843932901
7.230016708374023, 2809.9891162540116
7.37527060508728, 2780.0996408811243
7.4237895011901855, 2729.2398313392514
7.957410573959351, 2720.980087053784
8.781481742858887, 2719.668688387208
T1
2.085259437561035, 4110.807229696144
2.2797129154205322, 3609.4444026121673
2.328321933746338, 3525.3103577272577
2.425302267074585, 3298.835780086354
2.6194167137145996, 3298.151277004923
2.7163822650909424, 3263.1122343364077
2.764890432357788, 3202.4945187076737
2.8133671283721924, 3197.9251831224083
2.8618807792663574, 3124.38598289093
2.9588024616241455, 3028.0447215122476
3.007233142852783, 2990.63747403257
3.104264497756958, 2982.96031390777
3.201505422592163, 2966.860441885532
3.2500321865081787, 2963.5605628121957
3.4438159465789795, 2892.120635242525
4.607600688934326, 2891.9897918100796
4.656083583831787, 2845.8112566637683
5.625723838806152, 2820.4251882292647
6.597087860107422, 2817.339461728625
6.936610221862793, 2762.07926671331
6.9851179122924805, 2756.254530678547
7.082046985626221, 2723.1961536721974
7.13051176071167, 2717.039456372615
T2
2.0976221561431885, 4020.170739372461
2.3400802612304688, 3842.125047288815
2.3886525630950928, 3675.0907401586155
2.485642433166504, 3619.479543546273
2.53436017036438, 3562.8877819430254
2.5828917026519775, 3492.216926257697
2.6798300743103027, 3433.2428121847843
2.7768445014953613, 3391.8794841693816
2.825369358062744, 3389.384412903177
2.8738818168640137, 3311.876091590191
2.9223673343658447, 3277.2435628038857
3.0192549228668213, 3249.9161504243584
3.164777994155884, 3188.940121269148
3.3103017807006836, 3188.0155638713077
3.358827829360962, 3112.979749241742
3.407371759414673, 3104.393519322919
3.4558985233306885, 3092.824328802504
3.5529568195343018, 3045.6735880789256
3.6498849391937256, 2956.289387132798
3.9892234802246094, 2925.776851141196
4.113978147506714, 2907.3663966789736
4.162525177001953, 2887.0302874667577
4.211043357849121, 2884.621423368526
4.3079822063446045, 2875.854441574156
4.356505632400513, 2870.0541191785105
4.453486442565918, 2864.4988125985565
4.599014520645142, 2832.3746451423012
4.647572994232178, 2826.819338562349
4.8414905071258545, 2813.276513681545
4.987077236175537, 2803.7333220410364
5.035594701766968, 2772.53325556008
5.084122896194458, 2751.0899346658207
5.278269529342651, 2747.9934581084926
T3
2.564924955368042, 3455.8170113995784
2.904210329055786, 3369.526053131056
2.9526689052581787, 3350.061695696364
3.049699068069458, 3291.817918556111
3.1950554847717285, 3276.0321423211026
3.291959285736084, 3257.7607388967663
3.3404781818389893, 3208.2470559988706
3.3890321254730225, 3159.2080877868084
3.437533378601074, 3108.0477421459254
3.582801103591919, 3090.9908433253204
3.631277322769165, 3087.3237973789182
3.6797568798065186, 3070.1111036476286
3.728398323059082, 2984.9301701954755
3.7769668102264404, 2932.007391767036
3.8255016803741455, 2902.1725700000698
3.922341823577881, 2860.01864128737
4.019267320632935, 2759.4668895680406
4.164525270462036, 2743.858463553908
4.213014125823975, 2740.578673705133
4.261462926864624, 2679.2324612494667
4.60045599937439, 2677.6943630037604
4.648973703384399, 2666.628745374137
4.6974968910217285, 2665.0906471284306
4.745961904525757, 2634.519165521444
4.794410228729248, 2631.6933823344007
4.939893960952759, 2595.281448229767
5.036886215209961, 2586.9223629279713
5.424709320068359, 2577.0785479863807
6.6374711990356445, 2558.490644317084
6.783019304275513, 2556.473090626936
6.831468820571899, 2542.883395576584
7.80109429359436, 2528.711770493348
18.793538093566895, 2509.376966923566
18.938916444778442, 2489.137489528901
T4
2.5701797008514404, 3600.531204919842
2.8613107204437256, 3469.6710754529868
2.909940481185913, 3261.934041993605
3.249861240386963, 3251.8089124683756
3.2984564304351807, 3181.6985991232214
3.395388126373291, 3167.175650796742
3.4923651218414307, 3147.102783723034
3.6380984783172607, 3140.5154278954215
3.6866137981414795, 3115.395454743377
3.7350997924804688, 3076.087006031452
3.8805484771728516, 3056.014138957744
3.9776926040649414, 3044.1372240483397
4.026282072067261, 3020.3005918444615
4.220526933670044, 2992.209684548885
4.317568302154541, 2929.006780309752
4.511605262756348, 2901.602926808875
6.112934827804565, 2890.455629060487
6.210017681121826, 2876.9716221633753
7.908802032470703, 2870.955148559671
9.4130380153656, 2835.9272094391017
T5
2.0597875118255615, 4293.770846626532
2.2054531574249268, 3873.261529587964
2.2540218830108643, 3700.000904060471
2.3511054515838623, 3695.6479694681693
2.39967942237854, 3570.850975741192
2.4968137741088867, 3507.6109950558675
2.6908507347106934, 3291.483947006882
2.739358901977539, 3229.6253340542335
2.7878835201263428, 3219.189542424685
2.8363256454467773, 3194.4614134086405
2.8847968578338623, 3187.808522678686
2.9818129539489746, 3141.9320506434797
3.0303425788879395, 3141.241166624415
3.07885479927063, 3088.7118038592525
3.1273787021636963, 3081.1533830373046
3.2244269847869873, 3024.322203544354
3.3698816299438477, 3002.798897686689
3.4184141159057617, 2984.850414984965
3.4668569564819336, 2953.2414121045404
3.5152838230133057, 2950.877587269939
3.6121528148651123, 2939.576336422975
3.6606483459472656, 2932.117887073189
3.709113597869873, 2917.3950624766894
3.902982473373413, 2883.097828940743
4.533970832824707, 2878.8511591477345
5.4560229778289795, 2865.1916187296574
5.553035020828247, 2834.829887106487
5.940764427185059, 2821.649385692448
6.2803730964660645, 2812.691887946652
6.474486589431763, 2765.8265019125574
6.522980213165283, 2737.479840172833
6.571489095687866, 2727.0386680594
7.882065296173096, 2699.544174864979
8.756428241729736, 2691.0425751614403
8.90193223953247, 2666.299316282393
8.950520515441895, 2665.4901169243312
10.653929710388184, 2650.7120676041523
11.334919214248657, 2646.422547256696
11.431853294372559, 2633.504785514904
12.93745493888855, 2632.670071614155
16.94388508796692, 2614.638120946296
16.99243664741516, 2589.6946471566553
25.2849440574646, 2586.5171963419616
T6
1.9422061443328857, 3600.222717996374
2.0877795219421387, 3566.3260494746173
2.1363863945007324, 3461.8961957481188
2.1851024627685547, 3403.0737052685236
2.2821850776672363, 3252.3873509238947
2.475973129272461, 3176.2023464113827
2.5244760513305664, 3107.8408009202794
2.572968006134033, 3022.1050969190746
2.76735782623291, 2970.6477586374785
2.8158740997314453, 2961.4490808370338
2.9613115787506104, 2952.327380715413
3.0098090171813965, 2949.5831447417404
3.058309555053711, 2910.879042152508
3.1068215370178223, 2892.025830566079
3.155369997024536, 2876.6158650302023
3.203948497772217, 2874.559284921408
3.252495288848877, 2848.052313681157
3.3009836673736572, 2833.071537334692
3.446582317352295, 2825.795949919524
3.73774790763855, 2792.3628640526094
4.077774286270142, 2754.510620307283
4.271732807159424, 2721.07753444037
4.610997676849365, 2707.412274337088
4.95013165473938, 2669.6562030514433
5.14400839805603, 2665.260830052861
5.483549118041992, 2651.315858631202
8.346997499465942, 2630.180474029332
8.541075944900513, 2603.947810064834
8.638058185577393, 2581.9471689981783
T7
2.4685263633728027, 4032.108927912206
2.517057418823242, 4001.0340385649906
2.6625242233276367, 3944.038881725439
2.711219072341919, 3648.8098455874824
2.9053053855895996, 3648.6246616600783
2.9538309574127197, 3583.563375605907
3.0507524013519287, 3511.19239701707
3.0992329120635986, 3432.326820309061
3.2934372425079346, 3210.770239865964
3.3903141021728516, 3189.5287714440874
3.4387497901916504, 3115.2347897083528
3.4872686862945557, 3106.5645023188154
3.5357513427734375, 3103.368358969303
3.5842134952545166, 3065.5208151725637
3.632671594619751, 3037.950256865148
3.6811859607696533, 3035.714220705435
3.7296247482299805, 2998.8734508215603
3.7781283855438232, 2996.6374146618455
3.8265504837036133, 2976.5282185141696
3.923506736755371, 2968.663466472857
3.9719414710998535, 2941.070945105279
4.069032430648804, 2905.850638967713
4.214464902877808, 2889.585643369912
4.2629523277282715, 2879.845169244376
4.31147313117981, 2850.824544628542
4.359872817993164, 2837.684931565178
4.505436897277832, 2786.5682427464417
4.748049974441528, 2762.4122157073907
4.893624305725098, 2758.262562130867
4.942178964614868, 2725.5346752969053
5.136245012283325, 2722.970402487146
5.281890869140625, 2714.9649119327987
6.252671957015991, 2707.896557641816
7.609739542007446, 2698.4853554646415
10.327593564987183, 2694.208722711759
T8
2.2284364700317383, 3620.420399044606
2.3740451335906982, 3467.104861647318
2.5194501876831055, 3392.078291861437
2.5679593086242676, 3259.5051459582537
2.907773494720459, 3131.719150559693
3.053374767303467, 3084.3457345445386
3.1018435955047607, 2954.3591984939085
3.150343179702759, 2936.999745984278
3.344325304031372, 2936.0870224753526
3.5382792949676514, 2935.9998838317606
3.58674955368042, 2913.6655091806515
3.635237693786621, 2892.7695066626693
3.7321760654449463, 2855.2553542619135
3.7806265354156494, 2847.0924115416437
3.8291518688201904, 2809.5782591408897
3.9260265827178955, 2789.46744973165
3.9744696617126465, 2777.798325541713
8.194295167922974, 2776.3561365060596
8.291295289993286, 2759.85321970348
T9
1.8906092643737793, 3780.6691674353824
1.9878857135772705, 3775.84869160603
2.0365793704986572, 3728.1503380721915
2.085127592086792, 3620.7233662314757
2.133629083633423, 3557.826445218345
2.1821470260620117, 3554.0185538165897
2.230642318725586, 3485.420847012596
2.2791292667388916, 3444.297429607339
2.327606678009033, 3322.813775954546
2.3760883808135986, 3277.22183692625
2.424612522125244, 3185.5861166623727
2.569939374923706, 3099.2983346871224
2.6184232234954834, 3076.6443815726743
2.666947603225708, 2950.991529047111
2.763868570327759, 2905.8998523918326
2.812333345413208, 2889.9305200183717
2.909207344055176, 2850.6147732484387
2.957686424255371, 2792.11619510966
3.0061774253845215, 2768.7643652628067
3.054633140563965, 2767.9928900355717
3.1031205654144287, 2756.465419130882
3.248964309692383, 2748.1042121188093
3.6859447956085205, 2734.4889014210003
3.7829654216766357, 2699.980797539596
5.530119180679321, 2683.571170490797
T10
2.132997512817383, 3667.330300501524
2.3272290229797363, 3634.361857260792
2.3757481575012207, 3514.0427252013214
2.424246311187744, 3344.5347647667477
2.4727680683135986, 3290.0594874283543
2.521345615386963, 3254.3930059217237
2.618373155593872, 3151.5282389986933
2.6668379306793213, 3031.139371788302
2.8123021125793457, 2999.454457814634
3.055028200149536, 2922.338113409549
3.1036224365234375, 2871.5562956294307
3.1522929668426514, 2832.7271419167355
3.200839042663574, 2785.98257155616
3.394803524017334, 2785.093057932767
3.4434897899627686, 2775.54204129593
3.5405001640319824, 2749.370430477904
3.5889599323272705, 2742.5277269101225
3.7344372272491455, 2723.5155885253807
3.7829344272613525, 2701.0964083787385
4.316909313201904, 2679.7006737116026
4.4623801708221436, 2629.35350310017
4.559637784957886, 2616.1924757515844
T11
1.5505702495574951, 3730.2761288101465
1.599048137664795, 3697.9186828940183
1.6475417613983154, 3604.5504326079936
1.7445251941680908, 3571.4848071944125
1.793020486831665, 3414.654776305415
1.8416006565093994, 3268.2037348052436
1.8900785446166992, 3125.9023184008092
1.938593864440918, 3094.3078228570957
1.9871196746826172, 3075.087641895896
2.0356199741363525, 3072.912414049488
2.084109306335449, 3027.519325586338
2.1810081005096436, 2898.436204154432
2.2779879570007324, 2881.6926077993194
2.3265461921691895, 2874.2144549945406
2.3751819133758545, 2779.3317500070098
2.423645496368408, 2716.8759699596685
2.4721736907958984, 2701.5755645565023
2.520731210708618, 2692.936938625562
2.569209337234497, 2677.636533222396
3.102745294570923, 2656.5178009435112
3.151284694671631, 2602.17443279542
3.2484331130981445, 2586.5568692740635
3.2970120906829834, 2558.2807333027267
3.345590114593506, 2529.242116184989
3.49118971824646, 2526.1834823769805
3.7336034774780273, 2515.3643904914425
4.219014644622803, 2494.9520455909187
7.419099807739258, 2487.9810244177934
T12
2.420835494995117, 4347.679009408348
2.5179340839385986, 3898.580795731228
2.6149847507476807, 3630.748648756744
2.7603933811187744, 3449.4328390726114
2.808887243270874, 3368.723900302626
2.905818223953247, 3332.6027983083895
2.954312801361084, 3331.8491356882605
3.002830982208252, 3300.2618364392656
3.0512852668762207, 3227.419868870982
3.0997188091278076, 3195.832569621987
3.1483278274536133, 3094.4419472808004
3.196840286254883, 3012.2131177553074
3.3423118591308594, 2952.116137302395
3.4392597675323486, 2943.6676583186636
3.4877240657806396, 2927.4036896158013
3.536281108856201, 2898.485940037892
3.6335041522979736, 2896.856999757845
3.6820380687713623, 2860.3407618941164
3.77889084815979, 2848.503952976622
3.827319622039795, 2831.3354476562745
3.875734567642212, 2817.3025666609956
3.9242513179779053, 2802.7889657410997
4.021222829818726, 2798.800512033633
4.118275165557861, 2793.992885863463
4.167109966278076, 2774.1295072656612
4.603567123413086, 2758.5004079034006
5.524536609649658, 2754.231804423791
5.573024272918701, 2739.006458683207
6.300853252410889, 2727.941506541294
6.3978800773620605, 2725.0561466295057
8.095172882080078, 2717.687982350788
8.192182779312134, 2711.4222814346613
T13
2.476283073425293, 4117.192520536595
2.6219592094421387, 3870.3382124445343
2.6705515384674072, 3788.205988491729
2.7677531242370605, 3525.8268156266895
2.913283586502075, 3391.344194175166
3.204235315322876, 3188.913435717437
3.4951181411743164, 3177.1389171768133
3.5923447608947754, 3170.3351935860082
3.6408610343933105, 3165.009041163852
3.738011598587036, 3127.444121076476
3.7865707874298096, 3079.7649935213267
3.883514881134033, 3048.9265940061305
3.9320106506347656, 3042.1834783267186
4.028955698013306, 3031.7631997619774
4.1258769035339355, 2862.5372712374065
4.174395799636841, 2861.8148855021573
4.368123292922974, 2859.11688946347
4.416682958602905, 2795.9816472070434
4.46518874168396, 2781.628891229111
4.659264326095581, 2766.0703353571207
4.756234884262085, 2764.158193120151
4.9501001834869385, 2726.259539326833
5.144020080566406, 2706.998129150812
5.192563772201538, 2705.085986913842
5.241015434265137, 2704.6555933068194
5.2895097732543945, 2695.95040816232
5.337979078292847, 2693.3281399332973
5.67763090133667, 2691.5684927830516
5.871591567993164, 2689.0185787439223
7.183736801147461, 2683.9319473184223
7.911908864974976, 2682.846512846736
8.105994701385498, 2669.2771533452724
13.488513946533203, 2662.5678815722567
13.731119632720947, 2635.4314515528968
13.828298807144165, 2624.4464650125738
22.439239501953125, 2616.440902543036
T14
2.1778790950775146, 4547.273410619404
2.3233582973480225, 4305.641646425513
2.371868371963501, 3917.1215497825615
2.4688234329223633, 3719.1606320940173
2.6143171787261963, 3606.7159960365025
2.662818431854248, 3521.6670325523573
2.7597765922546387, 3479.8809728802535
2.8082830905914307, 3355.6009513819754
2.9054086208343506, 3348.9104926630207
3.050813674926758, 3252.6389690517353
3.14778470993042, 3125.545343766835
3.1962594985961914, 3051.4141228351364
3.2931761741638184, 3051.3648011041405
3.390109062194824, 2969.4061456170784
3.535521984100342, 2969.369982924949
3.5840675830841064, 2937.02864287746
3.8264074325561523, 2910.3663893075864
4.117009401321411, 2885.8031310098722
4.165602684020996, 2867.603177386707
4.262533187866211, 2804.5997124015885
4.456279993057251, 2788.4416457773987
4.601769208908081, 2724.148537106448
4.698589086532593, 2712.317447027528
5.62450909614563, 2682.2953381596817
6.352203369140625, 2668.8031688693554
6.449114084243774, 2667.5076459714855
T15
1.9867768287658691, 3754.536100253963
2.132284641265869, 3689.9203395869918
2.1807944774627686, 3565.5149977077454
2.2292380332946777, 3470.911044244125
2.374906063079834, 3318.1289743069683
2.520679235458374, 3212.2078254364587
2.5691423416137695, 3165.3912247940825
2.6177003383636475, 3087.936351649296
2.6662216186523438, 2992.3274384619617
2.714643955230713, 2962.0606873208253
2.7631309032440186, 2952.486742816367
2.9084646701812744, 2935.7031657112857
2.9570674896240234, 2925.2914170752083
3.0541434288024902, 2865.4565902310733
3.102790117263794, 2833.600834607383
3.1513257026672363, 2829.8048043896906
3.1998677253723145, 2777.778586591381
3.442119598388672, 2772.296554417604
3.5390102863311768, 2771.4494787880103
3.6843831539154053, 2760.4342906073125
3.9266884326934814, 2759.0317054075276
3.9752635955810547, 2723.202893598542
4.023762226104736, 2690.456191755413
4.31473708152771, 2681.505798219263
5.33309006690979, 2669.509910067416
5.672087669372559, 2650.6525533297936
5.769026279449463, 2631.6741423039675
T16
2.7120847702026367, 3620.679751417114
2.8575804233551025, 3527.036178127815
2.9060847759246826, 3459.4895101571565
2.954612970352173, 3407.2673309931997
3.003063678741455, 3313.7719020353306
3.051603078842163, 3195.043019590872
3.148594379425049, 2956.5734102078895
3.4880852699279785, 2948.8742940182165
4.118973731994629, 2946.8968205753517
4.215954542160034, 2933.2449446760656
4.264495134353638, 2916.540960737915
4.313010931015015, 2906.622603056345
4.458462238311768, 2878.151668887227
4.5553364753723145, 2859.210361773419
13.917684078216553, 2827.107911357909
14.014679193496704, 2805.3586973520596
14.160366535186768, 2779.5542994972384
T17
2.7600855827331543, 4324.191588182597
2.8085720539093018, 4257.6560416864195
2.9056715965270996, 3583.7187768838085
3.0027103424072266, 3386.3675479260146
3.0513675212860107, 3385.797927635802
3.1000707149505615, 3328.8353097299587
3.390953540802002, 3309.6429291752174
3.4395205974578857, 3306.733008150255
3.487973690032959, 3224.4394000165885
3.633338212966919, 3199.8828341720528
3.681811571121216, 3117.2314420183757
3.7302703857421875, 3093.5670496865605
3.778724431991577, 3065.1411417878444
3.8757083415985107, 3057.845720055733
4.069662809371948, 3050.8021856020077
4.1181323528289795, 3043.661345002947
4.215062141418457, 3034.96523383521
4.4089179039001465, 2981.807726661522
4.505814552307129, 2977.2010437420795
4.699559450149536, 2963.081777487745
4.845211982727051, 2956.0902234525347
4.990602731704712, 2935.4959053704515
5.039088487625122, 2904.546588179226
5.087534189224243, 2869.5624063111463
5.233241081237793, 2865.0941929872824
5.281708717346191, 2854.0814769948593
6.154047966003418, 2846.9065128660623
6.541759014129639, 2833.1149152580892
T18
2.9065771102905273, 3823.1662830506793
3.1004745960235596, 3796.6383594803738
3.1497011184692383, 3679.0495355131807
3.3435585498809814, 3446.558616161892
3.488987922668457, 3435.1981069957365
3.5858993530273438, 3371.8978081549667
3.6344525814056396, 3331.229705829148
3.6829586029052734, 3151.9372694685408
3.7799670696258545, 3131.5164513650507
3.828474998474121, 3088.2741037277247
3.876896381378174, 3055.0183693545787
3.9738006591796875, 3030.2119923752834
4.022308826446533, 3009.539747006631
4.312913417816162, 3008.5022627652397
4.361363172531128, 2979.120638090968
4.555528402328491, 2919.083832116212
4.603996753692627, 2885.799294507622
4.700870513916016, 2865.186332093521
4.749336004257202, 2829.479656851234
4.797931671142578, 2828.102223767495
4.846577167510986, 2796.1927407285657
5.040550231933594, 2730.8974285431577
6.980268239974976, 2697.1248038840495
7.175517320632935, 2695.2867212257715
7.3208043575286865, 2693.719242701578
7.369271993637085, 2688.187679492221
7.466126203536987, 2675.620471181268
9.355865240097046, 2670.8288111631846
9.404309749603271, 2651.541272279417
9.452711582183838, 2646.489509898045
9.501165628433228, 2624.2600473805396
9.597960948944092, 2589.264422778462
13.533679723739624, 2565.8339113182756
13.969564437866211, 2526.3807555884796
16.345656156539917, 2525.9547181517773
24.671987771987915, 2513.923605000882
T19
2.5657243728637695, 3828.410132570247
2.8080687522888184, 3705.2200038747396
2.904966115951538, 3697.4480171350842
3.050427198410034, 3606.978472314504
3.0989136695861816, 3454.979699485026
3.2441978454589844, 3370.1749344421696
3.29268479347229, 3335.897862056745
3.389716863632202, 3323.967309826883
3.438201904296875, 3286.7507347207156
3.5352847576141357, 3276.921526942151
3.583805561065674, 3214.154042636568
3.6808245182037354, 3176.249446269083
3.7780115604400635, 3170.3665127930326
3.8750622272491455, 3139.935671136316
3.9238409996032715, 3130.4949153444395
4.069586277008057, 3095.553759377861
4.118172645568848, 3037.1406716226047
4.215271472930908, 2996.2194335702316
4.360696077346802, 2980.3584959164327
4.409187316894531, 2973.332027263632
4.748424768447876, 2960.838674881985
4.796898603439331, 2912.050210005589
4.845366954803467, 2907.4314352835318
4.893870830535889, 2889.1787222247804
4.990945339202881, 2888.4905102268567
5.039406776428223, 2885.5707758728076
5.087865829467773, 2810.1504727424
5.37864351272583, 2801.293136938577
5.42716908454895, 2786.6671568966576
5.524144649505615, 2769.0706034633477
5.91212010383606, 2743.145078899932
6.106303453445435, 2742.6808572697464
6.15478777885437, 2732.2746123309626
6.542658805847168, 2710.179000424292
6.688064098358154, 2701.7708660755343
7.754370212554932, 2690.122093204005
7.802850723266602, 2682.243840879515
8.093696355819702, 2653.8964215138203
9.063228368759155, 2641.005400454671
9.11169981956482, 2625.5126199814913
9.30578351020813, 2619.54029200645
9.548123121261597, 2585.0174626611642
14.89407730102539, 2576.6583827216346
T20
2.8079605102539062, 3825.8034663956823
3.0022623538970947, 3811.722880913221
3.0507826805114746, 3737.4246992409244
3.099280834197998, 3278.0171029311387
3.293266773223877, 3157.3962973972266
3.438678026199341, 3115.0797519223415
3.4871819019317627, 3049.768207694422
3.7294435501098633, 2995.9851208974906
3.7786142826080322, 2933.0275699449303
3.8271148204803467, 2866.3853464843833
3.8755767345428467, 2839.145311883549
T21
1.890246868133545, 3857.7761408181686
2.0358893871307373, 3760.5951966909197
2.1331615447998047, 3680.4029045470397
2.230257749557495, 3419.225741554117
2.3273513317108154, 3338.5407342110066
2.5211589336395264, 3163.3545273524396
2.569676637649536, 3160.9728612567615
2.6670522689819336, 3100.658963678061
2.7156033515930176, 3008.7411231811093
2.8126065731048584, 2972.106721670327
3.0069103240966797, 2824.7564146859204
3.0554568767547607, 2795.8599484948736
3.395115852355957, 2767.8013618285167
3.4437673091888428, 2755.220033934871
3.7832040786743164, 2739.0478405055037
3.8317055702209473, 2735.4230507611683
4.122562885284424, 2728.370101540253
4.219546556472778, 2726.0810063174067
4.316588878631592, 2707.460691957269
5.093648910522461, 2702.16025520489
24.62998127937317, 2700.4722881243797
T22
1.8880043029785156, 3734.4131787042134
1.9851632118225098, 3522.5752944440956
2.0823161602020264, 3464.9142864516743
2.276153802871704, 3331.5164495952395
2.372997760772705, 3180.4709550305797
2.469803810119629, 3136.284655830259
2.518303155899048, 3026.143870192911
2.7122247219085693, 2967.9794669288167
2.954766035079956, 2934.489308481152
3.003302574157715, 2895.819247433643
3.051797389984131, 2855.2012219905846
3.1971514225006104, 2832.17477233938
3.34234356880188, 2824.890110915845
3.439218759536743, 2804.5400047632684
3.4878127574920654, 2781.956654267804
3.5847177505493164, 2772.9700519011585
3.633207321166992, 2686.946767919275
3.730254888534546, 2674.7163027219303
3.8272504806518555, 2671.4052701864603
4.118138551712036, 2624.9970896953746
4.2152323722839355, 2614.6486035957605
6.250564098358154, 2595.4262150017585
17.154699325561523, 2585.7985547582684
T23
3.2437593936920166, 4137.641489194699
3.389442205429077, 4123.149683930791
3.58383846282959, 4094.703950814097
3.6323461532592773, 3953.5433262841216
3.680995464324951, 3786.480145877287
3.778055191040039, 3729.7522496988986
3.9234836101531982, 3438.5957459922774
4.262564420700073, 3347.929924902259
4.311035394668579, 3293.712040197801
4.35952353477478, 3289.0031773532683
4.4079976081848145, 3221.7497223842292
4.45646595954895, 3208.7125654630636
4.504956007003784, 3201.751475942183
4.553467750549316, 3186.0001799405254
4.601905584335327, 3160.635380250591
4.650440692901611, 3045.841808679972
4.747323513031006, 3033.458418364502
4.795814037322998, 2968.44328376697
4.844328880310059, 2947.967807084704
4.989797115325928, 2909.2036520210168
5.135120868682861, 2907.009386917336
5.183630466461182, 2900.8264463782634
5.232115745544434, 2860.0188383339046
5.329021215438843, 2786.239040771099
5.474462270736694, 2768.7717490007963
5.620023965835571, 2724.0657417592847
5.86209511756897, 2714.214820827896
5.910561561584473, 2707.6409364193605
6.007650852203369, 2699.5953270331865
6.104735612869263, 2661.9882129613325
6.153246164321899, 2637.5177982352325
6.2987401485443115, 2627.8214760390947
7.55854058265686, 2618.5358826052234
7.995145082473755, 2600.1456810462023
T24
2.468806505203247, 3733.7252528206336
2.6628239154815674, 3718.926644288207
2.7120418548583984, 3670.2851286759524
2.760607957839966, 3518.442631997659
2.8578124046325684, 3460.4029956253835
2.9063379764556885, 3402.823160086871
2.9548919200897217, 3272.6053628815916
3.245954751968384, 3263.699270604835
3.2944436073303223, 3189.981119883647
3.34289288520813, 3186.608215348373
3.391413450241089, 3103.7660618805603
3.4883875846862793, 3050.107995606548
3.5369038581848145, 2972.596351715849
3.6822338104248047, 2940.815758730343
3.7791037559509277, 2896.9470544020332
3.8275978565216064, 2879.249289849173
3.8760902881622314, 2815.130047374292
4.069973707199097, 2805.78565252676
4.506382465362549, 2786.588550555847
4.554829835891724, 2765.731758173044
5.815784215927124, 2747.9107593007084
13.870372772216797, 2744.568832273466
14.841194868087769, 2726.107401507579
15.569059133529663, 2723.8184073317243
17.79780125617981, 2707.012128103568
T25
2.179401159286499, 3542.122219235591
2.373833656311035, 3438.359861692754
2.4223828315734863, 3437.9186524595752
2.47097110748291, 3414.2087127306677
2.5195231437683105, 3386.4645786461933
2.5680341720581055, 3360.4196694600396
2.664950370788574, 3321.2407949054177
2.7134275436401367, 3184.9357603711305
2.8594775199890137, 3165.36953269715
2.908236503601074, 3105.965011067996
3.0055272579193115, 3105.1534746410525
3.0542125701904297, 3101.0377726600873
3.1030220985412598, 3008.0625911481184
3.2003183364868164, 2973.1344299013326
3.248910665512085, 2935.3688948165036
3.2974371910095215, 2866.8291235209126
3.442974090576172, 2865.4313182375245
3.4914498329162598, 2850.6283971899556
3.6369502544403076, 2838.93827228424
3.6855063438415527, 2792.2327956560257
3.733981132507324, 2787.4059808462007
3.782439947128296, 2754.9688824943078
3.880007028579712, 2716.1154660576085
4.025424957275391, 2678.1435279334055
4.073972225189209, 2676.866326020263
4.365875482559204, 2629.941533686253
T26
2.3771934509277344, 3778.503109459207
2.6697540283203125, 3516.4425560224117
2.7183361053466797, 3413.8424410605894
2.815427541732788, 3365.4896161334727
2.86401104927063, 3278.485460446478
2.9125986099243164, 3053.92107603198
2.961293935775757, 3019.901575618458
3.107125759124756, 3017.0629142513135
3.253140926361084, 2989.937486036206
3.4963998794555664, 2982.6362685408894
3.593909502029419, 2962.3315326574375
3.6425256729125977, 2956.8699052769043
3.691204071044922, 2952.483161096965
3.739767074584961, 2909.4010847313293
3.788346529006958, 2908.505030592609
3.837386131286621, 2876.242068869109
3.886030673980713, 2848.458139824863
4.177254915237427, 2820.4793297006527
4.274206876754761, 2798.5705741869606
4.322773456573486, 2760.04260811906
5.2446043491363525, 2757.8153993517317
5.293123722076416, 2745.2838707168758
7.381536245346069, 2732.2413876290175
7.721526384353638, 2726.505285484087
7.7700889110565186, 2703.399155146555
7.818673133850098, 2669.3586753881864
15.622910976409912, 2666.3379100027432
T27
2.857632637023926, 3840.391794864685
3.0518417358398438, 3815.7994899490186
3.1004040241241455, 3787.0791525149307
3.1488420963287354, 3706.3412947854013
3.197537660598755, 3607.6748363835068
3.3428845405578613, 3444.474163781386
3.3914332389831543, 3436.5355215174495
3.6335151195526123, 3413.122053378853
3.681934118270874, 3407.9319516535033
3.7303850650787354, 3226.7241810686955
3.82741117477417, 3193.5554530416302
3.875971794128418, 3192.080929117583
3.9728541374206543, 3173.919085158943
4.069756031036377, 3134.7671497830743
4.215052366256714, 3001.2935975124674
4.263536691665649, 2973.7604828638414
4.311982870101929, 2971.163067123198
4.3604161739349365, 2951.603074776056
4.457351207733154, 2945.832855098235
4.505773067474365, 2866.4555473561886
4.554211139678955, 2832.138425828827
4.651054859161377, 2831.8305459233197
4.747913360595703, 2815.1703356806174
4.844797849655151, 2813.18209910366
4.941873073577881, 2799.635101465572
4.99043345451355, 2796.0133751115245
5.377868413925171, 2794.06485533012
5.474771499633789, 2788.3705480915596
5.717320919036865, 2782.16852539902
7.268860340118408, 2777.191544977093
8.140998125076294, 2774.638915275147
8.535463333129883, 2755.5701576390347
8.777837038040161, 2746.2988695302956
8.92308759689331, 2743.4625503591924
9.214239597320557, 2742.1779718993275
9.310988187789917, 2721.212100287763
9.407902240753174, 2705.123207532699
9.601674556732178, 2692.778912143094
9.807583808898926, 2692.4233767506903
11.601044416427612, 2662.6664850411653
21.493743896484375, 2655.5395501779876
22.56075382232666, 2649.17604463904
22.754515171051025, 2645.0349760595636
22.803024530410767, 2614.636309571153
22.85149598121643, 2609.2260151076134
T28
1.7443513870239258, 3758.1528166196094
1.8413503170013428, 3581.3346222469936
1.8899130821228027, 3533.553939697882
1.9868433475494385, 3429.7926397866886
2.0838780403137207, 3299.720626284261
2.181020498275757, 3276.738614047581
2.3266451358795166, 3244.7636301898037
2.4237895011901855, 3217.421284315644
2.6316745281219482, 3185.4463004578647
2.6802978515625, 3102.8329801468444
2.7287778854370117, 3083.5823979090237
2.7772395610809326, 3068.1944249797834
2.8256733417510986, 3032.3730808940018
2.874232292175293, 2991.312183379603
2.9227542877197266, 2948.092627819313
2.971226215362549, 2940.6483339196748
3.116553783416748, 2913.142862324239
3.261965751647949, 2911.1669110843322
3.3588671684265137, 2898.3487026325583
3.407313585281372, 2887.5848390291376
3.4557735919952393, 2883.8044844903197
3.504166841506958, 2874.6900326434024
3.79524302482605, 2870.169304186904
4.187164306640625, 2869.3808818150974
4.235665559768677, 2841.201483369443
5.544903039932251, 2826.2839294681053
6.901697158813477, 2812.5194832237357
6.950126647949219, 2771.8087036761062
6.998576402664185, 2758.044257431735
10.584435224533081, 2757.335918323357
10.778161525726318, 2751.261548992781
10.875051498413086, 2726.508896661444
12.669025421142578, 2717.0763118149807
12.765951871871948, 2691.5080990997267
T29
2.368333339691162, 4248.088905553788
2.562239170074463, 4192.108331303783
2.6108124256134033, 3953.6450490049465
2.7077131271362305, 3424.454285727479
2.804682731628418, 3400.010311654576
3.1438307762145996, 3375.825749766096
3.1923325061798096, 3291.4905594634674
3.240748167037964, 3222.166368231932
3.386136770248413, 3221.909042177762
3.4831840991973877, 3151.8849698868034
3.580113172531128, 3053.9385835017674
3.7256674766540527, 3040.298301417124
3.774186372756958, 3015.1924105468934
3.822730302810669, 2997.107375068026
3.871272563934326, 2970.1645855192855
3.968238353729248, 2954.0177559561344
4.01671838760376, 2942.9954194105267
4.259182691574097, 2929.582508794918
4.307624816894531, 2929.569855194808
4.356082916259766, 2875.220800536943
4.404580354690552, 2841.220574846331
4.453076124191284, 2823.2597584981195
4.501555681228638, 2801.967054864739
5.035153865814209, 2796.4088642808892
5.1805548667907715, 2769.0890550442637
5.471306085586548, 2739.431477080965
5.665229320526123, 2735.171643667909
5.713951110839844, 2734.2188764216244
5.762495756149292, 2720.081080747552
5.907851457595825, 2702.2933187802028
6.295979976654053, 2673.2534611275623
13.810830354690552, 2669.628536338336
13.85936164855957, 2652.8966853770817
T30
2.9100382328033447, 3979.072400238081
3.152992010116577, 3791.2252161221295
3.2014997005462646, 3586.625939695936
3.250020980834961, 3396.6162096163407
3.3954243659973145, 3275.0504949515744
3.735018491744995, 3154.1912350094026
3.7835347652435303, 3073.819986797467
3.9289968013763428, 3044.7560886227293
3.9774844646453857, 3028.1062745794625
4.074301481246948, 2959.5431037683447
4.219625234603882, 2952.8624701939116
4.26806116104126, 2933.7302553707614
4.510210752487183, 2910.9041907675673
4.607085943222046, 2886.263350566711
4.800923585891724, 2819.4609250562135
5.2854790687561035, 2800.8358855183797
5.527973175048828, 2758.827801795109
5.964174509048462, 2744.2110447360465
6.012621641159058, 2704.05017104778
10.439693212509155, 2700.7553565082144
T31
2.2284696102142334, 3723.5720507763617
2.3257193565368652, 3656.886108735165
2.4228155612945557, 3622.953521923824
2.471339464187622, 3579.037154571208
2.5199196338653564, 3450.087053798261
2.7160849571228027, 3422.4598226831513
2.7645323276519775, 3308.5307393537187
2.9098854064941406, 3247.122373542268
3.0553767681121826, 3211.746488423236
3.200611114501953, 3163.4571469307266
3.2490625381469727, 3121.854930076046
3.297593116760254, 3073.5655885835367
3.394632577896118, 3065.5740023154176
3.491485834121704, 3014.393355463235
3.5399491786956787, 2999.6985313347504
3.5884366035461426, 2917.769142624642
3.6369211673736572, 2848.8894250444737
3.685387372970581, 2847.2312990378196
3.7338459491729736, 2821.417890975292
3.782290458679199, 2811.8413055589444
3.8307383060455322, 2794.958774194529
3.8792152404785156, 2773.8934318321135
3.927659511566162, 2770.349935931923
4.02472448348999, 2728.6802645440184
4.073175668716431, 2709.101351891217
4.218535661697388, 2706.8655046938657
4.266963243484497, 2685.409504073301
4.315435409545898, 2683.1736568759497
5.285382986068726, 2682.315464648689
5.624694347381592, 2664.750658208346
7.371222972869873, 2649.7413690925187
7.6136956214904785, 2643.4743829096624
10.134371757507324, 2636.061685445018
T32
2.0333218574523926, 3495.661614397628
2.0819449424743652, 3276.0823135466053
2.2759640216827393, 3182.6212274769896
2.4214577674865723, 3160.558149016608
2.4699785709381104, 3155.0941259235533
2.5184645652770996, 3124.6683136183547
2.5669329166412354, 3100.543987942907
2.663835287094116, 3069.4866391509913
2.712329864501953, 3009.7907370909106
2.857579469680786, 3003.240719721376
2.906024932861328, 2942.3347885151634
2.9544904232025146, 2935.784771145627
3.003018856048584, 2911.6433818625865
3.051466464996338, 2893.3503864424038
3.099968671798706, 2867.0733062008203
3.148387908935547, 2858.6061535133613
3.196937322616577, 2837.566682783676
3.293935537338257, 2824.6625263988026
3.390885353088379, 2780.2473634513062
3.4394078254699707, 2752.175781172611
3.4879255294799805, 2714.106932550143
3.9731690883636475, 2711.6821768232367
4.263934850692749, 2693.4375503974206
5.28190541267395, 2663.2036801248178
T33
2.0907013416290283, 4098.242707009238
2.284769296646118, 3545.603828282299
2.333383560180664, 3499.115559196998
2.4303030967712402, 3450.7935962498414
2.5272915363311768, 3307.264670745273
2.6727869510650635, 3296.432876948369
2.769742488861084, 3293.8279600511196
2.818289041519165, 3225.012263502138
2.86675763130188, 3211.351658409276
2.9151999950408936, 3210.519486276138
2.9636662006378174, 3140.897048937759
3.012225389480591, 3099.961590187777
3.110048532485962, 3090.4177029423445
3.2556490898132324, 3028.4799345284828
3.3041229248046875, 2992.659871032898
3.401026487350464, 2916.619979047935
3.449505567550659, 2911.912318660741
3.4980039596557617, 2860.0451573377177
3.5951385498046875, 2821.222971113122
3.692107915878296, 2800.240532201984
3.7406797409057617, 2733.766381100406
3.9830946922302246, 2690.5554395210966
T34
2.163634777069092, 3861.906307928679
2.4063003063201904, 3754.488844276635
2.503323793411255, 3642.6438333826736
2.5517897605895996, 3284.7073029869334
2.6487319469451904, 3241.9648461645356
3.036396026611328, 3128.0781517959913
3.085340738296509, 3009.0983846666313
3.1822350025177, 2995.6807343081528
3.2790961265563965, 2960.699450969587
3.3275814056396484, 2947.973571819937
3.42449951171875, 2946.684528836915
3.5214409828186035, 2926.910047903588
3.6666784286499023, 2898.2091225664662
3.812119960784912, 2873.0109685094903
3.9576914310455322, 2855.159004378971
4.054588794708252, 2830.6330413113938
4.151446580886841, 2783.2299781650145
4.297154664993286, 2764.5292306523097
4.63718843460083, 2760.052366471835
5.558205842971802, 2743.4878221965537
5.655118227005005, 2722.0245122168453
5.70358419418335, 2719.3680971260364
5.7521071434021, 2709.2360241758215
5.849018573760986, 2680.0543448253593
6.4800403118133545, 2678.32811846179
T35
2.2760469913482666, 3737.591035925785
2.5187597274780273, 3558.2734551992144
2.5673234462738037, 3276.6045546424775
2.761523485183716, 3208.043770713668
2.858612537384033, 3174.063223201545
2.955561876296997, 3171.14050404264
3.052738666534424, 3108.840660598811
3.1013991832733154, 3068.685785179645
3.295609951019287, 3015.9765749944218
3.3441576957702637, 3009.981676018184
3.4896256923675537, 2953.987953439866
3.538120746612549, 2920.417146085889
3.9265823364257812, 2919.5254776408838
4.265931606292725, 2883.0388543902154
4.460084438323975, 2857.9185664304478
4.654088020324707, 2819.609194267661
4.702638864517212, 2817.496709211433
4.848208665847778, 2799.4825955607557
4.896839141845703, 2787.5667058172785
4.945457696914673, 2787.2052776331893
4.994154214859009, 2771.3071868935003
5.042764902114868, 2744.2413057271115
15.113669872283936, 2680.292851802229
T36
2.3727762699127197, 3812.702319017435
2.5183238983154297, 3799.2309702823004
2.6637251377105713, 3631.5909277536703
2.712193489074707, 3551.878082878924
2.809215545654297, 3541.1638729282477
2.857656240463257, 3523.3847572662507
2.906224489212036, 3416.938094367815
3.0033154487609863, 3405.779975600406
3.051943063735962, 3262.1706649522803
3.148813486099243, 3174.3681428574673
3.245678186416626, 3113.663890980668
3.2941322326660156, 3100.4056636804144
3.3425989151000977, 3096.962577522234
3.391101837158203, 3030.7982143269146
3.439513921737671, 3003.041910081971
3.487964630126953, 3000.95100492199
3.5364952087402344, 2897.2445066501386
3.5849111080169678, 2868.283151404001
3.6817641258239746, 2857.2276161218124
3.730241537094116, 2848.209271990392
3.7787182331085205, 2816.846512343949
3.9240448474884033, 2753.008057754181
7.074316024780273, 2723.929573589583
7.317066192626953, 2712.4786389436813
8.771350622177124, 2701.053309004654
18.195863008499146, 2695.5718515310964
21.25132417678833, 2663.795171292575
21.299811601638794, 2647.998631594015
T37
2.326381206512451, 3585.8503768408864
2.4723029136657715, 3513.324943134823
2.5693392753601074, 3474.316454517584
2.617917537689209, 3436.2163218047863
2.666468620300293, 3375.6442610473896
2.714982509613037, 3332.3733987112937
2.7635486125946045, 3297.576859128625
2.8120579719543457, 3225.2667865387502
2.8605360984802246, 3200.5445938357934
2.909071207046509, 3172.8760591049213
2.957613229751587, 3112.6710283923385
3.006110191345215, 3056.756605406108
3.0546224117279053, 2941.7595259372574
3.2486257553100586, 2848.5606709849344
3.4911506175994873, 2838.151207806335
3.588141679763794, 2835.2467186712092
3.6366584300994873, 2829.309405577249
3.6851284503936768, 2796.259578295867
3.7820825576782227, 2769.520292313069
3.879028558731079, 2764.4071203508684
4.072983026504517, 2757.0402354141625
4.121716260910034, 2753.587577524262
6.207867622375488, 2753.5666086862893
6.3048529624938965, 2708.2270859494292
6.353368282318115, 2703.579068246014
6.4019224643707275, 2681.2314289265887
T38
2.3710813522338867, 3526.7790632654287
2.5650794506073, 3506.6132247184523
2.6620070934295654, 3477.335795532472
2.7105374336242676, 3337.1857247600965
2.759037971496582, 3314.8948315400703
2.9527220726013184, 3074.618566331481
3.146535634994507, 2999.643801353852
3.2433671951293945, 2978.275303657423
3.291853904724121, 2926.8117734078314
3.534594774246216, 2909.100405054731
3.631547212600708, 2894.0983296211652
3.68001389503479, 2891.889461591203
3.7285351753234863, 2876.8873861576394
3.8256053924560547, 2865.8770553922895
4.213188171386719, 2852.829158014327
4.26167893409729, 2845.0451036882223
4.310194492340088, 2842.2025696088967
4.455756902694702, 2805.1311753894515
4.5527098178863525, 2788.5453073607823
4.7465386390686035, 2786.8777402048872
5.134897232055664, 2733.3207546998165
13.472358465194702, 2727.124848732963
13.617887020111084, 2720.3293885334424
T39
2.424246072769165, 3982.7480587146983
2.4728240966796875, 3663.345926738626
2.5698530673980713, 3510.5486481473417
2.666879415512085, 3428.727193453604
2.715391159057617, 3325.9675764099084
2.8610002994537354, 3158.652495818962
3.1037185192108154, 3102.987835400507
3.1522181034088135, 3076.0092255104028
3.2009098529815674, 3060.833447753186
3.249561309814453, 3039.5400007267854
3.298142671585083, 3024.364222969569
3.3466808795928955, 2979.8877539143505
3.4925572872161865, 2978.215130389086
3.54109787940979, 2960.3774818997754
3.6867098808288574, 2934.0029792964287
3.735231637954712, 2914.4927072818537
3.880922317504883, 2909.7566303574113
3.9294393062591553, 2887.1355250673023
3.9779813289642334, 2879.957918340562
4.026602029800415, 2811.081465891508
4.124104738235474, 2806.7358273913105
4.998594522476196, 2805.7772754212256
5.0477752685546875, 2769.163723497135
9.55933141708374, 2735.414573542581
9.656514644622803, 2734.722136577371