T0
0.7967073917388916, 56.3054974756096
6.950671672821045, 53.12393618226364
17.207297325134277, 37.82660740213093
27.46383786201477, 37.12040111942569
T1
0.7776577472686768, 41.86108920110311
2.828965187072754, 34.06419816445768
4.880290508270264, 30.350673181181456
6.9318201541900635, 27.773286488933532
T2
0.5037577152252197, 73.28167195772048
8.709253311157227, 43.46651804223444
23.06837248802185, 38.08189419605917
T3
1.1688849925994873, 66.11478830178605
3.220114231109619, 55.72836483944715
7.322721719741821, 54.264265056344456
13.476980209350586, 51.69921454156909
17.579773902893066, 25.65132984716491
T4
0.48592472076416016, 48.76965883821241
25.10018515586853, 29.551696642457486
T5
0.4857447147369385, 24.851595125162216
T6
0.19595885276794434, 47.64965084377744
2.247318983078003, 45.20676868516043
4.298807859420776, 26.510885084888308
6.350268125534058, 24.567322136742668
T7
0.7793736457824707, 29.167551308855916
T8
0.19623374938964844, 114.25644258194649
2.247856378555298, 61.28597709835717
4.299424886703491, 48.792433912088164
28.91725730895996, 44.83793869767515
T9
14.39806342124939, 111.73791950857851
16.44942545890808, 80.7515323098187
18.500823974609375, 43.91059061887579
20.552188396453857, 40.60357577152241
T10
0.3904759883880615, 13.91630494200479
T11
0.19648408889770508, 53.416279800101904
2.247941732406616, 50.87189634987807
4.299439430236816, 47.99181172008832
6.350879192352295, 46.30050537987207
10.454073190689087, 43.26349371822727
12.50555968284607, 42.386297014279464
24.815828561782837, 41.81027433509004
26.867242574691772, 40.04553865389596
T12
1.5591063499450684, 75.32383043168629
3.610562324523926, 42.791702394756456
5.661987543106079, 42.35392514615519
9.764873266220093, 29.251977241129147
T13
2.0460500717163086, 61.96335659123456
4.097307443618774, 51.49353544085908
6.149127244949341, 22.14775703475193
T14
0.19618797302246094, 35.91964095374922
2.247598648071289, 32.70035348232404
T15
0.19608283042907715, 52.62813931222682
4.2988035678863525, 52.334277222247565
T16
0.19624805450439453, 110.33879212854737
2.247849464416504, 65.40787971565103
6.350929498672485, 57.67296717871699
10.454051971435547, 48.56274254162333
12.505592823028564, 41.97509942394339
T17
0.7792172431945801, 30.11967166973193
4.881830930709839, 22.709520234194073
T18
2.335376262664795, 65.72954723086731
4.386668682098389, 55.37680288913094
T19
0.19539713859558105, 33.588397147853414
4.298056125640869, 30.835953463644117
T20
2.286963939666748, 75.82355644942365
4.338371753692627, 60.06412870392387
8.441291809082031, 56.890862530391054
24.852810621261597, 56.72383585813736
31.00714921951294, 55.34096026857565
T21
3.112893581390381, 78.55618036220062
5.164078235626221, 73.18250757688284
7.215406179428101, 59.82742061869658
11.318320751190186, 57.1392052433999
15.421203851699829, 47.6563467179278
27.72984027862549, 47.32553492943647
T22
3.5959956645965576, 45.005982021235724
T23
7.288215637207031, 92.13377785905872
9.339427947998047, 89.2501205118618
11.390822887420654, 81.95854917358672
13.442364931106567, 64.73287618962694
21.648343801498413, 57.570865048058955
T24
0.1468214988708496, 95.76654136139236
4.249307155609131, 81.80517330638783
8.353557825088501, 81.79062430483961
10.40510892868042, 78.08276752758438
14.508035659790039, 74.63868431014282
22.71414804458618, 72.60007694455025
T25
1.3624377250671387, 121.37121123593232
3.413907289505005, 58.920228750820336
7.517124176025391, 58.799908496622336
9.568577527999878, 51.54370876720195
T26
21.016002893447876, 87.1060121128604
T27
0.19605398178100586, 51.48722345203748
2.247375726699829, 50.828828583034465
20.70826005935669, 37.32499622187152
24.810892820358276, 28.726505613256066