T0
2.7672629356384277, 3913.702202023589
2.9613237380981445, 3869.4501237830846
3.009894371032715, 3771.525139224992
3.058634042739868, 3456.4725243978464
3.3023970127105713, 3401.2431515889184
3.49702525138855, 3332.8415227045625
3.8379852771759033, 3158.087142297125
4.616424083709717, 3018.9973347421765
5.2000205516815186, 3015.005906979859
5.345896005630493, 2955.5023120258556
5.394529342651367, 2950.5901661328535
5.491760730743408, 2910.0986662039213
5.637488603591919, 2837.9503953702224
5.686351776123047, 2826.2824635397847
5.735072135925293, 2799.3676315046905
5.88106632232666, 2756.9350948040956
6.269868850708008, 2741.8805779364047
6.610445499420166, 2740.484367149198
6.853761672973633, 2704.5041689283535
8.170056581497192, 2697.8734890684573
T1
2.6163949966430664, 3756.858548504897
2.7135860919952393, 3619.0564891230024
2.8109962940216064, 3521.47284244452
2.9084157943725586, 3386.401565500433
3.2008330821990967, 3355.5923463748186
3.4929721355438232, 3344.043044568927
3.6877355575561523, 3321.4331330421264
3.7364766597747803, 3243.584580214316
3.9799962043762207, 3217.870337022672
4.223323822021484, 2976.4427465389017
4.272032022476196, 2918.0920094565663
4.369488716125488, 2821.8996224758594
4.466805934906006, 2815.0885810707696
4.612835168838501, 2767.5153739791567
4.807574272155762, 2718.384737653847
6.5125391483306885, 2711.726884678719
6.65881085395813, 2706.2618524430145
6.804811000823975, 2654.5630968840705
6.9024529457092285, 2653.2267367914174
7.3894734382629395, 2614.8424192640377
T2
2.74519681930542, 3935.1705495538627
2.8421709537506104, 3587.6665399653575
2.890805959701538, 3402.8847816604684
3.0854926109313965, 3349.2773550248094
3.717805862426758, 3277.1553483409953
4.253107309341431, 3162.195021270323
4.78853440284729, 3134.0362007143995
4.837243556976318, 3122.457882274175
4.934526443481445, 3099.231298096507
4.983178377151489, 3068.663899575462
5.12911057472229, 3040.272623950863
5.177744388580322, 2996.9543772043835
5.372318506240845, 2993.48829967613
5.42099142074585, 2955.178323121567
5.518235206604004, 2914.274113791951
5.5668628215789795, 2870.8941882215295
5.664086103439331, 2857.7619214750594
5.810120105743408, 2820.7860856331827
5.955988645553589, 2749.9270762543747
6.004595756530762, 2726.994283978449
6.101730108261108, 2722.0545514267724
6.539384126663208, 2713.4614566211967
7.860550403594971, 2694.4866645264265
12.505714654922485, 2682.104010328534
T3
2.2023842334747314, 3765.685036647279
2.493345260620117, 3585.5144823626033
2.541991710662842, 3470.999721976448
2.5906319618225098, 3460.125470858635
2.6392946243286133, 3438.0332803303754
2.931514263153076, 3394.931927500831
3.1260766983032227, 3217.1260799076554
3.5156915187835693, 3111.782639249519
3.6130988597869873, 3061.456626190731
3.9055421352386475, 3042.370336203967
4.0028181076049805, 2985.2893009590334
4.100151777267456, 2850.9039918745984
4.294623136520386, 2817.431718896303
4.343202829360962, 2801.757141630558
4.489191055297852, 2774.9558743315138
4.5378098487854, 2747.3512458484183
4.586416959762573, 2721.2611586246494
5.369751691818237, 2714.3797280005674
5.61312198638916, 2677.221462200876
28.04540491104126, 2673.722852187784
29.021098375320435, 2668.80138537295
T4
2.0361719131469727, 4024.4490902837715
2.085031509399414, 3798.4134162477276
2.1337504386901855, 3773.358731332104
2.1826648712158203, 3758.7041389287187
2.2314693927764893, 3689.619874885233
2.2802700996398926, 3633.444790598878
2.3776237964630127, 3580.270144352602
2.621283769607544, 3552.193772964456
2.71887469291687, 3447.6966339532955
2.8650195598602295, 3432.5344749717187
3.157484531402588, 3420.5067606435623
3.4008522033691406, 3398.395970662852
3.5468246936798096, 3078.576126083033
3.6929032802581787, 3040.6428074545984
4.0822343826293945, 2841.306158549749
4.130825757980347, 2832.174209393008
4.179509162902832, 2825.2616976620484
4.228178024291992, 2786.7846756985964
4.665431261062622, 2721.2005474153266
4.714121580123901, 2689.756223646167
5.493509292602539, 2673.342559317214
5.639317989349365, 2668.8680508790567
5.688111782073975, 2652.4543865501037
5.882735013961792, 2646.5687643424462
6.273282766342163, 2638.218729804823
10.51871633529663, 2632.2161845180526
25.13613986968994, 2626.9555239781766
25.476622581481934, 2610.705632356534
T5
1.650179386138916, 3901.261953720459
1.6989543437957764, 3830.2315798856434
1.7476422786712646, 3515.0063194624527
1.8938260078430176, 3417.2990289224254
2.4299986362457275, 3363.6329788744624
2.6249310970306396, 3303.792611319761
2.6736583709716797, 3221.9846957410773
2.771275758743286, 3157.970585596515
2.8689725399017334, 3138.5408044305514
3.0151009559631348, 3121.4724304272822
3.0637197494506836, 3103.216210778075
3.1123569011688232, 3039.1657060105354
3.2097630500793457, 3011.60439969883
3.258512020111084, 3004.859614635963
3.3071603775024414, 2981.4304112598184
3.4045517444610596, 2891.131705427091
3.5510201454162598, 2838.906035105989
3.7455620765686035, 2828.530236464954
3.8917598724365234, 2807.105977539657
4.232562780380249, 2733.6212965851882
4.428030967712402, 2724.667393025564
4.721343278884888, 2720.1711631282233
4.770139217376709, 2694.063840236311
5.5534045696258545, 2660.4820632485207
12.487867832183838, 2646.0658640632028
20.785358428955078, 2618.497967880234
T6
2.6146657466888428, 3757.406843377583
2.8087635040283203, 3731.043626039347
2.8573520183563232, 3524.913646700603
3.003491163253784, 3328.4736025148013
3.490455389022827, 3290.1023371068295
3.8804445266723633, 3192.8946203938685
4.124253273010254, 3141.7847401498584
4.319346189498901, 3092.3441505904775
4.465565919876099, 3006.631734570299
4.562943935394287, 3003.6530003637163
4.611602544784546, 2964.7525498279138
4.708940505981445, 2926.2066055502946
4.757730007171631, 2869.4210779289424
4.904078483581543, 2838.436746801759
4.952820301055908, 2816.424348706918
5.196059942245483, 2805.1619799941836
5.2932798862457275, 2801.3228845316917
5.341952800750732, 2790.8962533983577
5.439249277114868, 2781.0512148773414
5.487887382507324, 2774.8556189397204
5.536526441574097, 2754.867143046533
5.633763790130615, 2750.5514356237254
5.68248724937439, 2738.7880029112857
5.731145620346069, 2724.7413660931925
5.926271915435791, 2689.897231236173
6.266944646835327, 2677.6778717424604
6.315613269805908, 2674.6709885169403
8.217569828033447, 2657.6734994625876
11.291332006454468, 2634.561354873731
11.388551950454712, 2590.499963911163
T7
1.7557971477508545, 3564.8004109857575
1.8046748638153076, 3498.9869400389434
1.9021763801574707, 3336.070486595112
1.9510526657104492, 3331.367538676044
2.536912441253662, 3243.9277711614704
2.683339834213257, 3223.751367641671
2.7810347080230713, 3162.740727502125
2.8298299312591553, 3128.3557298732776
3.0249624252319336, 2946.2252718062227
3.219921112060547, 2892.2091242686874
3.268582582473755, 2867.1589391394955
3.317268133163452, 2813.4699302475638
3.3660199642181396, 2765.1506294631545
3.4147531986236572, 2751.7372813792463
3.5122032165527344, 2744.959992942866
3.6096458435058594, 2740.6749493053794
3.8055715560913086, 2700.9451515952096
3.9028186798095703, 2677.6702627414197
4.097851514816284, 2639.0312487387564
4.146614074707031, 2636.4750344319473
4.195329666137695, 2632.2113080998533
4.243973255157471, 2602.558989166326
T8
2.0848374366760254, 3745.397897544506
2.181871175765991, 3565.6074378099584
2.2791314125061035, 3527.8346838581056
2.327849864959717, 3380.2489000936184
2.425229549407959, 3333.033589618557
2.5716331005096436, 3314.7727263979614
2.7182884216308594, 3282.0979357789183
2.9617364406585693, 3278.000400826946
3.0591773986816406, 3241.6278200168745
3.107814311981201, 3218.9181475888035
3.399866819381714, 3001.754390194372
3.448542833328247, 2927.5687102963857
3.6435647010803223, 2910.474144756823
3.7409069538116455, 2909.5817843245604
3.7900943756103516, 2841.770972735467
3.9846534729003906, 2837.257142718896
4.033308267593384, 2795.5676815871266
4.179160833358765, 2759.602521730296
4.276432991027832, 2743.9224624241615
4.471118450164795, 2740.90157624094
4.519747972488403, 2699.4235918179183
4.5683794021606445, 2667.41553229712
4.714635372161865, 2660.3832608833036
4.763362646102905, 2646.5334013599495
7.0597755908966064, 2631.6108852366306
T9
2.2305233478546143, 3644.6012223956786
2.279160737991333, 3614.2909211687947
2.3765697479248047, 3512.120780119454
2.474116086959839, 3263.6524541321123
2.669060230255127, 3203.274329067048
2.717841863632202, 3073.5538537987304
2.81522798538208, 3024.371767694931
3.010127067565918, 2818.17083489614
3.253694772720337, 2798.2575081589457
3.4487204551696777, 2750.4150112308707
3.4974608421325684, 2725.5910840623837
3.5461108684539795, 2699.7362091598334
3.741004228591919, 2667.2244087461586
3.985107660293579, 2665.4271513579297
4.131134510040283, 2605.488192062694
4.5708465576171875, 2598.6585498895874
4.717108488082886, 2597.347705389897
25.098769664764404, 2597.2943115229573
T10
1.5041687488555908, 4090.63484162603
1.6011905670166016, 3656.461457092373
1.6498947143554688, 3499.5734697276202
1.698582410812378, 3471.5423606911063
1.747255802154541, 3469.206781753295
1.9422311782836914, 3403.517446593498
2.2341747283935547, 3389.802450408417
2.331465721130371, 3291.018549081229
2.574810743331909, 3103.4873691643006
2.7209460735321045, 3036.733610548952
2.818363904953003, 3017.457606333075
2.867105484008789, 2963.832945321643
2.964496374130249, 2906.212248723037
3.0618817806243896, 2863.0885457591794
3.207873582839966, 2848.0381972373725
3.2565619945526123, 2847.0933916431386
3.305610179901123, 2831.7602423862263
3.4517109394073486, 2791.6337105124258
3.7926576137542725, 2740.409113342859
3.889915704727173, 2723.3972467540443
3.938718318939209, 2659.9498850184027
8.56990122795105, 2659.273264879608
13.891738414764404, 2639.0389332867344
14.23188591003418, 2632.1667906888033
T11
2.905667304992676, 3641.5117745556054
3.051363468170166, 3557.2823388655816
3.099963665008545, 3454.414441193774
3.1486754417419434, 3315.2060523885157
3.2956061363220215, 3288.2133279478876
3.5389628410339355, 3258.227072065143
3.636270761489868, 3240.5745047981472
3.782414674758911, 3156.721915836286
3.9771227836608887, 3140.1123257883155
4.31775426864624, 3038.9553921071492
4.463756799697876, 3028.4139546631195
4.512411594390869, 2807.3918369230814
4.658419370651245, 2760.990129617465
4.804970026016235, 2685.0320760490577
4.951055526733398, 2661.054874288282
5.048308849334717, 2651.1397157387837
5.145526647567749, 2641.7556780822633
5.242870092391968, 2637.4885364435177
6.511561870574951, 2626.247869050436
6.5603368282318115, 2591.2242320760415
6.60910439491272, 2584.1612606904528
6.65789532661438, 2582.803651991955
6.755254030227661, 2578.6480721961852
7.486860752105713, 2568.28304253245
19.27502417564392, 2551.302232528571
30.030657052993774, 2535.53304969272
T12
1.8880589008331299, 3598.7986176319537
1.9366626739501953, 3529.896590407123
2.1307756900787354, 3457.8005379124806
2.2278738021850586, 3453.445432211287
2.2765069007873535, 3406.898683318912
2.325119972229004, 3372.166585871004
2.373749017715454, 3301.286182361844
2.422362804412842, 3247.861221581261
2.471142530441284, 3176.286313185832
2.56843900680542, 3107.1845080442727
2.665712833404541, 3106.7668537157733
2.7143795490264893, 3093.5153698547365
2.763050079345703, 3057.841874343707
2.8603103160858154, 3056.20591057853
2.9089250564575195, 2934.78525111021
3.1521363258361816, 2764.6282467414276
3.249305248260498, 2723.3360829012527
3.297910451889038, 2708.340129881515
3.3951900005340576, 2620.682882019537
3.5410079956054688, 2592.0059019738255
3.784214973449707, 2591.1806810622074
3.8328442573547363, 2576.15191179885
4.466692924499512, 2566.3194851873704
4.564072370529175, 2560.90391798933
8.608050107955933, 2557.4215746164264
9.338106632232666, 2521.7473265542067
25.63954734802246, 2518.1152109976247
T13
2.419727325439453, 3487.386806825307
2.5168285369873047, 3325.667759134565
2.565392255783081, 3142.146901459797
2.8569915294647217, 3141.9037688129465
2.9056625366210938, 3137.9244673350913
3.148820400238037, 3074.508322420894
3.2949490547180176, 2913.0599660943844
3.6356911659240723, 2779.98057153853
3.7329413890838623, 2750.2372679852706
3.781529188156128, 2714.555258464723
3.8301711082458496, 2691.849362424866
3.975952625274658, 2625.7965860643744
4.024591445922852, 2615.3717415208084
T14
2.712736129760742, 4046.1144174562505
2.9554355144500732, 3683.218381834886
3.004099130630493, 3617.4065056632535
3.0527865886688232, 3564.256866940763
3.101435661315918, 3328.6563261940028
3.9296886920928955, 3170.735064593595
4.416527271270752, 2937.9652762806945
4.4652440547943115, 2927.6776897092495
4.562601327896118, 2921.491583004914
4.611201286315918, 2917.437810991134
5.146422624588013, 2897.9017164189427
5.292370319366455, 2889.66466980298
5.341148138046265, 2763.4823506089015
5.389994144439697, 2756.2878356034053
5.997204780578613, 2741.402677567312
6.094555616378784, 2739.43155933269
6.241162300109863, 2734.657321423132
6.289852142333984, 2710.7680969506473
6.4848222732543945, 2701.516808946966
6.974997043609619, 2697.01289276185
7.561063528060913, 2673.542528968115
9.074581623077393, 2635.612078834776
9.171911478042603, 2632.2144127955107
9.318207740783691, 2591.8819663296163
10.784110307693481, 2589.0103318249894
28.029394388198853, 2581.9753185314767
T15
2.275559663772583, 4704.920676451467
2.4695887565612793, 3982.6367690578627
2.518247365951538, 3836.680107014501
2.5670289993286133, 3814.99479009505
2.615753412246704, 3661.2743733264215
2.713160753250122, 3565.682244660682
2.8106532096862793, 3474.455318687207
4.028934717178345, 3458.96775068836
4.2237138748168945, 3448.834283125834
4.3210906982421875, 3436.273236409601
4.369709491729736, 3148.304160475396
4.564492225646973, 3135.906813994836
4.759153842926025, 3123.561803287288
4.905039548873901, 3114.9920163313946
4.953690052032471, 3100.4498850019154
5.051025152206421, 3082.8688777304196
5.099676609039307, 3082.5059145220293
5.196975231170654, 2923.5181911331892
5.586625814437866, 2909.626901808675
5.683926343917847, 2882.205310471618
5.7812418937683105, 2794.377176745562
5.830122709274292, 2761.9865952759865
5.878772020339966, 2728.0868800255557
5.927373647689819, 2694.3443843998393
6.024600028991699, 2681.2949389279966
6.170965671539307, 2632.9828054262907
6.316819429397583, 2629.4071303801175
6.463079214096069, 2623.8481269354816
6.707093954086304, 2587.157012286232
7.341326713562012, 2581.9509629759996
T16
2.7087292671203613, 3716.098532907694
2.805771827697754, 3598.6642323463457
2.999762535095215, 3539.284431910506
3.048401355743408, 3525.0261823821347
3.0970311164855957, 3378.7672445952485
3.1456494331359863, 3331.676487041652
3.438140869140625, 3302.201712853799
3.5354886054992676, 3203.697516103697
3.584113836288452, 3140.8755567816697
3.632740020751953, 3035.3179561630677
3.6813621520996094, 3003.519249370438
3.924581527709961, 2971.3184588075965
4.021992444992065, 2936.9256819684815
4.119259595870972, 2909.4310783371475
4.26505184173584, 2897.622646041782
4.3623950481414795, 2818.669830805986
4.459653615951538, 2806.421117386024
4.556755065917969, 2751.750834373888
4.848435401916504, 2716.019073126983
5.188695669174194, 2710.7531511868146
5.529230833053589, 2694.3713693212194
5.967003107070923, 2674.4949190241314
6.015673875808716, 2641.472577670065
6.2101335525512695, 2623.298334929161
7.041374921798706, 2597.9134030228306
7.578752279281616, 2575.432773576831
20.495214462280273, 2570.9704294833064
21.0805242061615, 2564.196791725888
21.129170894622803, 2554.942459393802
21.177817821502686, 2548.220039345455
T17
1.7439723014831543, 3849.332300131093
1.8410911560058594, 3712.818819405671
1.9384980201721191, 3681.1463750766998
1.9870660305023193, 3547.7124114058533
2.0842885971069336, 3461.8847834655753
2.1816043853759766, 3439.6614682536892
2.5223121643066406, 3438.196465797082
2.620154619216919, 3385.0336281238706
2.717369318008423, 3143.9780107213446
2.863621473312378, 3067.285289653679
2.9607863426208496, 3001.5843169272266
3.0579679012298584, 2989.086747238267
3.2037129402160645, 2980.4603330503014
3.2522687911987305, 2947.315897847322
3.3009159564971924, 2822.8144732895453
3.738736391067505, 2811.8547913448856
3.7873876094818115, 2796.7294950014766
3.8361093997955322, 2763.201847752469
3.9333484172821045, 2738.8835556606646
4.12788462638855, 2714.838469288312
4.399587392807007, 2705.982277583171
4.5456225872039795, 2657.062687970625
5.277719497680664, 2650.9748272204015
5.326471328735352, 2631.5277962785767
6.8905017375946045, 2613.190235606933
6.987764596939087, 2611.6826792155334
11.140217304229736, 2597.3992015665426
12.554312229156494, 2580.8257189630967
15.094013929367065, 2579.544311204256
T18
2.034062623977661, 3661.980078087392
2.131469964981079, 3595.516058192472
2.180131196975708, 3426.0216253991093
2.3263864517211914, 3391.7142740772397
2.3751399517059326, 3359.5576055041747
2.423839807510376, 3341.4118950242846
2.569939374923706, 3306.1716096521413
2.8619699478149414, 3174.1823793988733
2.910829782485962, 3120.79638354684
3.008251428604126, 3098.011798272317
3.105581045150757, 3067.7988571619644
3.1542670726776123, 2984.8750196545734
3.300398349761963, 2922.4663434211107
3.3491873741149902, 2881.047960591226
3.397892713546753, 2792.156331981634
3.4954240322113037, 2790.6045420083537
3.544076442718506, 2718.3025245766476
3.5927886962890625, 2717.1271417672106
3.738690137863159, 2708.211251238812
3.836153507232666, 2692.599076425162
4.031162977218628, 2685.6618962218345
4.128628730773926, 2665.9425616761728
4.177466154098511, 2655.620651407793
4.372162580490112, 2653.225960578362
4.420948266983032, 2647.843939599261
4.616405725479126, 2628.560758320018
4.957788705825806, 2601.7076294657018
6.167740345001221, 2561.249788924193
T19
2.518805742263794, 3736.6552188995993
2.616205930709839, 3679.9849631460384
2.713975429534912, 3663.8934397489356
2.7625486850738525, 3456.3848369906336
2.8598556518554688, 3454.3488486093265
2.9571685791015625, 3422.0959690840828
3.0057802200317383, 3310.7572020536318
3.103163480758667, 3296.2475857656245
3.2978386878967285, 3269.823118048662
3.5905497074127197, 3229.9683970269252
3.6392390727996826, 3131.0757377596456
3.883000373840332, 3096.9738459774526
4.0290069580078125, 3021.0612651291012
4.077718019485474, 3004.0910939161113
4.272352695465088, 2996.0975453633146
4.369651794433594, 2975.501613469605
4.418334007263184, 2955.0812808308983
4.4669578075408936, 2926.9728862248594
4.564251184463501, 2887.1826628625713
4.710404396057129, 2840.6864126570435
4.807860374450684, 2724.483717673924
5.002531290054321, 2702.8394875617087
5.148651123046875, 2673.9270543660823
5.343371868133545, 2623.042532991094
5.392092704772949, 2607.6999901692616
6.2217137813568115, 2601.0588226958207
6.270403861999512, 2596.7355478965037
9.235129356384277, 2588.36139270071
16.036401510238647, 2572.944883109798
T20
2.760394334793091, 4226.264234117523
2.954819440841675, 3890.5245203044615
3.0520620346069336, 3329.1374360416958
4.760399580001831, 3194.593209040977
5.151661396026611, 3136.077806777612
5.346969127655029, 3135.9119458509085
5.444556474685669, 3096.0420507223025
5.5904505252838135, 3025.3247437794053
5.833977460861206, 3011.1955775172682
5.882614850997925, 2952.010516793438
6.028726577758789, 2951.6059871158504
6.174804449081421, 2944.913966475666
6.320662260055542, 2913.118042339527
6.417948484420776, 2894.4798345234594
6.466676235198975, 2874.3366548650665
6.6126086711883545, 2856.590019998155
6.75880241394043, 2790.9178016615915
6.856072664260864, 2759.1981880113744
6.90470552444458, 2720.3702092222957
6.953395366668701, 2698.950895907503
7.732483863830566, 2687.5038784625503
7.781207084655762, 2668.620389862146
7.829880952835083, 2653.3675831609726
8.659352540969849, 2634.8353205552266
8.75660490989685, 2603.2887591780163
8.903461456298828, 2579.7046419300314
T21
2.9057371616363525, 4099.66715521751
3.051375389099121, 3585.8206116643414
3.294667959213257, 3506.5850657137053
3.3433284759521484, 3311.2508331523713
3.9762308597564697, 3210.7187804580317
4.317633152008057, 3202.624028033082
4.659289836883545, 3160.503572470727
4.75655722618103, 3037.3673819223186
4.8053200244903564, 3030.6126920315
4.853926658630371, 3005.082199449258
4.90261697769165, 2993.321633031519
4.999851703643799, 2989.9619198426517
5.243148565292358, 2942.113006100917
5.29187536239624, 2927.952496620099
5.535330295562744, 2908.896717597294
5.6814868450164795, 2886.7712585092377
5.730232238769531, 2872.8428698490898
5.778965473175049, 2872.6294032206933
5.876214027404785, 2844.592077352747
5.924846887588501, 2803.52626072352
5.9735307693481445, 2783.9936448342487
6.119567155838013, 2772.14886668275
6.265616416931152, 2769.095099388258
6.363070487976074, 2726.164313463727
6.9958813190460205, 2653.184191989116
7.092993497848511, 2647.1952004182094
7.141662836074829, 2620.222150918533
9.537161350250244, 2612.230956225001
T22
1.8879203796386719, 3894.323178859442
1.984898567199707, 3868.4559779413103
2.0336148738861084, 3615.1515127090242
2.3356897830963135, 3541.9135060961125
2.5302274227142334, 3504.7355721083877
2.6763792037963867, 3498.091306027214
2.871124744415283, 3478.701677236677
2.968508720397949, 3438.4573224515625
3.1146323680877686, 3438.179009426778
3.163377046585083, 3332.832996778525
3.4068832397460938, 3125.668278787387
3.553035020828247, 3099.266386434494
3.6017541885375977, 3098.7358487715974
3.7480578422546387, 3058.4932962761377
3.8454549312591553, 3000.942124143956
3.9426701068878174, 2905.540581234658
4.08853816986084, 2750.8636235801387
4.185751676559448, 2648.924673170768
4.283006191253662, 2634.6378420516994
T23
2.9507129192352295, 3906.6489124750224
3.338743209838867, 3788.1607116565283
3.3872950077056885, 3678.4511945771956
3.4359049797058105, 3611.2129698221834
3.4845621585845947, 3549.86902840159
3.581990957260132, 3498.282142040596
3.630640745162964, 3453.7482051646803
3.825237512588501, 3258.511791863857
4.750630855560303, 3143.6773828524747
4.993980169296265, 2971.282319711783
5.335312128067017, 2968.1199465052778
5.383999824523926, 2863.7827964800963
5.578671216964722, 2858.3761400535877
5.627305507659912, 2781.1824723656027
5.9189183712005615, 2779.0080877837754
6.016120910644531, 2762.922572195297
6.064753293991089, 2738.449006566967
6.405028343200684, 2721.8175156111247
7.0863566398620605, 2718.2660609787126
7.23339581489563, 2714.1486429721117
7.28241229057312, 2710.5971883396996
7.3310606479644775, 2700.5902207500185
7.817606449127197, 2693.4855090712954
7.963815212249756, 2692.303761491785
8.209371328353882, 2690.1036117594194
8.502535581588745, 2670.461409025258
22.641447067260742, 2666.132832317322
22.787359952926636, 2661.243015341184
22.884677171707153, 2648.3738733576465
T24
2.518115758895874, 3562.193264613714
2.615139961242676, 3346.3426325189066
2.858206033706665, 3317.1190340449684
3.0045478343963623, 3306.8336014980014
3.101977586746216, 3237.5316357356496
3.393663167953491, 3166.2951121637743
3.5887818336486816, 3113.4841173434106
3.7348074913024902, 3069.059770885855
3.832176923751831, 2965.432802041498
3.929486036300659, 2894.6964712966583
3.9781012535095215, 2873.5113666473044
4.026709794998169, 2860.178409622182
4.123995304107666, 2810.6589120126155
4.172719478607178, 2800.500192606036
4.2213990688323975, 2778.539338184346
4.270087718963623, 2777.233824221985
4.367392301559448, 2735.6454798306513
4.562053918838501, 2707.0581919821125
4.707911491394043, 2699.5281239974865
5.0002665519714355, 2692.8953362870816
5.243543863296509, 2669.50472803459
5.292255640029907, 2659.1709474003146
5.535937309265137, 2658.558112689454
5.633429050445557, 2637.2431857783813
5.682100057601929, 2605.1116214509966
6.122211933135986, 2601.7259294231335
T25
2.17277455329895, 3830.500709650165
2.2697718143463135, 3607.740065026548
2.3672659397125244, 3521.0785197417863
2.561922788619995, 3454.1169077920495
2.7078256607055664, 3408.673451701965
2.902448892593384, 3311.6423441918014
3.097052574157715, 3242.406642488888
3.145829200744629, 3154.3574176491675
3.1945698261260986, 2961.514293664004
3.243204116821289, 2903.681442769055
3.4864797592163086, 2850.5791526530084
3.5351555347442627, 2824.6358943382365
3.5837810039520264, 2763.5826673330594
3.875797748565674, 2758.816655985749
3.92455792427063, 2738.3908807765692
4.119053602218628, 2689.4531163336796
4.459521770477295, 2642.7411246355623
4.556912660598755, 2611.3645182336186
T26
2.760911703109741, 3932.2995501136757
2.954970359802246, 3685.764640380279
3.149498701095581, 3446.1800453636097
3.295978546142578, 3362.3367079149175
3.34472918510437, 3355.9381401703868
3.8317153453826904, 3173.9714036901278
4.367613315582275, 3105.2690492762194
4.660283088684082, 3103.0385773558664
4.757639408111572, 3018.532699701129
5.148221015930176, 3004.704177618376
5.245805740356445, 2938.055144046928
5.2947163581848145, 2898.39860263202
5.392348766326904, 2882.8304883021483
5.441137075424194, 2881.450138397413
5.490020751953125, 2847.440343379043
5.587557792663574, 2828.6301750107814
5.782306671142578, 2810.4854051657167
5.879714250564575, 2786.577793182674
5.977075576782227, 2716.7634822131076
6.025785207748413, 2709.2356050807284
6.317699193954468, 2707.9963102350885
6.463855981826782, 2666.694934439234
6.512577295303345, 2660.888288768154
6.708235740661621, 2640.081116713918
6.756971836090088, 2631.7393090919213
6.951656818389893, 2630.1732065242977
7.832446336746216, 2593.411130244829
7.881425380706787, 2591.8450276772055
T27
2.959866762161255, 4338.017328318863
3.0571577548980713, 4169.163685431355
3.2033190727233887, 3890.6193223616865
3.2521488666534424, 3885.212839987449
3.301004409790039, 3802.358966954969
3.34977388381958, 3784.0634625375387
3.398648738861084, 3766.6872302771953
3.4961965084075928, 3564.740100225332
4.0813422203063965, 3537.502932916832
4.130096197128296, 3405.6001036776433
4.570071458816528, 3320.9872201313847
4.9116621017456055, 3140.2794235652837
5.10691499710083, 3131.1620113889658
5.2533183097839355, 3069.745057946493
5.448330879211426, 3015.6841729701846
5.740844964981079, 2999.9009087088198
5.789941072463989, 2931.5066419107898
5.935979604721069, 2914.4397268826287
6.033397912979126, 2880.626959496425
6.082120656967163, 2878.7339235460386
6.130849599838257, 2854.5239579594345
6.2283406257629395, 2806.78746388125
6.325797080993652, 2794.012265225334
6.3744797706604, 2785.016500298574
6.423178672790527, 2754.18462778932
6.47197151184082, 2747.104718810602
6.715468406677246, 2741.0450229137496
7.008403062820435, 2731.66735997425
7.1057963371276855, 2723.835195470485
7.935225486755371, 2723.501362286639
11.070817947387695, 2722.0428998912685
T28
2.3732099533081055, 3544.164512185089
2.6640121936798096, 3442.1650414936594
2.7126622200012207, 3405.4802132492478
2.761357307434082, 3384.4013258224295
2.8588058948516846, 3346.0915979149577
2.90742564201355, 3283.9437739978457
3.004709243774414, 3223.396174713067
3.3459115028381348, 3218.953466924693
3.492905616760254, 3124.5539783657296
3.541677236557007, 3121.4619705933583
3.590338706970215, 3085.3887145686895
3.736525774002075, 3013.938429143702
3.833815813064575, 2972.974761568301
4.126336097717285, 2946.5635081962973
4.223754405975342, 2905.5998406208964
4.272443532943726, 2874.7760956519924
4.418594598770142, 2783.1492254749464
4.66209602355957, 2687.6868084186717
5.246089220046997, 2670.069059164758
5.391902208328247, 2669.9266371257545
5.733471870422363, 2652.403976454385
6.31948709487915, 2647.7231500420894
7.930059432983398, 2641.5923700914573
20.74938201904297, 2622.6139088649797
21.47904348373413, 2607.393799001191
21.674002170562744, 2603.2168899731623
T29
2.035684108734131, 4162.553039847015
2.1327807903289795, 3611.960143174656
2.18145751953125, 3601.5250787630066
2.278792142868042, 3468.982648329911
2.6681227684020996, 3361.000966574429
3.252779960632324, 3193.4717350775754
3.3993659019470215, 3116.3888339212863
3.496701955795288, 3009.3781964123773
3.642683982849121, 2923.669044044407
3.7887117862701416, 2888.5994481004163
3.837347984313965, 2843.2080660045613
3.8859939575195312, 2810.371375246177
3.983168601989746, 2789.0221244560526
4.031803607940674, 2787.0742719019618
4.080692529678345, 2739.5303917028505
4.324023246765137, 2723.1572590919386
4.470228433609009, 2719.218609670017
5.250267505645752, 2712.405556734637
27.789264917373657, 2706.5393503874366
27.83789896965027, 2699.755379346636
27.88654637336731, 2691.7801433482528
T30
2.277554750442505, 3917.6420745861105
2.6660661697387695, 3536.078954485085
2.714717388153076, 3406.2827363124234
2.958019495010376, 3361.5179439563217
3.1042258739471436, 3344.758061217799
3.2016077041625977, 3141.035061009301
3.6397268772125244, 3080.876027784194
3.883056402206421, 3004.0735928474605
4.17539119720459, 2936.80503450174
4.370407819747925, 2852.0628030020307
4.516481637954712, 2828.8335413202585
4.614326477050781, 2781.765457788759
4.906540632247925, 2775.8585020980536
4.955149412155151, 2741.1168474459846
5.003835678100586, 2729.1283469808113
5.052495718002319, 2718.6503423000104
5.101097822189331, 2717.5349020918657
5.149859189987183, 2698.8078991519724
5.344506025314331, 2693.259183164453
5.539215087890625, 2673.5576108811656
5.58783483505249, 2645.148587803764
6.1720356941223145, 2637.006714106945
8.97483777999878, 2587.2115075040056
19.374732494354248, 2568.9926764660486
20.445266008377075, 2561.112188784202
T31
2.810136079788208, 3733.36800565671
2.907433271408081, 3404.9005168477015
3.1022002696990967, 3353.871879569415
3.1509459018707275, 3345.2378178294894
3.1996066570281982, 3308.45772123785
3.5892584323883057, 3255.3378659898153
3.784181594848633, 3244.9720050922915
3.881526231765747, 3118.3600836321857
4.418020486831665, 3102.9429493950593
4.515459060668945, 3088.5739940542844
4.710289716720581, 3055.8898413109564
4.7590014934539795, 3008.7339784023934
4.905426025390625, 2962.705702980107
4.954219818115234, 2952.717647741214
5.100450038909912, 2898.506780543583
5.149163246154785, 2875.741185319537
5.2954981327056885, 2868.4493409322167
5.344225645065308, 2851.496049493304
5.539021968841553, 2822.182302153102
5.636514902114868, 2757.7241393302975
5.733928918838501, 2745.9744006682595
5.977646350860596, 2720.9523493175802
6.0263965129852295, 2687.642941097656
6.075335264205933, 2675.3766929762496
6.172873497009277, 2658.2460548449308
6.5136590003967285, 2646.759654589696
7.64180326461792, 2630.849656377497
7.885429620742798, 2625.690875177912
10.78438949584961, 2617.737074917881
T32
2.1339144706726074, 4265.138683633093
2.231137752532959, 4056.103677490857
2.2798354625701904, 3920.573855277529
2.3285210132598877, 3838.8590306280385
2.3772096633911133, 3777.332093541685
2.4259495735168457, 3556.990694672335
2.523301362991333, 3441.4893611782463
2.669334650039673, 3428.3086668166943
3.4499025344848633, 3348.817918334418
3.644721508026123, 3302.10545193468
3.8881404399871826, 3261.4604963201855
4.034145355224609, 3120.7427260896075
4.131451845169067, 3108.882482010318
4.180233716964722, 2953.738533565629
4.277766466140747, 2914.5705576818727
4.521466493606567, 2898.4624042208015
4.667698383331299, 2829.8273439329205
5.0084497928619385, 2815.921273131724
5.154721021652222, 2793.690722691943
5.5484631061553955, 2750.4671820222575
7.554044485092163, 2724.5069810019486
10.487850427627563, 2706.2829666471225
10.63382863998413, 2704.8652250959276
10.780054330825806, 2683.2257636624418
11.268747568130493, 2682.784352356437
22.38907480239868, 2675.5813475204486
23.657711505889893, 2675.079635573027
24.92934489250183, 2665.9561094174423
24.97812819480896, 2654.490013391027
25.026753902435303, 2642.5751830990775
25.075451612472534, 2634.1538181458163
T33
2.325309991836548, 4092.79369333497
2.3739094734191895, 3736.5051488517056
2.42256760597229, 3731.0134695394518
2.5685980319976807, 3707.0339986733015
2.617342233657837, 3511.670922235033
2.7149651050567627, 3261.7395436797815
3.834049940109253, 3128.303184131146
4.174797773361206, 3042.5187433682004
4.563783168792725, 3008.5274587149033
4.6124467849731445, 2935.036075905693
4.661227464675903, 2925.277404308261
4.759180068969727, 2912.6949152012676
4.807819128036499, 2874.5626352765103
4.905185699462891, 2837.2493616791326
5.051555633544922, 2799.0314232784003
5.148756980895996, 2798.893928744874
5.246059894561768, 2798.6702025032428
5.294655799865723, 2764.718016983883
5.830405235290527, 2720.895852642454
5.87919807434082, 2697.6992111949075
5.9279749393463135, 2663.635333068465
5.97661566734314, 2649.9313566920173
6.659369707107544, 2643.0182515226043
9.290968179702759, 2642.4048518510826
25.73235058784485, 2625.9022925573518
T34
2.032747983932495, 4071.871611333874
2.0816149711608887, 3454.2864875941887
2.1302990913391113, 3413.375254382976
2.373608112335205, 3368.581991377927
2.6651904582977295, 3316.2986612921522
2.762359142303467, 3254.864309214099
3.151630163192749, 3156.048631053389
3.3463265895843506, 3059.03852255964
3.4922420978546143, 2972.6943875488796
3.6381828784942627, 2899.604549905591
3.881349802017212, 2889.9839384189836
4.027316331863403, 2801.035952100923
4.124811410903931, 2796.7450801600935
4.270971298217773, 2781.0362148640997
4.368124008178711, 2780.4268207340647
4.416811943054199, 2777.4250711002096
4.66002082824707, 2732.4777966208494
5.29360294342041, 2724.7161048119888
6.806147575378418, 2718.6845213297784
7.049021244049072, 2716.871193070707
19.652827978134155, 2716.727804681039
19.750060319900513, 2679.706555911762
T35
2.132380962371826, 4125.669976231293
2.1809470653533936, 4031.1951593263657
2.229602098464966, 3978.7397147848824
2.2784006595611572, 3753.744611156697
2.3758511543273926, 3657.0244421815296
2.424574375152588, 3472.203619702894
3.0572736263275146, 3380.1096183970512
3.3009352684020996, 3267.2886349048495
3.7886762619018555, 3134.4406608960126
3.886043071746826, 2966.651735976993
4.226994037628174, 2937.8606697653886
4.373109579086304, 2936.6036742295837
4.470454692840576, 2900.4687234168814
4.567791700363159, 2864.4938739677455
4.859623908996582, 2837.929355596454
4.908322334289551, 2811.9849822578544
5.200188875198364, 2801.611097489629
5.297452926635742, 2731.0380401143047
5.346073150634766, 2728.683030888147
5.394709587097168, 2715.463455310659
5.58966326713562, 2702.336918767105
5.638313293457031, 2644.367819574618
5.735567092895508, 2577.118702181295
6.467872142791748, 2565.9317977326573
T36
2.229438543319702, 3439.015888213238
2.3266053199768066, 3378.304477872385
2.3751442432403564, 3361.652109307499
2.4237332344055176, 3302.655236380204
2.56992769241333, 3247.522244958862
2.6672146320343018, 3246.7233503828174
2.764511823654175, 3104.3276422500494
2.9592299461364746, 2970.401209188509
3.2026538848876953, 2915.3980360027927
3.2515642642974854, 2889.952106937446
3.3977136611938477, 2831.3034558017243
3.4948267936706543, 2802.980454870005
3.6407694816589355, 2797.271007493531
3.7869274616241455, 2770.928046716901
3.835688352584839, 2759.2076184742327
3.884331226348877, 2742.014854561625
4.030031204223633, 2715.0158172888187
4.321779012680054, 2662.7225121109077
6.613987922668457, 2660.5562098185183
6.711387395858765, 2643.1012174020725
6.808826923370361, 2639.7418559305806
6.857453107833862, 2633.1454047070292
6.954829931259155, 2608.0653037756274
T37
2.9549412727355957, 3978.60987073298
3.2459805011749268, 3508.6423173721996
3.4404330253601074, 3453.8018200756924
3.4891250133514404, 3325.849962287917
3.831568479537964, 3240.3269393432565
4.026283502578735, 3213.238056676084
4.464794397354126, 3137.7364160480356
4.854868412017822, 3103.3840550373425
5.098812103271484, 3037.085262935332
5.147513389587402, 3006.560162600348
5.196200370788574, 3005.7744057620584
5.634154319763184, 2996.936507847655
5.68283748626709, 2894.591146508188
5.780396461486816, 2892.5013142199605
6.072618722915649, 2857.4808321383025
6.121284246444702, 2814.5235800764203
6.364672660827637, 2808.9078015543346
6.461935043334961, 2801.4145679354842
6.510638952255249, 2780.6753966744145
6.5593345165252686, 2758.646820067006
6.6566221714019775, 2710.424800497771
6.851498126983643, 2651.8719780749816
7.143628835678101, 2644.5835050768947
7.192309379577637, 2643.492186924137
7.240954637527466, 2634.2436976853787
7.776274681091309, 2633.5540434555005
8.215867519378662, 2629.1407808204967
8.26448369026184, 2611.512500430894
T38
2.4210941791534424, 3708.1660313549655
2.5181901454925537, 3632.2232877851056
2.567079782485962, 3603.2664738451276
2.6644158363342285, 3509.4616831161547
2.7617883682250977, 3468.2637505925522
2.8591909408569336, 3338.6116562904353
3.151477575302124, 3176.1308512620017
3.3470473289489746, 3106.641964204915
3.5422720909118652, 3060.030193474653
3.7372264862060547, 2941.0155509386823
3.7859785556793213, 2872.7762863626413
3.9806716442108154, 2851.0851713175944
4.029346227645874, 2844.239123217907
4.077961206436157, 2839.810984990123
4.126708745956421, 2826.4426744406082
4.272968769073486, 2821.5806015350536
4.4193174839019775, 2751.515234484308
4.5169291496276855, 2703.82267831004
4.663171291351318, 2692.7614943999215
5.200337648391724, 2678.8508385679743
5.5417726039886475, 2636.1682007878408
T39
1.9880123138427734, 3581.8854845947353
2.1818437576293945, 3564.19558669423
2.279376268386841, 3503.409121067467
2.3768227100372314, 3493.832828650862
2.4256951808929443, 3436.33517708155
2.474379539489746, 3394.227227774347
2.5721490383148193, 3248.6308562946942
3.1074881553649902, 3236.770239069636
3.1561279296875, 3137.494686210237
3.253369092941284, 3067.633973675387
3.4480679035186768, 3018.703428501438
3.4967546463012695, 2908.993336047177
3.6913063526153564, 2903.7286617365753
3.7399017810821533, 2884.1503071401385
3.8373658657073975, 2883.9466522439907
4.080427646636963, 2868.253798915175
4.274821519851685, 2844.3410453133256
4.323631286621094, 2831.3879687003646
4.420844316482544, 2825.4427064244373
4.567085027694702, 2789.0920432834246
4.71308708190918, 2743.2526818517363
4.761815309524536, 2742.9142833170044
4.810477256774902, 2742.675768886271
6.671784400939941, 2713.8436926986906