T0
0.7884292602539062, 34.92429101056631
4.890379428863525, 29.1739755230749
T1
0.4868772029876709, 31.89752186086926
T2
0.8056752681732178, 27.342226596985178
27.467440843582153, 15.991618670012784
T3
0.7743167877197266, 67.30081373558272
8.978109359741211, 67.12471749911734
13.079965591430664, 61.01552914095463
17.181933641433716, 48.63619576744769
19.232820510864258, 47.90001760707332
21.283717155456543, 46.39575957659831
23.334596633911133, 43.290912220302914
25.385631799697876, 42.55473405992854
27.436607837677002, 34.64417755477937
T4
0.19540166854858398, 67.67051588184222
2.246485710144043, 64.69053027321105
6.348292589187622, 58.902259318366426
10.450201988220215, 55.293446599010366
12.501321792602539, 47.75608480120278
14.552307367324829, 35.98581351585811
16.60334300994873, 29.184322135763313
26.857816219329834, 24.947092373609493
T5
0.1944880485534668, 58.021362665988825
2.2453227043151855, 51.606867151739706
4.296250343322754, 50.87675847159915
6.347273588180542, 30.02819320028613
20.703577041625977, 20.29899302864652
T6
0.1940150260925293, 62.75653381108321
2.2450578212738037, 61.87645064675235
4.2960450649261475, 58.391360036354136
6.3470704555511475, 51.791965613922216
8.39799427986145, 45.77482135946312
24.805370807647705, 45.18833638108936
T7
0.6805419921875, 59.373831488675805
2.7318649291992188, 36.552455737110115
T8
0.19429421424865723, 64.7426889668592
2.245252847671509, 55.75448221956785
6.347240209579468, 44.94671959235281
8.398215532302856, 25.577376131037575
T9
0.48348450660705566, 73.1544416943359
2.534527540206909, 69.87553356267844
4.585606813430786, 61.91009748390072
20.992876529693604, 60.05165192152112
23.043790578842163, 57.65795063199836
25.094796180725098, 53.80045987529055
27.145763158798218, 45.83985306287699
29.196581602096558, 30.264294479060858
T10
0.19490265846252441, 30.113002812583986
10.44935131072998, 25.038379380459745
T11
0.19399261474609375, 20.422446388452123
T12
3.630248785018921, 75.49528893138127
5.681589841842651, 51.705943958449595
7.732494115829468, 37.708193573554176
15.936219930648804, 18.593395293434252
24.14003896713257, 15.229527523228011
T13
5.283264636993408, 107.31290148210745
9.385018348693848, 73.12494469196847
13.487124919891357, 61.17577024196041
17.589004516601562, 51.94343705566452
T14
2.4151365756988525, 36.700409673496445
T15
0.19453048706054688, 69.82370039407765
2.245622396469116, 66.06548346966396
4.296674013137817, 63.31311137171282
20.704102277755737, 52.800336129104394
22.754914045333862, 24.18020251049192
T16
0.1951000690460205, 26.079840228793454
4.296941518783569, 25.9451970130309
T17
4.493741035461426, 98.58511671438839
6.544758558273315, 75.2463728154823
8.595803260803223, 52.23586373307478
10.646770477294922, 39.0627581149236
16.799384355545044, 34.04562968459363
22.952046394348145, 28.564694158719334
T18
0.1943521499633789, 78.07013588440043
4.296477556228638, 75.3538667184459
10.448992490768433, 65.00538358374897
T19
0.1949622631072998, 85.51324972904877
2.246039867401123, 65.71567683383833
4.296998023986816, 60.91116065317192
6.347918748855591, 50.927355467113436
12.501057147979736, 49.30699201016324
16.602864742279053, 38.232792494245786
26.85743737220764, 37.19860963764029
T20
0.194291353225708, 66.66336119244727
4.295945405960083, 66.6526151504859
14.55047082901001, 64.88612350060023
T21
0.1943376064300537, 52.74237077061717
2.245357036590576, 35.2414235272214
T22
0.19487380981445312, 39.44164132211445
2.2458951473236084, 30.775764315637026
T23
4.011020183563232, 96.88188634066752
6.062109708786011, 62.58328675683431
10.16407036781311, 58.64712393866729
18.36795663833618, 54.30135878411362
30.673209190368652, 46.63591265025963
T24
2.615123987197876, 74.7152044213371
4.666032791137695, 52.44062596984679
8.767852783203125, 42.44781420790848
12.869577646255493, 41.1905754389189
16.971511363983154, 35.048468642512226
19.022456407546997, 33.404208706112755
T25
1.649397373199463, 87.3215497849302
3.7003302574157715, 52.02043452072236
T26
0.19404983520507812, 82.15712287979954
2.244947910308838, 71.60886504081368
4.29582667350769, 64.51529915596639
6.346886396408081, 61.365243576456464
8.397969007492065, 55.5469021187208
20.703243732452393, 54.23487875283911
26.85590386390686, 46.722994525867804
28.906883239746094, 44.129276720441325
30.95787000656128, 42.055705702405156
T27
0.19454455375671387, 34.71594624577201
2.245481491088867, 22.625514795784355
T28
1.4060401916503906, 110.48619996485418
3.456993341445923, 46.959727213971405
7.55869197845459, 40.42399963665135
9.60966444015503, 40.185635033750756
T29
0.19437241554260254, 32.98987122575009
T30
1.7411863803863525, 45.28612516327158
3.792149543762207, 38.48376712247854
5.843130588531494, 38.05473913759808
7.893979549407959, 37.14936575316416
9.944900274276733, 35.54654355504591
16.097666263580322, 15.360228371910978
T31
0.1951124668121338, 35.69194242529146
2.246149778366089, 15.975337078637384
4.297268390655518, 13.8793868696955
T32
0.1949625015258789, 49.456908537832994
2.2459168434143066, 21.512397156153735
T33
0.19451165199279785, 74.17430290081442
2.245537519454956, 53.08243784120746
T34
0.19492673873901367, 56.54475320731776
2.245884418487549, 53.51926395384485
6.347674369812012, 48.75691418755389
20.70388126373291, 25.710308511846016
T35
0.5337443351745605, 44.77417000978555
4.635770797729492, 35.5809228877693
T36
4.601589679718018, 97.09615585149668
6.65264105796814, 89.20833233244576
8.703662872314453, 77.36197934991156
12.805453300476074, 60.05005899484311
21.00923991203308, 59.40580377262046
23.060178518295288, 44.11929719944806
T37
0.679943323135376, 68.46304957858383
2.731003999710083, 65.44300822821036
4.781896114349365, 50.07422846011386
6.832859516143799, 33.11522005461508
10.93473744392395, 32.620515301162484
15.03661322593689, 32.414755625311344
21.189947366714478, 28.962296879660535
25.291863679885864, 28.64818544450891
T38
0.19441556930541992, 47.70850127858315
T39
2.6131420135498047, 46.15391851241289
6.715135335922241, 34.77090019624743