T0
2.527961254119873, 3562.6748544634756
2.721921443939209, 3519.5933428245844
2.818901300430298, 3482.3685734172686
2.8676352500915527, 3453.038661892264
2.916227340698242, 3318.878708949538
2.9649345874786377, 3216.1877330870484
3.0623812675476074, 3204.9152681094783
3.1110312938690186, 3162.6941997603717
3.3049747943878174, 3159.893839865661
3.353598117828369, 3075.099665951675
3.4021430015563965, 3065.9694172037052
3.4506642818450928, 2995.0011944424696
3.499295473098755, 2967.7053824232353
3.6448593139648438, 2962.8814184645526
3.8398642539978027, 2945.591831829006
3.9368624687194824, 2893.0947707164087
4.422352075576782, 2849.6957716979596
4.616617918014526, 2828.9436932480094
4.665233612060547, 2790.7496896179946
4.762233018875122, 2773.9674213685794
5.782717704772949, 2770.4505805766967
6.221089839935303, 2756.230788857254
6.269810676574707, 2718.779392822791
T1
2.0207149982452393, 3969.194079747467
2.069455862045288, 3502.8207866737794
2.11802339553833, 3421.305111975038
2.1665408611297607, 3377.50167491498
2.3122360706329346, 3356.23397100516
2.554708957672119, 3312.3142375775133
2.748626470565796, 3234.987494023313
2.845639228820801, 3097.3131052768586
2.9916422367095947, 3080.2919928521515
3.040330648422241, 3038.451652810858
3.137319803237915, 3016.1282043399187
3.185776472091675, 3011.309830869206
3.2343146800994873, 2969.9627006026712
3.331228017807007, 2944.674983578865
3.622162103652954, 2923.4266789592
3.670701503753662, 2855.7987309372547
3.7191972732543945, 2849.208790767603
3.8650903701782227, 2825.3450311973793
4.1075050830841064, 2813.94559485669
4.204488277435303, 2799.6984057477166
4.495528697967529, 2796.257109878614
4.932147979736328, 2793.345516071131
5.078062534332275, 2770.45675654534
5.223692893981934, 2767.650175866809
5.320784091949463, 2762.9800533162634
5.369340181350708, 2701.3214632796225
5.417828559875488, 2698.8001944017888
6.0496156215667725, 2687.35240878474
T2
2.132354259490967, 3390.0532463328855
2.1809659004211426, 3341.4880943043026
2.2295429706573486, 3319.2857617513073
2.278137683868408, 3260.3396809773258
2.3753156661987305, 3233.802717488332
2.4239022731781006, 3226.160472139578
2.4724714756011963, 3218.0416274579184
2.5212059020996094, 3173.5346618647163
2.5698840618133545, 3098.9683866723426
2.6184592247009277, 3062.966512282539
2.715538263320923, 3030.097359418185
2.764134168624878, 3012.6747120598448
2.812873363494873, 2966.8217967350283
2.861694097518921, 2940.9789387764686
2.9103026390075684, 2928.0214962252867
3.0561060905456543, 2909.3427601393705
3.687474012374878, 2865.8973945216057
3.7361338138580322, 2852.214207870289
3.881993055343628, 2767.1333767731267
9.120221376419067, 2741.860207293699
11.842165231704712, 2740.7256786718062
13.739353895187378, 2725.125338030346
13.88513970375061, 2695.7154518038587
14.664318323135376, 2692.40138641277
14.907267093658447, 2683.929332785323
T3
1.9842674732208252, 3404.6542087392154
2.178034543991089, 3273.001818704135
2.226511001586914, 3240.519241578775
2.323441505432129, 3155.8322050458883
2.4204721450805664, 3048.269229385718
2.5658457279205322, 3023.773366841124
2.6628410816192627, 2959.455275018554
2.711357593536377, 2936.455673083299
2.75988507270813, 2883.6707374637263
2.9059290885925293, 2866.286840955727
3.051541566848755, 2855.637669968033
3.100048780441284, 2838.141929817408
3.197042942047119, 2819.3577085013385
3.293971538543701, 2804.334872563726
3.6334633827209473, 2769.515854991776
3.6819674968719482, 2766.584540766751
3.730437994003296, 2750.8503863018705
3.9730653762817383, 2731.1589766970355
4.264122009277344, 2722.821477886864
4.361104965209961, 2714.173612757455
4.409963130950928, 2707.047507333358
5.0892674922943115, 2702.96240451857
5.234713554382324, 2701.3934375845056
5.2832818031311035, 2693.026800591382
5.380444049835205, 2691.023934674675
5.428952932357788, 2683.427805608393
7.321532249450684, 2680.5908306676283
11.886301517486572, 2673.1006679655547
11.983515977859497, 2655.4260876779445
T4
1.8410983085632324, 3594.9313818788796
1.8896050453186035, 3537.5567373388767
1.9867823123931885, 3484.205009085381
2.0838799476623535, 3466.573718882115
2.132443428039551, 3399.1246099992422
2.1811304092407227, 3374.513023609361
2.2297439575195312, 3222.6768174765602
2.326880693435669, 3170.6510171398113
2.3753979206085205, 3156.9989932534954
2.4239251613616943, 3156.3339796828513
2.5210118293762207, 3068.6101140486935
2.569610595703125, 3053.0145508496935
2.618431568145752, 2985.0391972977013
2.667065143585205, 2949.8277387327253
2.9103457927703857, 2927.5762669355463
2.9591617584228516, 2916.1400212262743
3.0079843997955322, 2912.390444079916
3.105438232421875, 2877.2947541822796
3.2029707431793213, 2857.199187066515
5.888068199157715, 2844.7790120608115
8.50939393043518, 2836.9404250914668
8.607027053833008, 2815.354451427702
T5
2.4178595542907715, 3720.607446483358
2.5148425102233887, 3531.0108945774045
2.6610605716705322, 3478.8146055184334
2.758171796798706, 3421.9778469645607
2.8552417755126953, 3348.055877436367
3.1465911865234375, 3157.9939594904718
3.1952133178710938, 3131.5240888736007
3.340993881225586, 3053.9789210851523
3.438114643096924, 3049.1032272762386
3.5352344512939453, 3037.943230768098
3.583925485610962, 2971.7405920646343
3.9606587886810303, 2911.8224017984176
4.009250640869141, 2789.1853961579836
4.640187501907349, 2776.5173858213166
4.688786268234253, 2768.331451025668
5.758969306945801, 2753.7631319871143
5.856120347976685, 2752.280826920811
5.904887676239014, 2737.7125078822646
6.001771926879883, 2722.300455117598
6.7794189453125, 2719.69278576957
6.924921751022339, 2707.0250225845302
7.507322072982788, 2697.2169347062154
8.722428321838379, 2688.46421507575
9.062276363372803, 2686.8541202553242
10.519665241241455, 2681.261559396735
T6
1.7944912910461426, 4372.730758454891
1.8916654586791992, 3774.455804006888
1.9887783527374268, 3632.932272011072
2.1345951557159424, 3611.6169844813267
2.2802088260650635, 3554.938304865449
2.377358913421631, 3540.7353912313847
2.425973892211914, 3518.4735466453785
2.669191598892212, 3480.6067789332446
2.7177670001983643, 3409.4241950747382
2.9122326374053955, 3191.3369658555894
2.9608566761016846, 3185.1718643331333
3.009535789489746, 3097.387812930705
3.0581719875335693, 2999.632533962067
3.1554019451141357, 2945.300572365777
3.2040672302246094, 2913.0332925466937
3.3499152660369873, 2864.9831546739297
3.398620843887329, 2858.7681673084808
3.4961092472076416, 2780.1308001960642
3.5447027683258057, 2765.7160707113217
3.641895055770874, 2691.9773798645765
T7
2.1797447204589844, 3591.7511427380086
2.3250303268432617, 3422.4461755416487
2.4709901809692383, 3321.789106832097
2.568031072616577, 3317.9132870609246
2.616518974304199, 3286.906721778847
3.1503140926361084, 3027.7244257283455
3.3450841903686523, 2970.1542815328576
3.4910082817077637, 2932.7553740636795
3.6850900650024414, 2899.9268898968658
3.7822203636169434, 2885.581096764836
3.928030490875244, 2865.8583067380678
3.9766156673431396, 2805.317647149852
4.507519960403442, 2801.88930058368
4.556074619293213, 2678.3342338198563
4.992290735244751, 2675.895997080588
5.477772235870361, 2665.9815025339267
7.52206563949585, 2640.813540266572
T8
2.7110061645507812, 4166.934029294614
2.856492519378662, 3984.505852691349
2.9052791595458984, 3918.727170655191
2.9538590908050537, 3906.1649400195383
3.0024869441986084, 3717.410405958246
3.3909006118774414, 3644.340980709443
3.585057497024536, 3458.4706500188186
3.7305822372436523, 3233.5563539635623
3.876211166381836, 3138.0290348894123
4.021687030792236, 3082.261381050783
4.215909957885742, 3016.55882171954
4.312932014465332, 2937.4572245924937
4.361462116241455, 2882.5626195542427
4.555717468261719, 2858.745508527296
4.750020265579224, 2833.929727531933
4.7985148429870605, 2784.059558856701
4.847071647644043, 2760.355437887636
5.041091203689575, 2748.933068809558
5.089660406112671, 2729.5808914753434
5.186675071716309, 2677.5001969464865
5.283856630325317, 2676.3466906908725
5.332373857498169, 2665.9602982913784
5.4294209480285645, 2639.783709022333
5.477898836135864, 2606.929017205737
5.720202445983887, 2606.517816718253
5.768662691116333, 2578.16840957589
5.817123889923096, 2556.9159335930235
5.914106845855713, 2551.0745040614493
5.963054895401001, 2549.1058576995492
6.011535167694092, 2525.5367720964496
6.303033828735352, 2511.616744000028
6.6435089111328125, 2504.4238421992195
12.7997465133667, 2493.1188853925414
T9
1.9858925342559814, 4031.2542960898645
2.1313631534576416, 3632.290233110034
2.2285611629486084, 3461.2753328859253
2.325880527496338, 3349.668582650447
2.5687501430511475, 3255.097423174753
2.908679485321045, 3245.8486337431023
3.005802869796753, 3233.113418143883
3.0543506145477295, 2985.893900585259
3.1999576091766357, 2956.865681090101
3.29695463180542, 2947.0619548791656
3.3455004692077637, 2943.5408259566466
3.394061803817749, 2904.9585537415114
3.4911649227142334, 2834.5510485113555
3.5887365341186523, 2799.4850914523486
3.9284865856170654, 2777.007991860213
4.122671842575073, 2747.111349248851
4.559795379638672, 2708.6946622642718
4.656984567642212, 2703.592910938467
4.753923654556274, 2692.332479240271
4.996565818786621, 2682.461183095227
5.045076608657837, 2667.838746102221
5.142236948013306, 2667.5081555836805
5.239561080932617, 2644.088194801152
5.8716065883636475, 2623.328772920453
6.211784839630127, 2618.213234003393
7.3297953605651855, 2614.1543498107203
T10
2.1340832710266113, 3878.5626593846027
2.1827526092529297, 3842.079109315986
2.2313709259033203, 3694.944771915274
2.377077341079712, 3535.2620457127414
2.5718495845794678, 3527.4667408371242
2.6204307079315186, 3418.532686388855
2.9233574867248535, 3151.6033060798873
3.0203685760498047, 3073.900386236164
3.2143776416778564, 3003.709506508305
3.311595916748047, 2947.6930666939443
3.360137462615967, 2910.4052648824363
3.6511759757995605, 2909.795974821536
3.7969768047332764, 2882.0801933011026
4.185446739196777, 2879.5312760570087
4.282543420791626, 2868.6635883885247
4.379912614822388, 2848.2932323870555
4.428508043289185, 2842.9266711472665
4.525718450546265, 2842.633485714774
4.574368476867676, 2770.374078622124
4.768505573272705, 2764.5341724001264
4.817047595977783, 2761.948273980808
5.011133909225464, 2746.4157840707194
5.059669494628906, 2702.851314201078
5.108209133148193, 2694.0779303910604
5.156822204589844, 2683.894030184034
5.5948145389556885, 2678.8201805334393
5.643597602844238, 2659.3260706690708
5.789850473403931, 2644.2220716062075
6.811651945114136, 2613.0495210008085
13.712138891220093, 2612.044787917628
14.294069051742554, 2610.783167337562
14.440065145492554, 2608.651812880198
T11
1.697605848312378, 3505.8722128732334
1.9880616664886475, 3422.9021833854495
2.0366098880767822, 3401.5905249707284
2.0852015018463135, 3354.5498636570264
2.1337757110595703, 3165.9659998927164
2.3283650875091553, 3144.6543414780026
2.425483465194702, 3122.7939555279736
2.4741194248199463, 3059.3129279669956
2.5712859630584717, 3038.314585606662
2.619901657104492, 3027.3602423151606
2.7176084518432617, 3014.423645106486
2.766385555267334, 2991.5023934553174
2.9123122692108154, 2986.343405416199
2.9611430168151855, 2926.7927789131427
3.009861707687378, 2881.4551533844206
3.0585246086120605, 2836.3078091500574
3.495898723602295, 2794.681301660421
3.690131664276123, 2790.325850529829
4.27313494682312, 2779.5253625355545
4.4191575050354, 2736.2520635673063
4.467952251434326, 2678.4129978447745
4.711127042770386, 2648.9040859585803
4.808636665344238, 2626.3465147754323
4.954442739486694, 2591.079360082149
5.635362148284912, 2575.495050323363
T12
2.054999351501465, 3532.3585106801474
2.3469650745391846, 3523.138185876436
2.443967819213867, 3312.5342713358987
2.492478132247925, 3303.3139465321947
2.540973424911499, 3279.1025723538987
2.686499834060669, 3107.1208226388844
2.7835471630096436, 3057.1450291962465
2.88061785697937, 2959.3541702450384
3.1230809688568115, 2951.2663798710564
3.1716678142547607, 2909.6766142701745
3.2202186584472656, 2890.60420620488
3.414828062057495, 2883.3951619409927
3.463426351547241, 2852.747141398948
3.560454845428467, 2841.2147590147797
3.657521963119507, 2818.8491742733895
3.94862961769104, 2796.993487942462
4.045624494552612, 2770.013278881728
4.094119071960449, 2759.224505038226
4.142643213272095, 2732.2442959774853
4.726333379745483, 2729.5882049045176
5.261531352996826, 2697.333583892854
10.802307844161987, 2689.6319663648974
10.89926791191101, 2675.8963658545617
T13
1.6478540897369385, 3769.597785461294
1.7449984550476074, 3613.1379447187937
1.793605089187622, 3572.6327595098337
1.8421573638916016, 3401.87092973743
1.9392726421356201, 3397.855601624993
2.133423089981079, 3315.283793999326
2.328317642211914, 3102.5366534090062
2.425672769546509, 3072.7629982340077
2.66839337348938, 3062.8434567145305
2.7170469760894775, 3050.1018495132957
2.814187526702881, 2988.7423494932227
2.86281156539917, 2969.512051822152
3.15437388420105, 2935.2220507978273
3.251570701599121, 2920.5854044100706
3.300126314163208, 2875.789689554673
3.3972530364990234, 2861.1530431669235
3.5431087017059326, 2854.9935684135708
3.640277862548828, 2811.9531530440145
3.737358808517456, 2773.5228071444435
3.8829569816589355, 2766.5719708959296
3.9315431118011475, 2745.095845761047
3.980293035507202, 2709.1136482290676
4.077371597290039, 2702.066749539328
4.174634218215942, 2692.858624851564
4.369247913360596, 2661.000845662493
4.612180948257446, 2636.1847039094937
7.818249940872192, 2628.5511667229875
T14
1.7455215454101562, 3382.6146192466404
1.7941081523895264, 3357.3447071208866
1.8426971435546875, 3195.24459254479
1.9891211986541748, 3178.101976398102
2.1350231170654297, 3166.969309228625
2.1837055683135986, 3134.922598710953
2.280839443206787, 3041.7516249251785
2.378077745437622, 2950.274130142934
2.621068239212036, 2915.6206601974554
2.718545436859131, 2901.439465059513
2.7672600746154785, 2880.325806867346
2.8158047199249268, 2878.12684976375
2.912930965423584, 2782.4174725446646
3.2044215202331543, 2766.8079992798957
3.399466037750244, 2764.22641052604
3.642176866531372, 2756.831736873777
3.787780284881592, 2736.749871289743
3.933713436126709, 2728.4462893422824
4.273611307144165, 2673.872454677781
4.371059417724609, 2672.1935069072497
4.419845819473267, 2650.8871578246326
5.489521026611328, 2646.80483907045
8.5548255443573, 2644.5757574245436
T15
2.0834264755249023, 4038.7867410341933
2.1321136951446533, 3929.527175944444
2.326465606689453, 3907.472030547142
2.375061273574829, 3687.202012444526
2.423595905303955, 3552.9156827592305
2.472113609313965, 3451.5364168212327
3.005897283554077, 3402.6508350831937
3.2006983757019043, 3343.6500997160183
3.394914388656616, 3222.141413359772
3.443437099456787, 3195.3868771389825
3.588876962661743, 3153.0778739809757
3.685838222503662, 3128.939696513
3.7343759536743164, 3087.615340323304
3.7828736305236816, 3060.1017491726234
3.831382989883423, 3039.0526221062537
3.8799140453338623, 3038.637034117215
3.9284470081329346, 2999.6631029545315
3.9770352840423584, 2939.064223133304
4.074525594711304, 2902.1750375917472
4.220133066177368, 2890.2271713200025
4.365726470947266, 2862.6186199393414
4.414257287979126, 2862.44697356526
4.462761878967285, 2849.081985701283
4.753661155700684, 2835.923797461219
4.899134635925293, 2817.883444228748
5.141608715057373, 2773.4540326856295
5.432644605636597, 2753.323938761634
5.918094635009766, 2744.7389750792354
8.054109573364258, 2740.7101296055844
9.593708992004395, 2733.835987031467
9.690691232681274, 2726.7580356157996
11.731260299682617, 2725.524620786062
T16
2.7600481510162354, 3885.91167263894
2.9057705402374268, 3544.8281562210614
3.1006157398223877, 3448.0745517207324
3.2462515830993652, 3205.6597482072975
3.9741499423980713, 3199.5615008750538
4.071102857589722, 2973.238928791303
4.1195969581604, 2903.9262343112932
4.653268098831177, 2898.1093223269927
4.7988221645355225, 2881.7756539828115
4.847455263137817, 2869.2714803079507
5.090080738067627, 2859.6908090640864
5.1871724128723145, 2839.537696677784
5.284198760986328, 2791.156516481038
5.381353378295898, 2782.11321601666
5.478367328643799, 2772.553760310897
5.624348402023315, 2765.6287382192095
5.819015979766846, 2762.0981544225433
5.86757493019104, 2742.6815329761957
6.013146877288818, 2735.9901118192865
6.11039137840271, 2723.1012492446025
11.794738531112671, 2708.0922876886325
T17
2.3327367305755615, 3759.3586633340965
2.526716470718384, 3533.279660232656
2.67231822013855, 3382.1887437043188
2.7208807468414307, 3378.10139114481
2.8665008544921875, 3355.9009082722914
3.012105703353882, 3149.967926145837
3.206139087677002, 3064.812196953426
3.400301218032837, 2994.1859270116547
3.4973466396331787, 2957.1730128562413
3.6431705951690674, 2939.94994415986
3.6916651725769043, 2893.6528304061576
3.885568141937256, 2886.0702399257134
3.9342055320739746, 2882.7989579385758
4.176532506942749, 2867.603352076163
4.2250378131866455, 2766.411314877616
4.564865350723267, 2765.1729401045595
4.905256509780884, 2759.087564329493
5.002283334732056, 2736.502668434987
5.196808338165283, 2709.9347668657647
7.430834770202637, 2708.7827894623624
7.770388126373291, 2703.1361149927397
8.353476524353027, 2702.2860465814156
8.4507155418396, 2692.0986131614627
12.750020265579224, 2691.129265654461
14.933729648590088, 2679.437248733826
T18
2.8137264251708984, 4076.759108990329
2.9599666595458984, 4020.3230246522435
3.008761405944824, 4004.6037267822394
3.1063106060028076, 3482.9320812703445
3.2523694038391113, 3328.6162415276995
3.93282413482666, 3297.3861509410635
3.981372833251953, 3175.5617862192885
4.030041694641113, 3143.394316680693
4.078741550445557, 3108.7861662086725
4.273305654525757, 3025.6473629122847
4.370489120483398, 3005.454295629708
4.4190123081207275, 2951.7456912261478
4.710244178771973, 2889.2791595329254
5.146512746810913, 2832.36893642215
5.195018529891968, 2775.907405990263
5.243551015853882, 2769.525346830924
5.389014720916748, 2759.3942245779763
5.437580347061157, 2756.0264844921257
5.4862446784973145, 2732.3951713999777
5.53483772277832, 2719.19055168442
5.728779554367065, 2705.106461972682
6.069102764129639, 2697.482580185526
6.11769437789917, 2623.0742150244187
6.214851140975952, 2613.9678656878605
6.360645294189453, 2607.3742758835288
7.089229106903076, 2592.6411318745304
7.332447052001953, 2582.420131325751
8.012825965881348, 2568.9006636621125
T19
1.9386556148529053, 3678.8403977213966
2.0356833934783936, 3524.4586877154434
2.1812915802001953, 3502.4879897412757
2.229820489883423, 3469.192976982813
2.520949602127075, 3459.26411840989
2.7640678882598877, 3134.771526153825
2.9581918716430664, 3053.4760887022567
3.006960868835449, 3043.7361029002204
3.055755615234375, 3035.63619806349
3.104560375213623, 3026.5032143428252
3.153127431869507, 2975.080372424396
3.4443397521972656, 2930.158727128728
3.492893695831299, 2888.0135381353684
3.929523468017578, 2876.577545794309
4.026530027389526, 2824.9019025445014
4.4149580001831055, 2797.9920118354275
4.512069463729858, 2779.6084610256366
4.560649394989014, 2747.0614208536717
4.657925605773926, 2725.68866700153
5.192333698272705, 2711.206166028627
5.289424657821655, 2703.5957796817675
5.62993049621582, 2700.9636311238573
6.457181930541992, 2699.8451210177955
7.137359380722046, 2691.161559513952
T20
2.2279398441314697, 4285.749365281474
2.2766172885894775, 3923.978019709408
2.4223532676696777, 3706.9823007717423
2.6164753437042236, 3658.3132887955435
2.6650288105010986, 3523.5569570870794
3.0531907081604004, 3392.6798335323692
3.1503002643585205, 3368.5898045759386
3.198873281478882, 3268.5335097873904
3.2960290908813477, 3151.9272324207122
3.4417052268981934, 3067.480800526864
3.490288734436035, 2997.7768383377625
3.587409257888794, 2961.848512076598
3.6846134662628174, 2873.5453934563484
3.87895131111145, 2857.404965818103
3.9278171062469482, 2850.9025193407942
3.9765207767486572, 2845.272528192545
4.02511739730835, 2829.7066849951225
4.073724746704102, 2769.7186263085823
4.1222944259643555, 2761.248727009275
4.170806884765625, 2726.7651679088594
4.3165318965911865, 2700.833436701956
4.413815498352051, 2696.9617797726532
4.511089086532593, 2663.881404861604
4.851900339126587, 2659.8566419862036
7.815245151519775, 2646.4744716145724
8.253223896026611, 2628.3569110365715
T21
2.1321637630462646, 4155.681010720327
2.180816411972046, 3618.4717013721092
2.3750972747802734, 3450.198874601978
2.569439172744751, 3386.4492545889443
2.666611433029175, 3141.174822235691
2.715226411819458, 3125.0604772628285
3.152588129043579, 3107.5870789447363
3.298445463180542, 3025.3930973068345
3.347062587738037, 2990.811922096087
3.4441895484924316, 2965.610607298615
3.6382522583007812, 2938.6066222006048
3.7838940620422363, 2908.7801882063795
4.026810884475708, 2835.1160948789548
4.172691106796265, 2800.4404268356157
5.3400468826293945, 2782.336945389434
5.388678312301636, 2774.1946502661376
5.534468650817871, 2752.237686480941
6.117682695388794, 2737.725748263052
6.506493330001831, 2734.210689611995
6.700712203979492, 2726.498329328184
7.915547847747803, 2726.3720829690865
10.537328004837036, 2705.2314117153437
T22
2.192265272140503, 3779.5737725246727
2.4345333576202393, 3412.1643376279826
2.532087564468384, 3324.3103991909375
2.5806732177734375, 3314.5575067892714
2.6292567253112793, 3146.3919003561314
2.6778335571289062, 3132.3741250298044
2.7748160362243652, 3104.5386011890805
2.920340061187744, 3002.1799875579964
3.0177464485168457, 2964.529326463169
3.114894151687622, 2946.4256534737433
3.16347336769104, 2867.485955899305
3.260575294494629, 2866.3974125295063
3.746145248413086, 2817.949108292072
3.8917253017425537, 2799.3650432615905
3.940298080444336, 2788.5212178374277
4.183096408843994, 2787.6379647670983
4.425559043884277, 2755.125339174956
4.911217451095581, 2751.583043803432
5.251091241836548, 2744.822367184832
7.532219648361206, 2728.6980165178684
T23
1.5978610515594482, 3996.875058910853
1.6948201656341553, 3971.9484108759934
1.743372917175293, 3812.1762892153492
1.7919166088104248, 3692.5408149303403
1.889002799987793, 3656.5133844702723
1.9376373291015625, 3501.8400961377483
2.0837197303771973, 3497.9740040671895
2.1807847023010254, 3369.7888547082766
2.2293097972869873, 3327.4243527499493
2.2778050899505615, 3238.543172757527
2.32633638381958, 3236.927290578802
2.423352003097534, 3207.800579900235
2.569002151489258, 3177.913471853455
2.7147185802459717, 3088.1087543308313
2.811838150024414, 3026.932528819103
3.0543951988220215, 2922.8502641311497
3.1029300689697266, 2904.603822808145
3.4425504207611084, 2901.4161866243376
3.588139772415161, 2855.1790193879497
3.6366662979125977, 2822.5699678494566
3.7337732315063477, 2787.1704393606924
4.172055006027222, 2787.04135448367
4.317689657211304, 2763.8771796405053
4.511950969696045, 2754.105666543255
4.657586574554443, 2714.7992178187633
4.8516340255737305, 2696.404047558899
5.094681262969971, 2673.204872799528
5.143268346786499, 2672.55434565372
T24
1.5019330978393555, 4087.2551273918943
1.6473448276519775, 3766.046463075334
1.6958441734313965, 3635.5040104828076
1.792877197265625, 3497.3526684834796
1.8899421691894531, 3444.771716477677
1.9870171546936035, 3432.339114740964
2.035520553588867, 3130.97172035525
2.0840039253234863, 3075.4599386304544
2.181035041809082, 3055.3146750170417
2.229588508605957, 3019.5920317230484
2.2781758308410645, 3008.907814572369
2.326663017272949, 3000.7398861081965
2.4236514568328857, 3000.3096360714044
2.4721930027008057, 2951.8983933097043
2.6661221981048584, 2946.0088023313365
2.8600339889526367, 2866.7764169302754
2.908535957336426, 2794.5154786745916
3.2487452030181885, 2754.2680842739064
3.7822797298431396, 2715.0776642512137
T25
2.7630696296691895, 3455.6942952020836
2.9573683738708496, 3350.9389051296384
3.1036219596862793, 3315.323704735223
3.1523077487945557, 3176.189629788343
3.201050043106079, 3134.510280129667
3.2497832775115967, 3121.6452603225116
3.2985355854034424, 3074.2614865909636
3.5417065620422363, 3050.645899754265
3.638962745666504, 2983.9817089295248
3.736168146133423, 2884.505413661391
3.8823299407958984, 2869.3763435106594
4.027995586395264, 2866.3217870353546
4.222259521484375, 2861.143984463022
4.271015644073486, 2834.333714822933
4.319815635681152, 2793.4652962875844
4.4169182777404785, 2778.410463420558
4.5625646114349365, 2775.1731204408206
4.756651163101196, 2766.995745989778
4.805230379104614, 2732.620269898849
4.853877305984497, 2731.600273936667
4.950944900512695, 2705.368348160744
5.048008680343628, 2704.2203368276023
5.242233037948608, 2690.378513799973
5.2907874584198, 2606.7034514721963
T26
2.376647472381592, 4102.210784907482
2.5707156658172607, 3793.3457012024737
2.6192569732666016, 3501.2113454925056
2.8623814582824707, 3195.5376830091263
3.300189971923828, 3177.4305959310077
3.3487789630889893, 3164.5650882088303
3.5432169437408447, 3045.863246356341
3.591792106628418, 2976.017961499543
3.6889126300811768, 2939.0970909417956
3.7377171516418457, 2893.855377338441
3.7862675189971924, 2880.9898696162636
3.9318253993988037, 2871.940324379153
4.02887225151062, 2834.4634094306894
4.125955581665039, 2821.678846661751
4.1745007038116455, 2802.86001763893
4.41705322265625, 2774.040417227494
4.465583324432373, 2773.533797978489
4.562640905380249, 2762.3515243732836
4.659785985946655, 2750.064816770071
4.8537774085998535, 2737.777380880165
5.484988451004028, 2713.365863896237
5.582080841064453, 2703.774054204252
T27
2.7122726440429688, 3938.0178021634783
2.858041763305664, 3733.0432468990766
2.9065909385681152, 3670.0620820988042
2.9551916122436523, 3642.2116920558183
3.0523059368133545, 3459.5885479682183
3.392131805419922, 3446.719327012317
3.7319672107696533, 3030.1343990568566
3.9748518466949463, 2972.0493805380247
4.072149753570557, 2906.294146201675
4.120741605758667, 2893.4716401316255
4.217873573303223, 2855.2529970583564
4.266429662704468, 2834.4905957470473
4.460589170455933, 2795.3983535195075
4.509126901626587, 2741.9271502564807
4.557641983032227, 2723.703845726828
4.654871225357056, 2716.0972921300418
4.849443674087524, 2706.217813585179
4.946969985961914, 2681.324217339781
5.141381502151489, 2653.090867953193
5.189934492111206, 2638.5649559199956
5.4813690185546875, 2634.0234779892926
5.530117750167847, 2596.2466021844157
5.967747449874878, 2570.263704180441
6.064788341522217, 2545.482724378184
6.113776683807373, 2543.1272670454637
6.21103310585022, 2540.481495306427
T28
2.565582275390625, 3782.923693737597
2.7595226764678955, 3773.016934996398
2.80814528465271, 3654.5109109333425
2.8566999435424805, 3557.8527609863886
3.099534511566162, 3362.5860445326543
3.8277947902679443, 3154.0111801647145
3.97395920753479, 3100.130014348615
4.070981502532959, 2996.237385307031
4.265559673309326, 2959.0825515726174
4.4605796337127686, 2937.9627037490573
4.557804107666016, 2899.831438047797
4.654865980148315, 2871.1844935658737
4.751949310302734, 2862.1440557219903
4.8975560665130615, 2822.930560191271
4.994524002075195, 2813.6868402734763
5.043069362640381, 2799.42112317415
5.140062570571899, 2793.20059360499
5.479818820953369, 2776.0677584738296
5.771460771560669, 2768.633628591466
5.917604923248291, 2763.901602998223
6.667560815811157, 2737.3338765759763
6.76466178894043, 2712.535283865065
6.911008358001709, 2678.8478274054723
9.727048397064209, 2661.9294174583556
9.82474398612976, 2633.750010186035
T29
2.082134485244751, 4107.872014340814
2.2761378288269043, 4019.9201886877418
2.324726104736328, 3769.458888903042
2.3733325004577637, 3595.1726486552798
2.4703760147094727, 3334.1335271809294
3.2962119579315186, 3241.4600178415494
3.3447468280792236, 3178.863143167233
3.490450859069824, 3091.2077254260876
3.5875754356384277, 3085.629456632363
3.733436346054077, 3017.6110578474036
3.7819666862487793, 2940.492644899561
4.170209884643555, 2910.459504115948
4.2672646045684814, 2881.3971091957646
4.412868976593018, 2807.8250752130552
4.50989842414856, 2771.8893129056232
4.606908559799194, 2760.1592612827517
4.75289511680603, 2738.215551944355
4.801516056060791, 2729.88241638599
4.995576858520508, 2708.516005703692
5.092876434326172, 2705.4515305210152
5.141459941864014, 2689.038053573364
5.287116050720215, 2675.117116318521
5.335730791091919, 2618.105852648332
5.481251955032349, 2615.186219087249
5.869840145111084, 2609.490064177291
6.480302333831787, 2599.546913393053
7.6946234703063965, 2596.3277062433117
7.889137029647827, 2581.5820687249798
T30
3.2891316413879395, 3806.524958111251
3.434526205062866, 3536.5220128573856
3.4830377101898193, 3388.4954138126923
3.5315418243408203, 3371.05329591615
3.5800886154174805, 3216.923261239237
3.8715097904205322, 3209.4660792287177
4.1137614250183105, 3019.2552231742884
4.162231683731079, 3000.7217752566357
4.259217023849487, 2962.076433682334
4.356204032897949, 2905.9448253745795
4.501532316207886, 2893.73063921398
4.5499958992004395, 2869.6624660633606
5.42298698425293, 2867.999174350567
5.471437215805054, 2847.5888364685816
5.568360328674316, 2815.3255291068344
5.616825819015503, 2805.1499415505896
5.6653242111206055, 2785.0028646293576
5.713818073272705, 2777.1921704427878
5.810762166976929, 2750.6983201178373
6.490062952041626, 2748.2358782528026
6.683887243270874, 2740.259520521897
7.315142869949341, 2736.542363593835
7.460555791854858, 2729.0860919778934
7.509118318557739, 2705.0030029831105
7.6061177253723145, 2690.6869208666467
9.255854368209839, 2671.446050885119
9.304407358169556, 2659.1110835216605
T31
2.6145033836364746, 3830.9050725332927
2.7603707313537598, 3792.8279005419536
2.808928966522217, 3708.265036491488
2.857414484024048, 3564.828746127132
2.905987024307251, 3518.960482557086
3.003037214279175, 3317.1885686393944
3.1000537872314453, 3288.0204782827786
3.245600461959839, 3282.2999559210293
3.2943694591522217, 3227.818219133529
3.391362190246582, 2993.7642748385915
3.4398889541625977, 2993.152749489571
3.4884164333343506, 2956.1324180949887
3.6338868141174316, 2916.4699560901936
3.731049060821533, 2914.178263623966
3.779709577560425, 2907.8122928558223
3.8770976066589355, 2902.0179285435734
3.9256863594055176, 2891.0836875760288
3.974238395690918, 2881.7843797817477
4.022749662399292, 2880.31568045538
4.071324586868286, 2855.943256217426
4.216775894165039, 2855.1937979398062
4.45954442024231, 2815.869931716159
4.896868944168091, 2812.1171453367206
4.945393323898315, 2796.927860192445
4.994042158126831, 2768.9283391373756
5.528104543685913, 2765.812537442449
5.722294807434082, 2732.3031766408167
7.276844501495361, 2727.954272795185
T32
2.3276474475860596, 4202.435509346709
2.4251956939697266, 3790.81678396996
2.522702932357788, 3536.8309661239837
2.668654680252075, 3517.194527921398
2.717219114303589, 3437.787655739041
2.814728021621704, 3307.270349826067
3.300091505050659, 3240.730236918913
3.542729377746582, 3060.925538214251
3.7855143547058105, 3030.3885776323004
3.83408784866333, 2995.0908376984153
4.125275611877441, 2948.634908022803
4.173804044723511, 2919.9470037843275
4.222390651702881, 2883.610033814133
4.3193910121917725, 2792.1980429092728
4.561915874481201, 2789.6807227051686
4.659008502960205, 2731.1022938437673
4.707573652267456, 2723.046637368934
4.7560975551605225, 2698.736028581552
4.9024457931518555, 2690.8751337122885
5.242626905441284, 2680.0136962162433
5.292771339416504, 2677.435894720533
5.486821889877319, 2662.4605048438316
6.077745676040649, 2628.470123744679
T33
2.8066141605377197, 3709.311136649587
3.0007221698760986, 3645.6966062095235
3.0979950428009033, 3519.1882840432663
3.14658784866333, 3403.738009220695
3.340718984603882, 3394.651386955571
3.3892056941986084, 3392.1276828357295
3.6318376064300537, 3352.8456195412145
3.7288308143615723, 3332.314524108304
3.7774226665496826, 3286.9804903744734
3.826214551925659, 3226.9437092556036
3.9721646308898926, 3171.86117421776
4.117810249328613, 3157.9118762972794
4.214960336685181, 3127.8350842604777
4.263566017150879, 3090.8728484075764
4.312138080596924, 3081.491071414537
4.360729217529297, 3073.188644336158
4.4093568325042725, 3032.92496784783
4.506371974945068, 2990.474549861894
4.554927349090576, 2956.4312248841234
4.651929140090942, 2945.6224491784815
4.846359491348267, 2921.5702384784236
4.991953372955322, 2916.242473522776
5.088937997817993, 2906.5757608470885
5.137462854385376, 2901.247995891441
5.185950994491577, 2847.4819430585994
5.283010482788086, 2817.3306141212233
5.525484323501587, 2784.00471306064
5.574036359786987, 2759.188558103291
5.622617959976196, 2730.048176522876
5.671325206756592, 2728.3341048502334
5.768695831298828, 2695.5269216030138
5.817209005355835, 2665.3650118106525
5.9141998291015625, 2651.0735055846744
5.962695837020874, 2649.1857615579574
6.253883600234985, 2632.6531052697464
6.88547158241272, 2625.3981700564764
8.390208959579468, 2624.703972899464
8.535659551620483, 2609.1324565742034
9.99272108078003, 2600.9553163076635
T34
2.6611297130584717, 4027.3182272616177
2.8067288398742676, 3741.9003371364743
2.855461359024048, 3685.809006827716
2.9526734352111816, 3565.979267803952
3.0497522354125977, 3500.5907546803646
3.14674711227417, 3433.48891684899
3.195261240005493, 3407.555165339363
3.2923405170440674, 3370.2564635851886
3.534986972808838, 3306.314115908317
3.6806485652923584, 3257.299966093422
3.972501516342163, 3141.773903472589
4.069546937942505, 3127.5502256809705
4.166574001312256, 3008.519461845586
4.263572454452515, 2964.6398894241065
4.409104824066162, 2953.734735102669
4.506148338317871, 2927.62766229322
4.60312819480896, 2855.241195286064
4.797596216201782, 2854.2407007732036
4.8946373462677, 2851.052283058525
4.943206310272217, 2849.223839296792
4.991687536239624, 2849.126768086884
5.04024863243103, 2804.4846390242965
5.8427698612213135, 2788.880555779455
5.891256332397461, 2779.776342276542
5.939798593521118, 2755.0160075681197
5.988279104232788, 2745.911794065207
6.910925626754761, 2742.207668565039
7.298960447311401, 2741.6403717270878
7.444624662399292, 2741.267154645997
8.123792886734009, 2728.054032926877
8.172303199768066, 2713.596473373618
10.936954736709595, 2691.9362056673126
T35
2.180243492126465, 3659.451130253954
2.2772419452667236, 3490.8760870687547
2.422718048095703, 3410.395767287977
2.5685670375823975, 3280.94383000541
2.714132785797119, 3221.238099326525
2.9086737632751465, 3141.10376653359
3.005765676498413, 3014.93518893102
3.0542514324188232, 2985.704447293945
3.2967679500579834, 2890.073982726688
3.345303773880005, 2872.261758763845
3.393810510635376, 2793.710838174942
3.5392935276031494, 2761.4397560885627
3.927875280380249, 2743.854536295781
4.26762843132019, 2681.376291822715
T36
2.2762198448181152, 3906.4504812128434
2.3732552528381348, 3716.191798453234
2.47023868560791, 3382.778723809075
2.51876163482666, 3192.520041049458
2.6646568775177, 3174.933935187626
2.761902332305908, 3127.2591468323517
3.053283929824829, 3076.8030761260743
3.1019084453582764, 3050.086211987342
3.1504547595977783, 3015.8949685396656
3.1989834308624268, 2934.7675027489677
3.296177864074707, 2905.0230225446867
3.4902663230895996, 2863.5405495706436
3.538788080215454, 2851.997825716622
3.6357765197753906, 2811.9755152050784
3.7813563346862793, 2733.296462253915
3.8787412643432617, 2729.7698609795407
4.0726282596588135, 2726.6019072954514
4.169872760772705, 2703.2525258767346
4.509711742401123, 2699.760529395462
10.945528507232666, 2696.231371728747
12.790081262588501, 2695.155137753238
T37
2.3255398273468018, 3778.4359105401672
2.422753095626831, 3694.318789646488
2.47129225730896, 3681.1526302511993
2.519822597503662, 3573.2457662542074
2.568336248397827, 3422.1909451990796
2.616856336593628, 3368.917147940083
2.81097674369812, 3325.3769188629813
2.8596081733703613, 3301.5500616815552
2.9081671237945557, 3140.1663428663524
2.956700325012207, 3121.3516012097825
3.150993824005127, 3013.2190961779197
3.1995320320129395, 2972.2132585018553
3.2967069149017334, 2950.3967408926983
3.3936607837677, 2927.416500728352
3.587567090988159, 2921.746612684954
3.636110782623291, 2916.739447272201
3.7330498695373535, 2875.517821730922
3.878648042678833, 2827.588253242786
4.266708135604858, 2810.9016997896906
4.70397424697876, 2810.4529703220105
4.75253438949585, 2802.0293203302717
4.9957897663116455, 2792.092059269933
5.092807769775391, 2760.7120162276697
7.472897529602051, 2748.746717417467
T38
2.4690001010894775, 3987.9250575392143
2.6148362159729004, 3790.220324862952
2.663480758666992, 3747.9722145395863
2.712022542953491, 3722.997061126094
2.7606399059295654, 3628.398849472258
2.8578109741210938, 3534.5787049779974
3.052454948425293, 3487.9952638852556
3.343564510345459, 3321.5292525206896
3.586186408996582, 3127.122440250503
3.7317121028900146, 3008.3967197099482
3.82912278175354, 2999.549577087644
3.9263570308685303, 2993.036848781827
3.9748826026916504, 2959.998373862174
4.169130325317383, 2920.5298888282996
4.217669248580933, 2872.7315863383847
4.363405704498291, 2849.9022581807803
4.41194748878479, 2841.676320090308
4.508946418762207, 2822.0810362493066
4.557569742202759, 2794.2117164880765
4.60615086555481, 2790.6065082596106
4.6546995639801025, 2761.375159118281
4.800454616546631, 2760.083386202212
4.897694826126099, 2746.5013955745017
4.946343183517456, 2731.0555126345644
5.043672323226929, 2686.1678402982798
5.64890193939209, 2674.9163865676383
6.426386117935181, 2621.8182495838773
6.523610353469849, 2611.4937273641262
7.884295225143433, 2603.6195522452836
8.030271768569946, 2589.01475119972
9.148285388946533, 2568.3127191652966
9.196837425231934, 2558.3042222516815
9.24532437324524, 2550.873389116052
11.14249062538147, 2542.1706073465757
11.191035270690918, 2533.5613398247297
T39
2.6638472080230713, 3906.29405352554
2.7123639583587646, 3860.810998560446
2.9068758487701416, 3859.980917894478
2.9553792476654053, 3814.497862929391
3.003898859024048, 3729.421016899505
3.052520275115967, 3683.937961934418
3.24680757522583, 3649.199708558539
3.3926005363464355, 3601.858742528486
3.489805221557617, 3521.945992355024
3.732964515686035, 3425.1724273733125
3.83016300201416, 3404.43749499548
3.878748893737793, 3173.729780032394
3.9272589683532715, 3088.1498958655066
4.07288384437561, 2913.0263989097293
4.315662145614624, 2853.0711111040946
4.5102949142456055, 2788.385418026497
4.558839559555054, 2733.4980650460493
4.801961898803711, 2676.1034568324394
5.576320171356201, 2620.7906706327194
T40
2.2755885124206543, 3829.1099868034435
2.5664315223693848, 3683.7156480986305
2.6149933338165283, 3501.8970445979066
2.6635348796844482, 3411.76426204577
3.0516815185546875, 3389.062874826275
3.1491966247558594, 3363.3902322087815
3.246173858642578, 2973.2480647122647
3.4403176307678223, 2911.2541656273606
3.488797187805176, 2889.7875873044322
3.585923194885254, 2881.842150349621
3.877223491668701, 2830.528501937006
4.168976783752441, 2804.5698874080554
4.266106367111206, 2774.9444622031224
4.605811595916748, 2773.7239900724962
4.94560170173645, 2766.694350475307
5.042686700820923, 2746.0225065492996
5.333958625793457, 2711.2804770696675
6.110107183456421, 2698.3967187723683
6.1586692333221436, 2681.0674590110575
6.450580596923828, 2662.5535699147586
T41
2.711038589477539, 3555.4252224997326
3.0020174980163574, 3443.171577304951
3.0505435466766357, 3368.189267890695
3.293067216873169, 3234.5885686498004
3.8273143768310547, 2945.0654387683244
4.0698089599609375, 2917.4893524457075
4.118360996246338, 2899.9193798060733
4.166910648345947, 2898.3464264458235
4.215452194213867, 2877.318908745954
4.4095306396484375, 2857.030560000021
4.458110332489014, 2815.7162460566105
4.506624937057495, 2812.4356074720345
4.555206537246704, 2798.210343909588
4.797889232635498, 2793.7569934971107
4.8466715812683105, 2781.9208434673274
5.040939569473267, 2770.55745716246
5.089440822601318, 2761.7064097422626
5.138017892837524, 2757.832005110402
5.283553838729858, 2751.6662370221966
5.477697134017944, 2703.776508258452
5.5748913288116455, 2675.9408475785604
T42
2.0356497764587402, 4023.6453347201386
2.132838249206543, 3761.5093756342903
2.18159818649292, 3642.3307927671194
2.376344919204712, 3586.5549247129384
2.424917697906494, 3563.595612624893
2.4734301567077637, 3423.0593931060794
2.57043194770813, 3204.908239446915
2.6677513122558594, 3185.365650923988
2.8620615005493164, 3168.39736352842
2.9591219425201416, 2993.336952382291
3.007639169692993, 2966.026308068089
3.1530098915100098, 2944.8842881893797
3.346919298171997, 2938.8534255344566
3.3955001831054688, 2934.343211572952
3.541224241256714, 2890.6645602227436
3.5897815227508545, 2852.2704106952806
3.638296127319336, 2811.4116862824085
3.783823251724243, 2767.2006911172284
3.9778473377227783, 2765.0945378145334
4.074899196624756, 2708.8933015525326
5.810954570770264, 2691.094737855092
T43
2.588183641433716, 3975.010634665021
2.636721611022949, 3698.570377608892
2.7343080043792725, 3683.688046476018
2.7831153869628906, 3377.236362603471
2.9773876667022705, 3200.930979335324
3.658784866333008, 2870.588298958959
3.9992752075195312, 2841.818847720453
4.242564916610718, 2832.2532014769895
4.291285514831543, 2780.6031226185005
4.339970350265503, 2773.1625656400356
4.3887434005737305, 2768.038864162976
4.632357597351074, 2753.44329703509
4.827783584594727, 2739.8913511383726
4.876453638076782, 2726.295564249187
5.071358680725098, 2697.282026276138
5.3145740032196045, 2686.657392069603
5.703205823898315, 2654.3580674570185
5.848992109298706, 2649.177332449377
6.725084066390991, 2640.3308370017767
6.870637893676758, 2632.4834964145484
8.281408786773682, 2630.384840466555
10.42173147201538, 2602.4653974498287
11.492136716842651, 2600.256124024163
11.589355707168579, 2594.967449225893
13.243980169296265, 2585.9968022899993
14.994131088256836, 2561.774925578371
T44
2.275110960006714, 3493.488314439128
2.6142971515655518, 3358.5635585388154
2.6629860401153564, 3320.7168678094386
2.711761951446533, 3266.2988333821995
2.7605221271514893, 3227.764595867542
2.8090572357177734, 3182.5774433012484
2.857665538787842, 3159.541886230443
3.00327205657959, 3128.0722465866857
3.0518109798431396, 3056.8082145350418
3.100353479385376, 3032.200391698396
3.1974005699157715, 3004.0143479378676
3.2458672523498535, 2987.198417119929
3.2946624755859375, 2963.4397405143245
3.343231678009033, 2853.726833940629
3.3916916847229004, 2829.2801832653204
3.7320048809051514, 2806.1479491844293
3.7807281017303467, 2759.9839254431354
4.121001243591309, 2729.088571260778
4.2182700634002686, 2717.2671464993036
4.266904354095459, 2701.1390528442353
6.888900279998779, 2686.4672841571883
6.937538385391235, 2679.8603293592387
T45
2.6184370517730713, 4165.302707001014
2.764172077178955, 3862.3342412633137
2.861433506011963, 3697.6628302498066
2.9100193977355957, 3628.802924491538
3.007256031036377, 3554.831704476048
3.3474178314208984, 3493.208567298505
3.3960323333740234, 3490.936066271941
3.4446299076080322, 3479.3959685561713
3.5904290676116943, 3370.3226286838108
3.7361035346984863, 3327.1530549071977
3.784717321395874, 3301.816532184952
3.8334202766418457, 3171.1712324208784
3.930640697479248, 3105.3429442001143
3.979203224182129, 3094.8530209025776
4.076408624649048, 3056.0219035565824
4.2221763134002686, 3005.1590781589694
4.319474458694458, 2983.354232323072
4.513926029205322, 2979.3456143234216
4.562529802322388, 2964.09343579744
4.611135482788086, 2935.3290497660346
4.659792184829712, 2910.462245364877
4.708374500274658, 2895.399079629933
4.854143381118774, 2867.3070997963223
4.902737855911255, 2854.0814168486395
4.9514265060424805, 2830.7516192433977
5.000189304351807, 2802.948019534393
5.097452163696289, 2777.3648514175075
5.243146896362305, 2772.5626649946353
5.4859230518341064, 2751.8372854022236
5.534490346908569, 2747.0350989793515
5.632981300354004, 2719.3623052519397
7.188803195953369, 2709.5339459593597
8.501583576202393, 2702.0933354855515
T46
2.325756549835205, 3812.343286598887
2.422767400741577, 3604.319655293002
2.519791603088379, 3454.9753215058954
2.713829278945923, 3422.1962728328654
2.762315273284912, 3366.3535408351163
2.859365463256836, 3279.1045699467213
3.0534515380859375, 3267.5919269779115
3.19895076751709, 3205.1543641038807
3.344566583633423, 3130.491766219464
3.393110513687134, 3032.7348439255948
3.490104913711548, 2921.1477312797724
3.58709716796875, 2829.9516431156953
3.6840898990631104, 2757.5837922746505
3.926509141921997, 2705.9260447616325
4.217855930328369, 2683.006241371004
4.848870754241943, 2656.8925914672873
4.897427558898926, 2612.708608500514
T47
2.3925669193267822, 3427.2890347602734
2.6346168518066406, 3320.7484827475055
2.6831555366516113, 3295.914075852532
2.7316880226135254, 3260.336402715766
2.7804298400878906, 3235.501995820792
2.828972578048706, 3225.8027637487758
2.9260551929473877, 3190.1764423007407
2.9746756553649902, 3136.051374140494
3.0232434272766113, 3109.73337046081
3.169276475906372, 3017.879474287278
3.315117120742798, 3004.551984763384
3.363848924636841, 2911.171070431803
3.4126076698303223, 2856.027323768838
3.4611823558807373, 2850.8468116617223
3.5098209381103516, 2845.2061566958437
3.559164524078369, 2836.6687658307856
3.6565473079681396, 2826.841695760493
3.802172899246216, 2825.768696208179
3.8508262634277344, 2761.8805134403738
3.899404764175415, 2719.9146030918128
4.191020727157593, 2698.4932792855107
4.822064399719238, 2693.817466108434
4.968069314956665, 2679.5188345468487
5.0166380405426025, 2659.685017734555
9.628201246261597, 2625.4960766861986
T48
2.3734397888183594, 3768.366837063433
2.5674707889556885, 3671.63793077656
2.6161534786224365, 3661.7617420434326
2.7132551670074463, 3288.7604647323606
3.344953775405884, 3184.2942104212707
3.4907596111297607, 3116.495729753151
3.5881333351135254, 3115.426712009241
3.6367640495300293, 3065.1826758522657
3.78248929977417, 3021.0775834186497
3.831170082092285, 3017.266291551481
4.17182469367981, 2967.7117740530884
4.268996238708496, 2962.58130021354
4.560152769088745, 2957.231156001195
4.6573851108551025, 2897.187471971396
4.754556179046631, 2857.0035582444034
5.1429667472839355, 2829.3205622402966
5.191566228866577, 2819.350440422342
5.240261077880859, 2777.1725448380093
5.532507658004761, 2767.0702260697362
5.921215057373047, 2762.3293030832647
6.1643102169036865, 2745.233348368449
6.2614171504974365, 2711.8021284704446
6.310137510299683, 2690.689057245734
6.89321756362915, 2682.8114929341828
8.983928442001343, 2676.98747707079
T49
2.521921157836914, 3934.843862569265
2.619044780731201, 3701.865209127136
2.7162137031555176, 3522.9133624893875
2.813516855239868, 3430.4527506149607
2.862217664718628, 3384.573087086792
3.251589775085449, 3264.788080691331
3.397660255432129, 3248.642006525406
3.4948182106018066, 3227.043862981649
3.543405532836914, 3091.4355177631733
3.7377517223358154, 3077.2475145182325
3.7864279747009277, 2942.762103302128
3.8350772857666016, 2868.268720318665
4.370093107223511, 2855.8621429112827
4.51586389541626, 2848.5845800725438
4.564450025558472, 2819.145593201916
4.66180419921875, 2803.8913450934488
4.759058952331543, 2771.4960554882855
4.8076252937316895, 2737.1657448048063
4.9535040855407715, 2726.457344786293
5.002159118652344, 2682.8993835505244
5.82855224609375, 2676.112414095507
6.363428592681885, 2673.8300312338906
T50
2.861009359359741, 3672.397048338731
3.153071165084839, 3520.464062991123
3.2503743171691895, 3481.016190252427
3.298997640609741, 3430.4454896798925
3.3476107120513916, 3423.9211893592656
3.396301031112671, 3417.631427009299
3.4449992179870605, 3327.1401240339983
3.639681816101074, 3258.6355295036847
3.68850040435791, 3222.816267111113
3.883185863494873, 3221.7119319718986
3.932091236114502, 3150.0163620124513
3.9809041023254395, 3034.438233645451
4.029664039611816, 3002.66106324509
4.224567890167236, 2879.076232215244
4.419008255004883, 2872.6054433074532
4.51615309715271, 2870.884799769403
4.6134865283966064, 2837.4193067103843
4.759363651275635, 2764.8970580587556
4.807945489883423, 2753.877759950323
4.90519118309021, 2751.531619017973
5.002588748931885, 2750.0089193144304
5.441763639450073, 2723.538783462034
6.463393211364746, 2720.6602155106884
12.063905715942383, 2711.877207653306
T51
2.5238564014434814, 3585.521624432862
2.7183849811553955, 3314.484816547112
2.7671782970428467, 3311.2039892381654
3.010789632797241, 3229.4690871797866
3.1078953742980957, 3182.5472415781114
3.1564834117889404, 3162.2671611078986
3.2050483226776123, 3158.0118296907167
3.2536001205444336, 3131.5722710301925
3.3991639614105225, 3104.428942105049
3.4477477073669434, 3086.384678146016
3.4963202476501465, 3081.9733870963755
3.544818162918091, 3056.0345680284954
3.5933732986450195, 3041.889203405255
3.6903936862945557, 3028.51365092121
3.7389323711395264, 2996.295860903723
3.787473440170288, 2985.3874976712395
3.835977792739868, 2952.1107931428414
3.884531021118164, 2939.4160540242374
3.9815216064453125, 2907.004494030276
4.127835750579834, 2875.737499491399
4.176429510116577, 2854.3207663648573
5.138751029968262, 2842.8673572285406
5.187331914901733, 2819.1812263967877
5.235978364944458, 2799.9175259261174
5.575675010681152, 2771.0790603710047
6.256626129150391, 2734.819410399701
6.451420068740845, 2716.5875179750146
6.500307321548462, 2707.4972598000604
7.4237425327301025, 2699.8086708001283
7.472337961196899, 2693.1040606761962
8.644519567489624, 2686.5497029249746
8.741532564163208, 2684.4570176777997
8.790104866027832, 2665.916651709289
11.901841163635254, 2662.119183811461
12.339828729629517, 2651.0884147276083
12.582963943481445, 2644.9256057921957
12.680301189422607, 2621.0604367106644
T52
2.181877851486206, 4092.5453094434197
2.3273794651031494, 3853.3267166324804
2.3759877681732178, 3808.6198644280084
2.424579381942749, 3746.9161858811713
2.4731850624084473, 3603.739011377016
2.570312738418579, 3522.9108285952607
2.6676881313323975, 3464.122435927311
2.8623054027557373, 3446.001319667572
3.2514524459838867, 3295.45942235407
3.3485653400421143, 3217.64959652182
3.6400532722473145, 3137.260922217334
3.6887009143829346, 3108.711868613791
3.7373242378234863, 3061.416864696439
3.7859156131744385, 2978.1621720504772
3.8345234394073486, 2973.297268198141
3.980344295501709, 2965.7097193574955
4.17502236366272, 2963.0773118439247
4.2722578048706055, 2891.2557504937067
4.3693718910217285, 2884.2349545878824
4.466646909713745, 2870.7153684035
4.515201568603516, 2850.3733143433565
4.806636333465576, 2832.483115258983
5.050021171569824, 2825.415154037655
5.147343635559082, 2774.774028891712
6.606839179992676, 2730.9651801891523
6.898612976074219, 2723.026435994165
T53
2.279874563217163, 3658.1333606864064
2.5229332447052, 3610.0937700744835
2.5715184211730957, 3591.762199914636
2.6200664043426514, 3290.67910179968
2.8144214153289795, 3274.0452637955023
3.009187698364258, 3201.586058227869
3.1063954830169678, 3129.897790764153
3.2520885467529297, 3068.07800765719
3.446392059326172, 2999.277781293422
3.543440341949463, 2952.1456441302216
3.591989755630493, 2927.5961416187565
3.6405577659606934, 2842.0019400597594
3.786689281463623, 2813.54750205631
3.884004831314087, 2764.4632985611024
3.9326815605163574, 2756.4756443345177
3.981449842453003, 2721.3857647528494
4.0787975788116455, 2710.160079790119
4.127372980117798, 2678.0772104873686
4.1759889125823975, 2615.293433500614
T54
2.9069762229919434, 3902.0482466964095
3.05279803276062, 3832.002395510266
3.1013309955596924, 3679.345277323773
3.1983802318573, 3674.8523554171916
3.2469332218170166, 3612.2898841650094
3.343979597091675, 3547.9923756170247
3.3926339149475098, 3375.7514051702165
3.538264274597168, 3258.9611398354537
3.635410785675049, 3245.516988970856
3.829460382461548, 3241.322634482509
3.8780252933502197, 3235.0753848692475
4.023715972900391, 3200.0628847279368
4.1692564487457275, 3046.4582393249657
4.411933660507202, 3037.375032981101
4.460483551025391, 2992.804842872836
4.557549715042114, 2900.7639567953374
4.751550197601318, 2884.881395045064
4.8487067222595215, 2853.6938617221967
5.139798402786255, 2853.192661883724
5.188375234603882, 2850.4559364686356
5.285355091094971, 2845.2181957244684
5.33390474319458, 2830.6726045462274
5.3824334144592285, 2813.5768563126767
5.431011199951172, 2804.761854292694
5.52818751335144, 2783.486334342517
5.722222328186035, 2698.5454610202723
6.9868903160095215, 2682.651213302677
12.901394367218018, 2681.3338272000547
T55
2.519411325454712, 3688.4725811140524
2.762296676635742, 3636.716935243079
2.859333038330078, 3533.6980021528507
2.907911539077759, 3520.726088608848
2.9565186500549316, 3490.852520277571
3.0051472187042236, 3453.1792386523157
3.0536787509918213, 3438.034711113738
3.1022608280181885, 3398.882745295865
3.1510138511657715, 3377.0700587740866
3.19962739944458, 3265.654699072242
3.248298406600952, 3236.5929158816434
3.296886444091797, 3212.480313933258
3.345400094985962, 3181.2091670072114
3.3939385414123535, 3097.180501534349
3.4910049438476562, 3073.6379868938093
3.539494752883911, 3052.6423836941103
3.5879993438720703, 3001.280329798916
4.214291095733643, 2947.5024440738853
4.262925863265991, 2931.5035537687145
4.311521053314209, 2929.160454776633
4.360131025314331, 2923.2731167532256
4.603185176849365, 2920.5760273537817
4.651940107345581, 2902.051382501275
4.797734022140503, 2889.213358287947
4.84644889831543, 2883.2912611589636
4.992582082748413, 2882.832254690882
5.381109714508057, 2862.486868882348
5.964236736297607, 2849.296235118978
6.012821674346924, 2847.699288213553
6.2068376541137695, 2816.6578182077938
9.61143183708191, 2809.73124862602
9.660178661346436, 2788.4430641701547
9.806499004364014, 2775.414126201911
T56
2.809683322906494, 4226.1999753918135
2.906815528869629, 3991.0602596770987
3.0038034915924072, 3834.658251161127
3.100989818572998, 3679.7984399793568
3.149528741836548, 3516.9451077415724
3.1980865001678467, 3496.822891934047
3.392611265182495, 3398.781921752008
3.830461263656616, 3256.8493529041007
3.9277491569519043, 3231.8542831248706
4.024931907653809, 3169.7206506555813
4.267893314361572, 2946.6287122192007
4.510862827301025, 2890.1325447243507
4.850524425506592, 2865.5328679592203
5.044459342956543, 2847.740018614626
5.141631841659546, 2819.156248698455
5.23884391784668, 2794.538116215939
5.38457989692688, 2787.0303113728733
5.433125734329224, 2771.387578405389
5.48165488243103, 2745.695793790699
5.578768014907837, 2715.790241725437
6.0161261558532715, 2701.4232144871494
6.113185882568359, 2683.696232262868
6.307011127471924, 2679.3383346306728
7.959909439086914, 2658.2469538108126
T57
2.6164886951446533, 4316.200087133657
2.7140235900878906, 4302.058191523531
2.7629244327545166, 4079.9112983547457
2.8115692138671875, 3665.8004442767487
2.9087321758270264, 3664.8601176379307
2.9572863578796387, 3628.566680475633
3.0544791221618652, 3460.271283588627
3.2488350868225098, 3372.0112911456963
3.6379177570343018, 3174.183216564481
3.783790349960327, 3145.0919419960337
4.027223825454712, 3065.1733406315616
4.27071213722229, 2974.174275885787
4.319415807723999, 2963.0990079472394
4.514084339141846, 2874.553060763639
4.562993764877319, 2836.4933453024423
4.709117650985718, 2820.3486854111397
5.00103235244751, 2806.8077273523086
5.243852853775024, 2784.7078708156114
5.341047048568726, 2772.9419184341605
5.3896424770355225, 2731.109093737781
5.438272714614868, 2704.4343765594385
5.584122896194458, 2698.5334674197147
5.924633979797363, 2688.001712255267
T58
2.228121042251587, 4052.8341637885314
2.4222426414489746, 3746.274826289722
2.519296646118164, 3529.4817064347517
2.6649818420410156, 3476.8196141281005
2.7136454582214355, 3285.8597616284605
2.76233172416687, 3240.265474964268
3.296452283859253, 3227.246878305479
3.34505033493042, 3087.5817573012973
3.4422643184661865, 3058.5559117262965
3.539919853210449, 2974.692905559379
3.7829606533050537, 2970.609999500535
4.409448146820068, 2868.9417232255946
4.45802903175354, 2857.783736153644
4.603906869888306, 2836.2252335460726
4.701227903366089, 2826.4642517599204
4.895573377609253, 2797.9213565943646
4.944190979003906, 2771.3621479221547
5.186925649642944, 2764.3895707919146
5.332587480545044, 2760.1627724415084
5.623782157897949, 2737.013862085274
5.76922082901001, 2718.3596830643946
5.817971229553223, 2694.9591448836873
6.303695440292358, 2682.7648499038987
6.352271795272827, 2676.5425823220867
7.860084056854248, 2674.87837290312
T59
2.5699658393859863, 3709.1218768805193
2.8613173961639404, 3540.253381210372
2.9587299823760986, 3435.479192503968
3.0562944412231445, 3394.5498148349143
3.1050000190734863, 3348.2543620060824
3.2022929191589355, 3320.378331771244
3.25095534324646, 3287.151281208535
3.737490177154541, 3191.1006070066505
3.8347396850585938, 3049.552453679222
3.8834214210510254, 2975.2207251643194
4.126710653305054, 2935.3713655892134
4.2727134227752686, 2851.626346580837
4.4674787521362305, 2850.7858460906937
4.807980298995972, 2829.663644802611
4.905447244644165, 2804.643802002567
4.954347133636475, 2799.948957092747
5.003111839294434, 2797.009216043829
5.051896095275879, 2773.771445127146
6.997202396392822, 2743.638337995224
7.045790672302246, 2727.8597187908454
7.1430580615997314, 2707.035736115031
7.33725380897522, 2690.2341513531574
12.177841901779175, 2685.694077508837
14.66749358177185, 2664.2935521162217