T0
2.8412771224975586, 3538.7894725943333
3.036036729812622, 3414.840414665843
3.0848844051361084, 3329.933093187763
3.1824395656585693, 3181.6961701459513
3.4256319999694824, 3121.606249700024
3.7182071208953857, 3042.3696794807474
3.8160104751586914, 3025.3952936058777
3.9134602546691895, 2992.919129713977
3.962162733078003, 2963.4433949968516
4.010881185531616, 2929.745211078771
4.05954647064209, 2920.086906554847
4.108202695846558, 2919.457843373035
4.2056238651275635, 2898.322860455184
4.254565238952637, 2888.66455593126
4.303239822387695, 2881.8201837227243
4.497557640075684, 2851.5345505480946
4.546238899230957, 2837.4048619320383
5.082152366638184, 2828.7942840119067
5.569537162780762, 2825.273132442584
5.666968107223511, 2808.160593910361
5.911481142044067, 2800.113062809978
7.523329973220825, 2788.333450350605
7.7186057567596436, 2756.284192453051
T1
1.4099352359771729, 4147.0221208773
1.4586305618286133, 4126.691068449669
1.5073647499084473, 3792.8689007154026
1.6050536632537842, 3703.270766231799
1.702657699584961, 3582.343402050683
1.8001954555511475, 3548.0308151668723
1.8489563465118408, 3464.4938398478844
2.2392947673797607, 3422.98421760941
2.38568377494812, 3358.4112353624078
2.7365682125091553, 3276.500424704529
2.8342344760894775, 3172.5927569149935
2.8830130100250244, 3162.783457213998
2.9318439960479736, 3102.358335991914
3.0293498039245605, 3088.044620983288
3.1758430004119873, 3055.3711807240616
3.224630355834961, 3015.69791727353
3.322155237197876, 2982.712252053432
3.4196388721466064, 2969.6709664889204
3.4684174060821533, 2930.0751116403844
3.6148059368133545, 2904.973399103852
3.7612059116363525, 2904.557944743996
3.9560770988464355, 2894.9697120510245
4.151254653930664, 2891.413287063071
4.2000250816345215, 2808.09631253485
4.542811155319214, 2796.496703913421
4.6404759883880615, 2790.6756649260933
4.689350366592407, 2765.244986575999
4.738163232803345, 2748.185114991953
5.031623601913452, 2745.1344723747607
5.1292405128479, 2737.0489477719384
5.324668645858765, 2728.614026827301
T2
2.431011915206909, 3832.863113332889
2.5776453018188477, 3667.7342884905374
2.6755146980285645, 3664.8551532726706
2.7243707180023193, 3573.6263124808465
2.773203134536743, 3141.580763875987
3.359102249145508, 3056.8020963874587
3.8963329792022705, 3036.7541198177933
3.9938859939575195, 3018.813175684234
4.140230178833008, 2977.6829540457256
4.2379865646362305, 2921.224032035345
4.33560037612915, 2881.1403438892303
4.726176977157593, 2879.1791449190205
4.823762655258179, 2843.7933937091293
5.067793130874634, 2809.6659604437446
5.214142560958862, 2800.106862361499
5.311772346496582, 2727.606109158558
6.190861225128174, 2713.698905984347
6.581772565841675, 2703.167803273929
6.729070663452148, 2700.5357911044557
6.976497650146484, 2683.3616734838433
7.466348886489868, 2672.6167204227386
T3
2.3901636600494385, 3723.6882994240295
2.4877212047576904, 3705.136301562423
2.6339011192321777, 3571.2358576904953
2.6828300952911377, 3431.3495459655387
2.731656551361084, 3357.7400146348227
2.9759321212768555, 3274.817417607206
3.07365345954895, 3248.153632819216
3.220147132873535, 3177.0480371387384
3.4155209064483643, 3127.35569741574
3.4643936157226562, 3098.3057898962725
3.5622177124023438, 3061.660188192196
3.6110541820526123, 3044.350030957372
3.757612943649292, 2976.9142485700286
3.9041311740875244, 2942.6493999352824
3.95296573638916, 2848.1434990744456
4.099730014801025, 2795.3685157735163
4.148598909378052, 2772.09119028649
4.604176998138428, 2745.1772270539077
5.042408466339111, 2723.5429089584068
5.23694634437561, 2711.666753407175
5.43215274810791, 2702.7561445736064
5.481018781661987, 2676.2259508689895
8.261008501052856, 2667.1748192218656
8.35840916633606, 2644.727891822273
T4
2.5227103233337402, 4317.393009789477
2.571458101272583, 3705.1240100248688
2.620406150817871, 3616.9319552185043
2.718080759048462, 3343.114363478526
2.815549850463867, 3325.9548343932693
2.9620072841644287, 3274.5410644903313
3.059648036956787, 3184.237257151748
3.4983866214752197, 3118.6755328696454
4.034802436828613, 2963.901800917636
4.083644151687622, 2920.4079528280563
4.278675317764282, 2869.261044387822
4.5227131843566895, 2846.6484707376367
4.571510314941406, 2800.3965319186245
4.815314054489136, 2773.2135086795897
4.864160776138306, 2764.234299478325
4.9129064083099365, 2738.821324054734
5.059267520904541, 2732.5757457272266
5.35197114944458, 2725.2579151639075
5.400742769241333, 2694.60664500008
5.693708419799805, 2683.0960204261064
6.671953201293945, 2673.6458300633676
T5
2.134711980819702, 3940.0983871484204
2.2318484783172607, 3689.7397454429592
2.280526638031006, 3459.801508859993
2.3782577514648438, 3439.026106958161
2.4763755798339844, 3428.422163341311
2.6226978302001953, 3419.9184569717763
2.8667025566101074, 3410.1731700897653
2.964207887649536, 3329.2933806173533
3.1593453884124756, 3239.8887001624535
3.3542139530181885, 3082.858521824295
3.5494918823242188, 2964.892925885637
3.744349956512451, 2902.4088144551206
3.8908374309539795, 2875.1465595059854
3.9396417140960693, 2860.4297240784217
4.182849407196045, 2777.8247257851035
4.231447219848633, 2679.216748902705
4.328536510467529, 2674.4532406219078
4.474827527999878, 2671.8568670360837
4.523547172546387, 2668.826372367257
4.620947360992432, 2663.088928632249
4.66955041885376, 2639.596857093784
4.76667857170105, 2632.1410582266108
4.815294504165649, 2623.475441847535
4.912717580795288, 2605.4509288222616
5.0099263191223145, 2604.17579628728
5.2053773403167725, 2592.6566389412474
5.98600172996521, 2574.6222501701704
6.522347927093506, 2560.1719912514236
8.03455400466919, 2547.0785218813253
14.223947048187256, 2528.1039842177997
T6
2.1809515953063965, 3451.6304605513724
2.423804759979248, 3389.5921229900705
2.5212364196777344, 3350.3586915748456
2.5699100494384766, 3227.2249552264548
2.8134078979492188, 3225.526411399711
2.8621695041656494, 3149.9917939103616
3.105471611022949, 3101.1137355684186
3.1541998386383057, 3083.4313162948965
3.2517271041870117, 3033.7355089897173
3.447077751159668, 2895.6801874815865
3.8372888565063477, 2840.670620466335
3.9836580753326416, 2766.7853664771537
4.178342342376709, 2761.2159042933636
4.665731906890869, 2736.64195928727
4.714733362197876, 2716.394656767792
12.415831327438354, 2705.4492536890757
12.659212112426758, 2680.7680509098136
12.853577613830566, 2678.294638955005
12.999556064605713, 2673.327773877376
13.242754459381104, 2652.08768293052
13.632341146469116, 2645.2530849865434
13.925150156021118, 2632.28064950346
14.022349119186401, 2621.8264526147686
14.071049928665161, 2618.5798698651633
T7
2.768486499786377, 3613.3018843940517
3.0599865913391113, 3608.1551984494727
3.1087000370025635, 3569.370365042647
3.1572763919830322, 3564.2236790980824
3.206066608428955, 3561.6907902604726
3.2549097537994385, 3451.7927848202235
3.4503116607666016, 3380.3764680042077
3.6455371379852295, 3370.4205790273845
3.6944525241851807, 3356.4568437311536
3.792170286178589, 3340.7483634459786
3.88974666595459, 3285.654554091394
4.084799289703369, 3267.8137475310214
4.182243824005127, 3236.476917424865
4.2310791015625, 3112.7721287273744
4.328777074813843, 3063.6047803788388
4.475314617156982, 3017.097899868051
4.572579622268677, 2924.6964551759884
4.718669414520264, 2848.2872472506133
4.864668369293213, 2837.8105963281414
4.913315773010254, 2816.9022813443153
4.962009906768799, 2811.6743273745233
5.302358627319336, 2806.213197757839
5.497009992599487, 2785.095506628204
5.691527366638184, 2779.222889185243
5.7401745319366455, 2767.1019850406738
5.788810729980469, 2763.7131654642
5.8375914096832275, 2761.4054302496224
5.8864617347717285, 2728.1627967059612
5.935331344604492, 2694.180481588526
6.179244756698608, 2676.4592067904596
6.766108989715576, 2668.630487977207
6.814874172210693, 2658.3023385998968
6.86367654800415, 2622.862634136429
7.938448667526245, 2601.302029071172
8.76886773109436, 2573.716434049711
T8
2.1866836547851562, 4014.527841313451
2.381652355194092, 3853.4963943792827
2.4305856227874756, 3377.9021821875067
2.626046657562256, 3289.298734077034
3.2602665424346924, 3222.2069994556223
3.4065890312194824, 3142.006955987061
3.8450045585632324, 3124.7869642288715
3.893867254257202, 3080.4383206223283
3.9914839267730713, 2992.5225894570613
4.040399074554443, 2945.836020267874
4.089244365692139, 2919.321654121348
4.138112545013428, 2909.747051689439
4.186999559402466, 2905.8020696206804
4.235858201980591, 2870.1145901623822
4.284723281860352, 2858.594958621543
4.33360743522644, 2854.0675833635614
4.382458209991455, 2837.588748137394
4.431317329406738, 2823.689362248406
4.480126142501831, 2780.7425372081198
4.724159240722656, 2775.9308096820605
4.870643615722656, 2756.886989093997
7.023326873779297, 2750.1792880098947
T9
1.8930611610412598, 3916.5856689135544
1.9903576374053955, 3645.1900744483282
2.038959264755249, 3597.21791318155
2.0878238677978516, 3473.0554701604124
2.282393217086792, 3138.3534981536504
3.4018983840942383, 2950.1409173865686
3.7911269664764404, 2929.1296821532596
3.839813232421875, 2928.294329122815
3.8884170055389404, 2923.599359540138
3.9858157634735107, 2882.9635961839813
4.228823661804199, 2835.5954528854054
4.326499938964844, 2802.5612700212805
4.375319004058838, 2799.6971542498504
4.472560167312622, 2794.525267719917
4.569636344909668, 2775.5075359004695
4.6670451164245605, 2747.7215851063374
4.862082004547119, 2720.71096446742
5.057188510894775, 2718.0924666082574
5.106014013290405, 2711.537125986535
5.154812812805176, 2709.824201262076
5.203594446182251, 2684.8220945923385
5.30152702331543, 2679.463608996666
5.54583740234375, 2661.2918799412582
5.594666957855225, 2628.852697125476
5.6434712409973145, 2597.98465284906
5.692364931106567, 2594.1542240346316
5.741235256195068, 2559.1285591786145
8.23633623123169, 2541.918686255274
T10
2.0841917991638184, 3867.706978457427
2.2299888134002686, 3737.376550135785
2.3272664546966553, 3654.885269777311
2.3759665489196777, 3641.886168058918
2.4248290061950684, 3212.7671467430046
2.814124345779419, 3097.0217344762204
3.1546382904052734, 3090.1213904036704
3.4468507766723633, 3086.1451155340474
3.495558500289917, 3054.1150844476797
3.592818021774292, 3052.2422999450355
3.7874605655670166, 2867.9420426527067
3.884754180908203, 2852.8120112697216
4.127939939498901, 2818.9334030927275
4.225297927856445, 2810.309055680278
4.273971319198608, 2781.9028275426244
4.4199793338775635, 2747.4964330718794
4.51722264289856, 2733.7373022897227
4.565848350524902, 2726.7405981475604
4.614509582519531, 2703.501038640461
4.809067726135254, 2688.3893824183324
5.052168846130371, 2682.1202226376045
5.246938943862915, 2648.4747189716436
5.295725107192993, 2636.056572488451
5.44167423248291, 2619.7641878027644
7.640066146850586, 2616.8891936499713
8.630027294158936, 2599.7852333523188
12.63835620880127, 2599.38226676255
12.687052726745605, 2593.0650917634775
12.784485578536987, 2580.0986809191236
12.83312177658081, 2573.4208152345527
T11
1.6476244926452637, 3404.251553094975
1.7450652122497559, 3184.2607934808475
2.037916898727417, 3172.297633443144
2.135284900665283, 3169.2879754644964
2.1841025352478027, 3154.0058650127758
2.2330198287963867, 3100.8070335461816
2.3305447101593018, 3032.5778727684665
2.4279699325561523, 2972.70444692843
2.4767141342163086, 2913.2808098288224
2.622908353805542, 2906.380104387077
2.671536684036255, 2900.772102306466
2.7201719284057617, 2897.6029233884765
2.768845319747925, 2897.5045086747705
2.8662362098693848, 2896.350656440656
3.0122623443603516, 2880.5606235815358
3.0609989166259766, 2876.987189823747
3.6458206176757812, 2818.815060582536
3.6945085525512695, 2809.796171287002
3.7431678771972656, 2803.4935086044425
4.766981601715088, 2800.5063374450256
5.692547798156738, 2778.454878977587
7.010524034500122, 2768.512185804808
7.888586044311523, 2758.8645461088454
8.230254411697388, 2749.0881199947034
8.913572311401367, 2744.939052007583
13.746742486953735, 2740.778602661434
13.795489311218262, 2728.2103113283665
T12
2.2315101623535156, 3437.3729898602323
2.2802231311798096, 3398.136550536743
2.3775601387023926, 3387.8904157530924
2.523587942123413, 3335.593324973699
2.572307586669922, 3317.7357568862208
2.6697239875793457, 3221.5564918247837
2.7670812606811523, 3217.288150837805
3.0107874870300293, 3060.7035223307903
3.206101417541504, 3044.239727461434
3.2548177242279053, 2994.1882438225
3.3035411834716797, 2957.8259361543023
3.4495432376861572, 2947.2144099464495
3.5469536781311035, 2938.3616547728016
3.644171953201294, 2926.360233047424
3.69283390045166, 2898.0389080446475
3.741473436355591, 2873.916889539294
3.838803291320801, 2794.133263818905
4.131551742553711, 2788.882661468975
4.765692472457886, 2782.7695497709938
4.86298942565918, 2735.6172501135443
5.3014304637908936, 2646.4225248482107
5.350167989730835, 2630.7503498458827
5.398854732513428, 2620.239667370319
6.424150705337524, 2619.1680496800545
6.521355390548706, 2616.151940620257
6.970860719680786, 2608.0858890035743
7.7511749267578125, 2604.786391107249
8.043957471847534, 2587.387153428892
T13
2.3797872066497803, 3961.661186442274
2.525465250015259, 3653.9620511978137
2.719909191131592, 3544.982474545279
2.7685632705688477, 3473.1697332858457
2.963534355163574, 3280.8655121302436
3.255960702896118, 3244.026542656007
3.4508473873138428, 3017.04044103084
3.7914202213287354, 2984.886515741455
3.888803243637085, 2979.3182311720593
3.937410831451416, 2955.0690585863777
3.986008405685425, 2950.6565930310026
4.034619569778442, 2942.0227787487383
4.083262205123901, 2892.5161475897767
4.326860189437866, 2881.418632166198
4.37587833404541, 2872.490095290719
4.42470121383667, 2869.3604344976484
4.5713050365448, 2864.896855352359
4.619954824447632, 2838.684470128821
4.717167615890503, 2743.6617268717964
4.814490556716919, 2721.2353165835084
4.911926984786987, 2717.4785583515622
4.960659503936768, 2708.649780145919
6.142632007598877, 2679.890636156808
T14
2.0367259979248047, 3626.320438020077
2.134126663208008, 3586.5643193832075
2.2315685749053955, 3415.016238179145
2.4749596118927, 3253.661197422247
2.7184057235717773, 3236.7804666917073
2.864755630493164, 3110.8186744177365
2.9136483669281006, 3110.676551828219
2.9625208377838135, 3059.695931298673
3.0112721920013428, 3034.4365993691463
3.0600945949554443, 3027.436822999458
3.2063724994659424, 2939.7952793742297
3.303922653198242, 2904.898504530269
3.3527746200561523, 2862.640851443619
3.450415849685669, 2843.0068062145583
3.499197244644165, 2837.511426419893
3.5478954315185547, 2834.7588681182388
3.742572784423828, 2828.6069063547475
3.7913103103637695, 2808.521004300099
3.8399980068206787, 2776.5514020223345
3.9375078678131104, 2767.320399235192
3.9863312244415283, 2697.1946242120757
4.181400299072266, 2688.5879259724898
4.327491044998169, 2673.340023191384
5.424619913101196, 2643.1478200253623
5.521989107131958, 2637.7155073276663
7.962064504623413, 2614.509279203732
8.253660678863525, 2613.4982801496226
9.375277757644653, 2588.1456941882207
T15
2.0876071453094482, 4197.180083231302
2.233856678009033, 3833.453477658448
2.3317112922668457, 3677.633252659856
2.5272881984710693, 3579.0898425612686
2.625129461288452, 3478.052654603176
3.1635165214538574, 3475.3702586631116
3.359041690826416, 3379.2106876700273
3.6038806438446045, 3312.2001949328696
3.798966646194458, 3250.244438153022
3.8962855339050293, 3246.00954900746
3.9451324939727783, 3100.596825604298
4.228572368621826, 3017.5616038041917
4.277330160140991, 2991.5412554864597
4.520987033843994, 2884.78317606778
4.667223930358887, 2857.0427521630772
4.81342339515686, 2832.327246510744
4.910850286483765, 2828.8373269044096
5.008584260940552, 2821.8736714549013
5.106060028076172, 2806.9905209434655
5.20362114906311, 2791.204885758212
5.398351669311523, 2761.340030479085
5.495849609375, 2760.153003277781
5.69150185585022, 2758.6952331892244
5.74026346206665, 2755.343960264887
5.7889769077301025, 2732.990159007124
6.2788496017456055, 2729.354127120285
6.717938184738159, 2719.9319825160346
7.109530210494995, 2715.877667844834
7.1583781242370605, 2703.7051348327514
7.207339763641357, 2698.7085019100778
7.2561256885528564, 2696.144437932453
9.598938226699829, 2695.4375436932605
13.205878257751465, 2680.763375350114
T16
2.2085442543029785, 3883.119751564591
2.3058059215545654, 3677.195310478637
2.4029440879821777, 3517.8874260006414
2.4518446922302246, 3504.7168515605736
2.500788927078247, 3374.993926076975
2.54978609085083, 3334.7580239099625
2.6471524238586426, 3302.5494252382923
2.69588041305542, 3034.23694639944
3.183568000793457, 2990.8220578235632
3.2322850227355957, 2978.021618507337
3.5734050273895264, 2977.407502437738
3.670813798904419, 2944.606134231508
3.7194859981536865, 2935.5966934749886
3.768141746520996, 2898.132521831969
3.865584373474121, 2821.595789826679
3.9143948554992676, 2803.5571540440287
4.1098878383636475, 2748.9123589389055
4.3533337116241455, 2724.4241657473176
4.402013540267944, 2710.95119526748
4.841176748275757, 2710.5127603565925
4.890110731124878, 2709.339804455085
5.7194530963897705, 2684.5241508242325
6.402271509170532, 2665.726153618467
6.450955390930176, 2664.288208068174
6.548599481582642, 2636.645554011091
7.134586572647095, 2608.0891506351327
7.964012622833252, 2606.3930253647122
T17
2.663165807723999, 3820.2433609862055
2.8577873706817627, 3523.1442403133697
3.102048873901367, 3321.187502436049
3.88299560546875, 3274.9446461087646
3.931811809539795, 3267.853482476159
4.029594421386719, 3117.6493542734097
4.127291202545166, 3006.990151549646
4.22493577003479, 2990.5784390451154
4.273743629455566, 2962.113936127789
4.518117427825928, 2911.501039004783
4.615930080413818, 2909.5167672430252
4.762626647949219, 2886.668171619487
4.860399961471558, 2876.884820607258
5.104864597320557, 2815.6335556695994
5.153770446777344, 2771.5484103580675
5.202667236328125, 2730.8734224572254
5.251543760299683, 2717.7019151155255
5.4469358921051025, 2714.1999797166645
10.690090417861938, 2714.0243587918376
10.78743600845337, 2713.995833097768
10.884740829467773, 2679.0321008837054
T18
2.376194953918457, 3916.149084401055
2.7855796813964844, 3793.4530439546797
2.834400177001953, 3633.810648706014
2.883028030395508, 3606.6618489256216
2.931658983230591, 3361.390754670545
3.1265900135040283, 3344.42342808588
3.564967632293701, 3109.4052075800864
3.6623642444610596, 3095.956078006362
3.8569352626800537, 3035.878588392952
3.954479217529297, 3007.945066195738
4.052107572555542, 2982.9069846616912
4.10095739364624, 2953.158417642888
4.247045993804932, 2953.054970263838
4.295682430267334, 2921.138171138213
4.3445446491241455, 2885.654234815738
4.393191814422607, 2816.608647293324
4.441844701766968, 2797.9729804399685
4.490533828735352, 2790.97012782385
4.539155960083008, 2790.3052370348305
4.830852031707764, 2763.003253527553
4.977027654647827, 2713.997480172853
5.269795656204224, 2705.3787622346135
5.562917232513428, 2693.3502365845343
5.611809492111206, 2664.4310731895093
5.905109167098999, 2634.635710294562
T19
2.2560160160064697, 3853.7457236245245
2.30462646484375, 3770.5537179523963
2.4018616676330566, 3643.467766525646
2.5963945388793945, 3487.9005178369553
2.7423782348632812, 3362.2144821107067
2.9854536056518555, 3309.9279855667264
3.2287611961364746, 3240.232866761391
3.5208451747894287, 2972.142274226382
3.764256477355957, 2937.0731155566173
3.8616294860839844, 2927.5756893655052
3.9103310108184814, 2921.4752945083164
4.00801682472229, 2826.4424991075066
4.251826524734497, 2820.1220135407493
4.349234342575073, 2775.4534929225338
4.397978067398071, 2774.6790196483926
4.544004678726196, 2762.5491328801872
4.641461133956909, 2707.107830512541
4.6902031898498535, 2705.6252292315767
5.031808614730835, 2697.593383037878
5.2271504402160645, 2667.734855875242
5.324679851531982, 2654.2802642498573
6.00776743888855, 2643.2820340266917
6.056627511978149, 2637.953630552467
6.105365514755249, 2626.9554003293015
6.790724515914917, 2625.1719510346884
7.230246067047119, 2585.278519159183
8.254105567932129, 2580.402282665862
T20
2.276381492614746, 3770.4952385458746
2.4702579975128174, 3676.4373634980875
2.519014596939087, 3669.780653007183
2.567625045776367, 3492.332725099055
2.6162588596343994, 3398.274850051268
2.7621352672576904, 3288.630654365188
2.9569685459136963, 3137.3001261100435
3.2489206790924072, 3099.5013686665334
3.29756236076355, 3086.8254965985398
3.3948116302490234, 3028.87348350056
3.5892586708068848, 2994.9493640028086
3.735421895980835, 2895.4008441029728
3.8327348232269287, 2873.9849910345947
3.881335735321045, 2843.80311518861
3.9299240112304688, 2799.197046582238
4.075903415679932, 2774.712672246067
4.124645709991455, 2767.8841257076274
4.270542144775391, 2724.4284936089825
4.319196701049805, 2662.71564091809
4.3679139614105225, 2640.794509532352
4.806179523468018, 2622.0886923867947
6.169132232666016, 2619.30489508569
T21
2.182748794555664, 3744.981223105453
2.231266736984253, 3741.667579953617
2.3282439708709717, 3648.9941687638493
2.376840353012085, 3600.2872023188684
2.4740939140319824, 3551.952345624042
2.5227248668670654, 3512.904889873069
2.619976282119751, 3470.312439179019
2.6686346530914307, 3429.15549092376
2.7172818183898926, 3288.632365121608
3.058084011077881, 3243.8231920856488
3.1067492961883545, 3223.3916216392245
3.1553409099578857, 3219.5334543397184
3.252554416656494, 3160.652023551869
3.3498740196228027, 3029.9752152360015
3.641603469848633, 2969.342489564646
3.6902077198028564, 2953.1337070348673
3.836526870727539, 2925.338772345014
3.8852405548095703, 2924.2163266705174
3.982585906982422, 2908.793600909892
4.07999062538147, 2844.4960354225914
4.128608703613281, 2819.743921291287
4.177189588546753, 2812.201195509595
4.517838954925537, 2809.9398661802406
4.712846279144287, 2773.4259800794534
4.761459827423096, 2761.332873859137
5.443371295928955, 2747.951509775041
T22
1.7011785507202148, 4197.890354438292
1.7987456321716309, 3644.8950775890553
1.9943947792053223, 3551.3054573266563
2.190075397491455, 3497.671903197348
2.336629867553711, 3392.3408224932646
2.58092999458313, 3313.739987268389
2.874286651611328, 3310.3024989365367
2.9721667766571045, 3295.059529850929
3.0210888385772705, 3262.5530686777493
3.0699925422668457, 3084.661660303318
3.3145651817321777, 2858.8590018925315
3.4124350547790527, 2833.2614947986003
3.510288715362549, 2821.1504424869927
3.5591659545898438, 2750.7218407537002
3.705803632736206, 2749.879677634439
3.7547101974487305, 2684.6977639675315
3.950190544128418, 2678.151471366815
4.194520473480225, 2677.573324799887
4.243346691131592, 2656.658194367803
5.026570081710815, 2656.4454130540835
5.075471639633179, 2645.0083691592154
5.1243345737457275, 2626.300223785074
5.5649943351745605, 2597.4167905681243
7.380247592926025, 2594.4005968792917
T23
2.9542930126190186, 4011.1249299582414
3.3438007831573486, 3625.2404913945647
3.3925538063049316, 3326.603596620611
3.489755868911743, 3296.319781446844
4.171666383743286, 3259.259284899963
4.513310432434082, 3208.8887655256694
4.659869194030762, 3151.456225242742
4.7087249755859375, 3122.1473671780695
4.85508394241333, 3106.7541355704307
5.0015082359313965, 3004.5290669349924
5.050377130508423, 2926.553197724672
5.587512254714966, 2827.685893774251
5.929224014282227, 2764.5313161813247
6.026800155639648, 2737.832909765115
6.075700044631958, 2732.207709256749
6.1245276927948, 2721.3498361358215
6.757399082183838, 2682.274106765195
6.8063108921051025, 2669.134139368427
6.9037556648254395, 2661.380190443713
6.952398777008057, 2605.373123836136
7.342417478561401, 2598.3199982721417
8.808194160461426, 2597.536913932752
9.591637372970581, 2593.151672764754
12.645706415176392, 2582.818031535906
12.792383909225464, 2578.811621531466
12.94039249420166, 2566.9333224872826
T24
2.3763997554779053, 3777.5217570567766
2.6190905570983887, 3628.199426780353
2.716111660003662, 3389.181632272288
2.9102940559387207, 3320.443721630654
2.9590187072753906, 3297.756026378862
3.0076920986175537, 3122.361538112673
3.1535558700561523, 3108.1149026278144
3.2508127689361572, 3105.4061554905784
3.2994704246520996, 3093.8397520565923
3.3480753898620605, 3069.085980758231
3.5915355682373047, 3062.1334835805756
3.8833463191986084, 2967.8256546107586
3.9810235500335693, 2964.524192111523
4.029698371887207, 2961.939957483657
4.078371286392212, 2945.6875697118085
4.224396705627441, 2942.0923677013925
4.272965908050537, 2925.8897193230077
4.321500301361084, 2910.775873272578
4.370051145553589, 2861.356373319475
4.4187867641448975, 2858.827806830537
4.613523483276367, 2823.874891305386
4.662087678909302, 2816.544498778836
4.710675954818726, 2802.4822439898708
4.759450912475586, 2796.018687795149
4.808239221572876, 2781.1796759172576
4.85740065574646, 2780.171408251772
4.906205177307129, 2775.220852010243
5.052242279052734, 2729.947639042657
5.1495561599731445, 2719.9391129221185
5.247053861618042, 2709.4729216031265
10.046231031417847, 2699.8587120170123
11.761846780776978, 2688.112182022771
11.85945177078247, 2669.4406740774575
11.908347606658936, 2657.8961556064896
T25
2.0888280868530273, 3907.8473889859742
2.186208963394165, 3853.6859533381066
2.2349236011505127, 3675.0765622836916
2.3325722217559814, 3627.152136953402
2.38141131401062, 3623.434461980796
2.576674461364746, 3355.2347449577355
3.4553751945495605, 3298.8234969691985
3.6506290435791016, 3250.4901664212084
3.699472665786743, 3108.609282008634
3.7972404956817627, 3105.0325420639565
4.090421676635742, 3087.7984237067867
4.139256000518799, 3040.445716184564
4.188088655471802, 2904.347137977995
4.236994743347168, 2886.243712270545
4.481136083602905, 2879.0163399918238
4.530047655105591, 2830.9998875508318
4.7739949226379395, 2807.6319928836165
4.8717029094696045, 2799.483491768813
4.920564413070679, 2797.3796226408012
5.018248081207275, 2746.6649531953008
5.164705753326416, 2744.743378102008
5.311350345611572, 2737.208369391912
5.6544201374053955, 2704.125714596812
5.703219175338745, 2696.609470866184
5.800825834274292, 2692.3850779042696
5.849614858627319, 2676.088144087713
5.898386240005493, 2676.01318538122
5.947240114212036, 2644.2670512143377
6.584146499633789, 2643.69526022808
7.0723278522491455, 2625.5165919478313
7.1211981773376465, 2618.5424471976003
8.099923610687256, 2594.4250954863674
8.148789882659912, 2555.2553801925096
13.638696670532227, 2554.6675926385215
13.687535524368286, 2544.1489850619837
T26
2.0371832847595215, 3911.1758944061585
2.085744857788086, 3897.136460596623
2.1343398094177246, 3677.3661210598657
2.2806973457336426, 3579.2572264368646
2.52408504486084, 3463.3175253704103
2.7679390907287598, 3438.0341486791003
3.108983039855957, 3379.267891366617
3.2553176879882812, 3370.361463431691
3.3042070865631104, 3169.9315736410936
3.5968551635742188, 3061.547743531846
3.645596981048584, 3052.9034380656667
3.7431137561798096, 3001.431514107884
3.7919418811798096, 2970.2192313445994
4.231416940689087, 2950.5776456479507
4.329330205917358, 2946.6755290482106
4.3782124519348145, 2945.1900569885765
4.427080154418945, 2904.0243990918243
4.524847507476807, 2898.9524599593715
4.720086574554443, 2815.6599533991102
4.817558288574219, 2779.635852489082
5.306268692016602, 2764.062526898124
5.452916622161865, 2757.378203982895
5.648658990859985, 2752.075274020579
5.746016502380371, 2751.136639941382
6.087837219238281, 2746.7138170513936
6.379784345626831, 2712.631135877833
7.014101982116699, 2678.110958588557
8.077757358551025, 2654.890630325739
8.175452947616577, 2635.541720314781
T27
2.5283405780792236, 3527.512049184661
2.6739349365234375, 3368.9211490520393
2.7718772888183594, 3314.8749378574867
2.918025493621826, 3288.8729600968945
3.0154106616973877, 3248.300678661675
3.1613731384277344, 3187.541859113073
3.4045121669769287, 3095.1195010372467
3.9411067962646484, 3045.2717041879077
4.087381362915039, 2920.19134346371
4.18470573425293, 2889.771832799015
4.331024169921875, 2878.680678349381
4.379800319671631, 2844.862530816681
4.525782108306885, 2835.0180554032995
4.62304949760437, 2750.8581874464
4.720314979553223, 2719.1388822379377
4.7690019607543945, 2684.8796106142836
5.060908317565918, 2672.5823257015145
5.109636306762695, 2655.6276334739086
5.353450775146484, 2641.7230196573655
5.499537706375122, 2633.3109152589896
6.132573843002319, 2619.899682087387
6.571875810623169, 2619.7498232245125
8.277010679244995, 2618.4121402599267
T28
1.4535562992095947, 3614.3416164761293
1.5022506713867188, 3599.8305995051924
1.5509238243103027, 3517.993672685712
1.5995986461639404, 3335.040729467073
2.3294689655303955, 3307.9397204399575
2.5728633403778076, 3137.452858045479
2.767744779586792, 3091.535527887463
2.816584348678589, 3027.3986312103807
2.9139726161956787, 2982.9889190246613
2.9626359939575195, 2969.2729756183253
3.1086227893829346, 2913.210612150375
3.1572928428649902, 2836.139243017824
3.205955982208252, 2807.673802423582
3.2548224925994873, 2793.880846938948
3.4983363151550293, 2664.161134996408
3.595534324645996, 2656.5405334860407
4.617875337600708, 2649.8516992466466
T29
1.7945587635040283, 3688.2919456493983
1.8915202617645264, 3619.5169309087796
1.9886460304260254, 3511.296359200045
2.03727388381958, 3433.0460675061768
2.0860142707824707, 3403.9603065698175
2.134641170501709, 3401.273162606769
2.2319319248199463, 3231.8842460546584
2.4268574714660645, 3172.668907488187
2.6214966773986816, 3165.130503560009
2.6701858043670654, 3014.612408237648
2.767425298690796, 2903.9677859124204
2.9135775566101074, 2843.180626782836
3.1567184925079346, 2839.5243859078764
3.254157304763794, 2818.803513211693
3.351876735687256, 2818.464333769938
3.4005589485168457, 2781.3218186704034
3.4491240978240967, 2777.979138540919
3.54643177986145, 2754.1092156943632
3.5950825214385986, 2752.038823306866
5.44884467124939, 2706.4363531347626
T30
1.9369874000549316, 3988.709744124484
1.9855890274047852, 3649.9901461749105
2.034278392791748, 3644.2849325883144
2.0829169750213623, 3580.075264162122
2.1317577362060547, 3550.3961747857247
2.180593729019165, 3543.709011206025
2.2292943000793457, 3453.0742482133355
2.2780568599700928, 3359.201613938101
2.667449951171875, 3357.215519561243
2.7649056911468506, 3302.050162473839
2.8136558532714844, 3300.4876742304914
2.911107301712036, 3262.961662684116
2.9597930908203125, 3210.3192397664825
3.1057353019714355, 3186.127464087069
3.154428720474243, 3073.2883882234746
3.251833438873291, 3049.376768283255
3.397886037826538, 2857.272135918858
3.5437099933624268, 2827.6672286365356
3.641066551208496, 2820.8152234002628
3.68990159034729, 2789.1413788500213
3.7873036861419678, 2784.459492255104
3.884732723236084, 2773.677200161648
3.9822869300842285, 2748.7751972277183
4.46969747543335, 2665.4131947817223
4.518334865570068, 2654.7834282376716
T31
2.5190072059631348, 3754.942384123089
2.7132792472839355, 3619.2666125817923
2.7619435787200928, 3458.816177686691
2.9081342220306396, 3445.8719376991357
2.956932544708252, 3349.5105453368596
3.1519510746002197, 3275.939569648457
3.2006287574768066, 3133.4988285130385
3.881917953491211, 3102.5382513778604
4.125501394271851, 2953.6108457526134
4.320428133010864, 2874.4013264192763
4.466312885284424, 2851.670534841556
4.612304449081421, 2767.4361561279075
4.709812164306641, 2756.4236381239025
4.856206655502319, 2723.8662716527906
5.050493478775024, 2721.0890551566554
5.24512505531311, 2703.262673568519
5.342429161071777, 2648.4084895997657
5.3911356925964355, 2648.19243649258
5.439741611480713, 2647.664142176698
5.536938428878784, 2628.872443003289
5.780080556869507, 2609.69657065747
5.828804016113281, 2591.238861144331
6.023650169372559, 2566.8984527661523
7.678656101226807, 2560.3285950016725
8.068049669265747, 2551.9006889641023
8.311778783798218, 2524.9569575574133
9.53910231590271, 2516.819723255423
T32
2.614311933517456, 3877.327378074915
2.8083527088165283, 3519.1542994890624
3.100374221801758, 3426.1260151737806
3.3929293155670166, 3340.853435811674
3.6361749172210693, 3278.2635819094576
3.830747604370117, 3260.38607217095
3.928089141845703, 3145.844318521107
4.219563245773315, 3016.1413395759446
4.268296241760254, 3006.820073753799
4.414306879043579, 2974.2910159188177
4.462951183319092, 2919.785113148857
5.002956867218018, 2909.9947457317467
5.1491124629974365, 2894.4057867058873
5.246745586395264, 2888.7993349484314
5.44156551361084, 2882.599761563062
5.5390801429748535, 2862.513345263287
5.685350179672241, 2838.5656760485144
5.73427152633667, 2837.6149391086947
5.880425453186035, 2810.1994514047547
5.92918062210083, 2775.8128922930773
6.026768922805786, 2765.5079875673255
6.07547402381897, 2748.75577148507
6.124340295791626, 2706.5766625773394
6.319367408752441, 2685.927258188982
6.854421138763428, 2667.209078638203
7.44238543510437, 2638.553831934667
8.030000925064087, 2637.633026517142
9.055005311965942, 2634.6340878358315
9.639693975448608, 2629.7402939813473
T33
2.477060079574585, 3777.5246271603246
2.720158815383911, 3584.3478498264158
2.7689578533172607, 3527.002381600658
2.8666188716888428, 3493.1966549158096
2.915498733520508, 3333.0710485959426
3.50164794921875, 3308.810130702681
3.7945148944854736, 3028.3907534615428
4.154381036758423, 3027.5084799087927
4.203338146209717, 2940.4412283382408
4.789062023162842, 2858.3454278335557
4.837916374206543, 2827.701130643036
4.984345436096191, 2819.2420172688
5.0332300662994385, 2815.3889019564813
5.082082986831665, 2795.4029746994056
5.3263256549835205, 2773.1748487945006
5.570559024810791, 2769.5568637679244
5.619412660598755, 2767.384681776268
5.863979339599609, 2763.3187859890895
5.961886405944824, 2754.1804999850865
6.157510757446289, 2742.22850854609
6.353534460067749, 2733.0071761398576
6.451095104217529, 2710.089071706432
6.548662424087524, 2692.577964521566
6.939633131027222, 2692.5400166485633
11.841569662094116, 2692.4139476365235
12.036475419998169, 2682.318486398639
12.085367918014526, 2672.936550384169
T34
1.4571418762207031, 3409.901942648037
1.5058999061584473, 3334.9884225069254
1.5546045303344727, 3274.6546214260015
1.7008402347564697, 3207.7592484842316
1.7984414100646973, 2947.568007231268
1.9935693740844727, 2915.5530638283526
2.1396400928497314, 2913.0502726909035
2.188430070877075, 2892.4820416401926
2.3346588611602783, 2872.176494089814
2.4320619106292725, 2850.8533587645506
2.480752944946289, 2725.8644104753766
2.675997734069824, 2683.077469453041
3.3101303577423096, 2682.7200491246476
3.554551839828491, 2679.4938165485364
3.749742031097412, 2676.275288879886
3.99393892288208, 2663.41791827057
6.562817573547363, 2643.6289467047027
14.770779132843018, 2637.587613599768
T35
2.4732730388641357, 3948.0620692580706
2.521909236907959, 3926.937903455415
2.6678590774536133, 3676.784989449923
2.7652535438537598, 3509.609593779096
2.8140757083892822, 3489.5612435719086
2.9603443145751953, 3302.002573708014
3.3994784355163574, 3301.7172859856946
3.866244316101074, 3255.7878814060095
3.9151687622070312, 3201.386608790417
4.110167026519775, 3150.1158399931155
4.159031867980957, 3038.479231807898
4.207909345626831, 2966.9277527621744
4.354382753372192, 2966.292656186386
4.50084376335144, 2957.1244868640642
4.598400592803955, 2943.9389336835593
4.744760513305664, 2934.135667785449
4.793452978134155, 2919.752626637346
4.842195749282837, 2903.12735028498
4.939747095108032, 2893.32408438687
4.988511323928833, 2862.059254138454
5.134715795516968, 2855.38083260681
5.183613061904907, 2855.013419953262
5.476517915725708, 2851.232994765829
5.52539324760437, 2829.4275992865005
5.623157501220703, 2780.7937982356234
5.671981573104858, 2768.3764668850054
5.7208099365234375, 2767.855601705596
5.769657373428345, 2737.5922544117057
5.867308616638184, 2725.516691210214
6.014080286026001, 2717.9255507128983
6.209957838058472, 2704.512648279764
6.6019392013549805, 2703.427370049714
6.894985914230347, 2685.026001293474
11.537901401519775, 2683.466429533204
11.63546109199524, 2672.904272101441
14.373108625411987, 2667.5077747081377
T36
2.039396286010742, 3981.4527225050406
2.0881125926971436, 3958.22304013955
2.136817455291748, 3880.7643010101456
2.185717821121216, 3630.3329639779695
2.2344489097595215, 3595.4114723106904
2.3320798873901367, 3411.771024579357
3.405708074569702, 3265.577878633485
3.4544782638549805, 3256.8761206341296
3.600965976715088, 3197.0075313725974
3.6985976696014404, 3186.157874912591
3.7473807334899902, 3131.340865569364
3.7962276935577393, 3125.464491323859
3.8939290046691895, 3028.9484771196003
4.040193796157837, 2992.727614109288
4.089121103286743, 2954.7584834564914
4.2355711460113525, 2916.709138453545
4.576926946640015, 2884.2616276499175
5.1130712032318115, 2816.2297190524114
5.161917209625244, 2804.530068074295
5.308173894882202, 2776.510552932232
5.356999397277832, 2764.652097175087
5.600775957107544, 2739.261781187597
6.286351919174194, 2736.545429074031
6.677036762237549, 2728.218686807042
6.872431516647339, 2713.122302150048
7.459269285202026, 2701.218505168552
7.605614423751831, 2697.1196004325757
7.75264573097229, 2669.4251703549817
11.965842962265015, 2666.6351036313426
14.262301683425903, 2658.489356817663
T37
1.9650044441223145, 3848.6844771435863
2.013676881790161, 3820.7543748721364
2.0623371601104736, 3497.203634860096
2.1111738681793213, 3395.470343163266
2.3062198162078857, 3160.730068668214
2.549870729446411, 3056.5900678328035
2.8910114765167236, 2986.2658822425437
2.9885284900665283, 2907.962887689908
3.1346843242645264, 2893.1181117888045
3.3294520378112793, 2831.1115671538137
3.5731618404388428, 2829.6852800076886
3.6220216751098633, 2818.1185451983038
3.7193984985351562, 2760.7578323743073
3.7682104110717773, 2747.373385902538
4.011963605880737, 2725.0144176133763
4.109471321105957, 2705.244459741065
4.744297981262207, 2685.185018139484
4.841838836669922, 2638.6945248016127
4.8907694816589355, 2561.879712842114
9.338879108428955, 2545.5079049109045
T38
2.775259256362915, 3843.8424150619394
3.0670502185821533, 3454.640670486886
3.213505268096924, 3296.3780871703784
3.701443672180176, 3278.9655452236184
4.04248833656311, 3245.409632773735
4.188601016998291, 3159.3159603415406
4.480397462844849, 3116.599350347198
4.577808380126953, 3065.406666601426
4.869709491729736, 2927.9341470516665
5.064404010772705, 2867.6591128395958
5.259119510650635, 2857.7742020983424
5.405374765396118, 2855.8322535430925
5.599999189376831, 2762.4581626279396
5.69728946685791, 2734.132051125547
5.892581939697266, 2676.607833552378
6.087203502655029, 2672.9096435004176
6.135860443115234, 2631.9801735346555
6.47649884223938, 2617.0650998551428
6.817431688308716, 2592.724792892943
11.616838455200195, 2566.7803644285013
T39
2.473998785018921, 4131.7740960831
2.5710501670837402, 3823.35572692244
2.717278242111206, 3649.1082938039617
2.766059398651123, 3525.351434608441
3.010347843170166, 3502.1969548969646
3.5945889949798584, 3467.3480818622193
3.64323353767395, 3365.317779885954
3.838693857192993, 3049.0089719740936
4.423069477081299, 3041.9731862051412
4.618425369262695, 2990.736652105217
4.716163873672485, 2978.7169961227482
4.8628089427948, 2908.464719602882
4.911659002304077, 2798.3307249495992
5.302109718322754, 2766.9616549382044
5.399836301803589, 2759.1471649754676
5.790378093719482, 2721.738289365836
5.887964725494385, 2691.88563803093
5.936895370483398, 2681.7193193033454
6.083245515823364, 2673.001767111302
6.327220678329468, 2655.8669579430425
7.059089660644531, 2636.004713060829
7.107991933822632, 2618.661627116264
7.156662940979004, 2615.8684528706362
7.401012420654297, 2595.5443960133853
8.13494610786438, 2590.4415731812624
8.183775186538696, 2565.1446955747087
12.141709089279175, 2552.740114619897
T40
2.6203339099884033, 4167.615127196041
2.668964385986328, 4125.57553287335
2.766252040863037, 3996.602298456477
2.81490421295166, 3679.733432600304
2.912306547164917, 3585.180363173975
2.9612486362457275, 3511.4794898593973
3.1078827381134033, 3437.9312344373902
3.546743392944336, 3425.797029043635
3.5955758094787598, 3305.9021177779796
4.279108047485352, 3185.5497012447886
4.376636505126953, 3113.824610470212
4.523489236831665, 3074.531584930475
4.669895887374878, 3041.8607581247634
4.81605076789856, 3033.5467662231094
4.864920139312744, 3029.2072510334256
4.962470769882202, 2976.9068441296404
5.108777761459351, 2923.297169672529
5.206179141998291, 2887.496136118134
5.254863739013672, 2880.9016541823075
5.352310657501221, 2843.650739712917
5.401083946228027, 2819.512180367383
5.449863910675049, 2819.1482823084953
5.59607458114624, 2772.944913326879
5.6939003467559814, 2765.8023833315237
6.084807634353638, 2761.8206418091286
6.32905125617981, 2734.034631276023
6.523780107498169, 2732.3488644207973
6.9647369384765625, 2729.7889007024787
7.1602396965026855, 2691.411483404998
9.60774827003479, 2687.650258731359
T41
2.2522456645965576, 3639.7929896286078
2.4467520713806152, 3546.0696566660918
2.495360851287842, 3519.573591674518
2.592740535736084, 3152.4865547931986
2.6905415058135986, 3148.237804645396
3.081123113632202, 3069.974426013214
3.129986047744751, 3030.9736989915255
3.2275314331054688, 2917.4303864115063
3.764197826385498, 2906.7339018237253
3.8620119094848633, 2885.8558781762986
4.00869083404541, 2862.485105979955
4.057295083999634, 2807.306067415251
4.300955772399902, 2779.683625709091
5.178745985031128, 2765.2931515998207
5.275899887084961, 2746.160679900335
5.47127366065979, 2731.796939775828
T42
2.181262969970703, 3918.116765221843
2.326982021331787, 3597.831721381357
2.473247766494751, 3476.2779998860497
2.6192660331726074, 3439.5096554347547
3.0582826137542725, 3383.8661939567683
3.1557815074920654, 3274.6620584703196
3.7885828018188477, 3241.2884356388968
3.837526559829712, 3124.3237396265467
3.8865082263946533, 3058.259563655709
3.9840140342712402, 2909.7336467480345
4.178706407546997, 2906.631749763328
4.665577173233032, 2826.0293499369
4.9097301959991455, 2778.663324656358
5.007351875305176, 2764.6682929147937
5.056213617324829, 2731.238412609062
5.105036973953247, 2657.261493759579
5.153876066207886, 2617.5211637382163
5.4462010860443115, 2612.4819589985855
5.690222978591919, 2608.8147333538946
5.739146947860718, 2603.775528614249
7.062190055847168, 2570.7619193990104
T43
2.22900390625, 3681.9830522994016
2.3262321949005127, 3650.332216238079
2.3748738765716553, 3586.833998779155
2.4236032962799072, 3552.233564816648
2.5213043689727783, 3345.1324006444192
2.863461971282959, 3142.3065702189633
2.9122471809387207, 3115.4360754878
3.058173894882202, 3101.1942566226644
3.301450729370117, 3014.5564114818117
3.4474995136260986, 2946.5352655776514
3.5941903591156006, 2892.5495123176806
3.74092173576355, 2860.940344943301
3.887389659881592, 2845.004054268764
3.9360830783843994, 2823.743332402999
4.13066554069519, 2786.075436922154
4.325340509414673, 2749.709703369779
4.422856330871582, 2727.8165667050926
4.471593856811523, 2708.6900956601166
4.715593338012695, 2676.7249778607656
4.862016201019287, 2666.4411991197703
4.910802602767944, 2646.366421222425
10.824501752853394, 2643.9560180260305
10.873323917388916, 2641.9145744322013
10.922173976898193, 2623.57124924277
11.019765138626099, 2619.1194024525466
11.993997812271118, 2618.7017935081385
12.091432332992554, 2612.246780654241
T44
1.795804500579834, 3964.5202054365072
1.9419569969177246, 3634.7739666445123
2.235124349594116, 3590.798053827748
2.3814640045166016, 3553.6708839014173
2.4303860664367676, 3531.033901477116
2.479193925857544, 3509.731582238237
2.6746551990509033, 3461.909547185729
2.772400379180908, 3297.603463002204
2.8211312294006348, 3282.1377754490677
2.9186816215515137, 3281.745555809859
2.9676716327667236, 3226.213227006956
3.016458034515381, 3161.3777061182773
3.1623759269714355, 3031.5914715375693
3.2111012935638428, 2953.2131803154916
3.2598135471343994, 2936.903306202774
3.3084659576416016, 2907.4490652657405
3.3571133613586426, 2873.399333150228
3.747453212738037, 2814.5270333205845
3.9423441886901855, 2812.85557698457
4.039820194244385, 2808.6067452891293
4.088470458984375, 2804.0573836028925
4.137125492095947, 2801.5667715318705
4.185874700546265, 2795.369914491137
4.234582424163818, 2786.8558482068183
4.283373117446899, 2745.2887800847384
4.380674839019775, 2744.1230359101464
4.5756916999816895, 2736.6084766890563
4.721943140029907, 2733.7996999182214
4.965975046157837, 2715.422512533347
5.704116582870483, 2697.2962250158453
14.025622606277466, 2695.981851543562
14.17215347290039, 2679.4221221096523
T45
2.2782232761383057, 4093.9752947047527
2.4721689224243164, 4023.6002594398306
2.5209147930145264, 3598.0302378160122
2.569847345352173, 3509.639862682161
2.813591957092285, 3413.122046208824
3.202582836151123, 3242.341787649013
3.2512850761413574, 3241.079612968839
3.592378616333008, 3223.395056853842
3.738452911376953, 3176.996601866951
3.884355068206787, 3176.6858859295317
4.030424356460571, 3122.4597412016155
4.079306125640869, 3082.986869895074
4.225443124771118, 3034.1172213267564
4.468789577484131, 2992.931577634721
4.711920738220215, 2923.362699390811
4.857868671417236, 2838.0184867516073
4.906506061553955, 2820.700843611092
5.00370192527771, 2791.9276390433224
5.782102346420288, 2769.486397863191
6.123175144195557, 2734.6808608019783
6.610915660858154, 2693.6522326752747
T46
2.5220229625701904, 3714.0907210605947
2.716862678527832, 3589.3292240921874
2.765530824661255, 3342.427838115109
2.9115405082702637, 3334.968087024652
3.057624578475952, 3220.769227353565
3.301112413406372, 3118.3536536796455
3.3498756885528564, 3108.5243553179753
3.593634843826294, 3076.1038754590554
3.691164970397949, 3067.652708296475
3.7399535179138184, 2988.2181149055978
3.8372745513916016, 2959.954146751348
3.885901927947998, 2935.245210274603
4.129275321960449, 2915.6699311070843
4.177915334701538, 2880.21849287441
4.27530837059021, 2868.7305425162485
4.372707366943359, 2843.6041975237313
4.421428203582764, 2808.7653677228664
4.518927097320557, 2807.9226986560825
4.665417909622192, 2772.689758085122
4.811927318572998, 2770.1200495545345
4.957911014556885, 2701.6740259918442
5.298963785171509, 2682.2454589848494
5.347973823547363, 2664.43933641912
5.984113931655884, 2636.765883341621
6.13048791885376, 2620.0079723224917
6.619032382965088, 2612.076206264581
T47
2.134587049484253, 3862.4920819037798
2.183384418487549, 3786.043311734058
2.2321128845214844, 3499.3313782028563
2.329538345336914, 3475.2747906545846
2.3782265186309814, 3460.4886953271052
2.4270524978637695, 3416.882518591752
2.475954055786133, 3184.1086580839183
3.109077215194702, 3116.072124995597
3.401289463043213, 3107.2188025085343
3.4499928951263428, 2971.3469972578896
3.5472216606140137, 2959.3384978292743
3.7420814037323, 2919.8144682918355
3.8394434452056885, 2897.966550571189
3.8880653381347656, 2855.9002795276174
3.9853858947753906, 2815.220462614001
4.033987522125244, 2798.921366239112
4.520845413208008, 2796.1724533806846
4.6186535358428955, 2791.9986421233916
4.764560699462891, 2757.471509041963
6.812821626663208, 2702.8642902915744
12.601420879364014, 2699.8702832333074
T48
2.759779453277588, 3649.3703467076266
3.0021557807922363, 3521.9308751180943
3.2938284873962402, 3295.143605475998
3.4890198707580566, 3241.606815885927
3.8778128623962402, 3204.4501420587476
3.974902391433716, 3190.5419612053083
4.169251203536987, 3174.6097602641676
4.461005687713623, 3133.2188643791305
4.5583672523498535, 2951.0113923981553
4.6069629192352295, 2932.459099785381
4.655526876449585, 2908.0890758659516
4.704219341278076, 2891.9124445849884
4.752879858016968, 2838.454621631856
4.898587942123413, 2836.271470621883
5.04431676864624, 2835.1427143943
5.190280914306641, 2830.56935766447
5.239060878753662, 2821.514971577999
5.336402893066406, 2800.2220155922405
5.433757781982422, 2797.1828820432565
5.6767354011535645, 2781.8265974094975
5.822547912597656, 2764.5166569267894
6.016937017440796, 2666.4922491722245
10.308082818984985, 2661.6050780358637
T49
1.9867205619812012, 3933.358932908115
2.1324291229248047, 3614.3072866974835
2.181156635284424, 3572.718592618796
2.2785630226135254, 3548.2496663988713
2.4736580848693848, 3519.193031333052
2.5224242210388184, 3395.092957224697
2.6197683811187744, 3343.4296767020132
2.862927198410034, 3168.310964050892
2.911684036254883, 3142.144609752315
3.154998779296875, 3090.4813292296312
3.203671932220459, 3026.4514084047987
3.349710702896118, 2951.9608607895207
3.495793581008911, 2948.4561159312434
3.5445008277893066, 2931.641358350913
3.593204975128174, 2903.0289281736477
4.031071662902832, 2897.675556796661
4.177342653274536, 2799.0612226476514
4.226293563842773, 2780.0868599586247
4.3723344802856445, 2757.5356813396065
4.469638824462891, 2739.875083024279
4.859106779098511, 2727.4318649815687
5.151844024658203, 2721.9040403808904
5.200649976730347, 2658.178271150071
5.29845666885376, 2642.001851563822
5.493943929672241, 2641.0297176544555
7.594576835632324, 2639.1323778359074
11.951192140579224, 2633.8490783676534
14.050037145614624, 2618.3810409455036
14.24496054649353, 2610.541058533752
14.488080501556396, 2605.892063855368
14.536822080612183, 2580.3981428809057
T50
2.3333752155303955, 3857.543555332726
2.4308953285217285, 3759.7821981041925
2.577094078063965, 3522.26856078484
2.674532175064087, 3521.1534794339677
2.8858320713043213, 3327.848389047227
3.2275757789611816, 3226.49927353111
3.520465612411499, 3157.401064271544
3.5693411827087402, 3052.2305012149445
3.666897773742676, 3015.940007244906
3.8132846355438232, 2974.7305630151677
3.8622066974639893, 2925.0443153069355
4.0576934814453125, 2805.3046705375164
4.155585289001465, 2762.9775550812483
4.74157452583313, 2758.065198633165
4.937674283981323, 2731.8494670831424
5.329603433609009, 2711.428938009398
5.671799659729004, 2678.7445972895657
T51
1.9872667789459229, 3793.327545533117
2.1332178115844727, 3390.289394186897
2.4250357151031494, 3299.889183269057
2.7656662464141846, 3275.742068177162
2.8630385398864746, 3268.468386956709
2.911912441253662, 3174.1285648837656
3.1064116954803467, 3136.6379002712347
3.1550371646881104, 3077.321552231064
3.2525417804718018, 3017.4855972429505
3.30135178565979, 2998.870618925168
3.350177049636841, 2991.198351101004
3.3988301753997803, 2978.624802725375
3.4961330890655518, 2975.088782359293
3.5448455810546875, 2922.680486612153
3.7399070262908936, 2914.997878989947
3.8371593952178955, 2911.0377609294374
3.885867118835449, 2877.5366665780894
3.9344992637634277, 2865.6402229188825
3.983147144317627, 2853.001596606802
4.031757593154907, 2821.4681976262073
4.129127025604248, 2758.127539559544
4.275221347808838, 2735.9328552875522
4.421743869781494, 2711.7871279076207
4.86178994178772, 2704.339490147395
5.106221675872803, 2699.747223197759
5.155181407928467, 2693.6121518077416
5.644845008850098, 2665.300528402411
5.936944007873535, 2628.3051540699526
T52
1.6967988014221191, 4285.691621485923
1.7939751148223877, 4045.8113232368487
1.8427379131317139, 4044.2112014196755
1.8915061950683594, 3859.0614025604737
1.9402124881744385, 3859.0362163431128
1.988875150680542, 3805.132368994571
2.037670612335205, 3787.8527396143036
2.184107780456543, 3680.241761731493
2.2815897464752197, 3649.7232118292886
2.573587656021118, 3601.1641736259335
2.6709094047546387, 3600.4662660905014
2.8171679973602295, 3495.733921888037
2.963379144668579, 3470.858518205394
3.012176036834717, 3206.140914399948
3.060932159423828, 3049.214566874027
3.255652666091919, 2984.8418939505355
3.304347038269043, 2966.957805677448
3.450432062149048, 2934.201461657969
3.499131202697754, 2925.580712301962
3.547847270965576, 2851.3520378165704
3.6453044414520264, 2843.3636214028375
3.7426319122314453, 2825.0663355811266
3.888655185699463, 2808.8215369618556
3.937276840209961, 2773.606283230445
3.985975503921509, 2754.785152689001
4.326787710189819, 2754.761335968593
4.521571636199951, 2753.402381834894
4.570223569869995, 2743.140518717293
4.6188435554504395, 2732.808778915234
4.667505264282227, 2680.881259463873
4.764659404754639, 2668.7013274255005
5.0565900802612305, 2664.7048866540135
T53
2.7146480083465576, 3860.4244372438116
2.860433340072632, 3706.0152885831776
2.9091310501098633, 3558.2162895094807
3.0067334175109863, 3551.7750272270496
3.1041860580444336, 3506.7576431273774
3.153027057647705, 3432.9519520585454
3.8355348110198975, 3388.970088221744
3.9334609508514404, 3339.670195969986
3.9823760986328125, 3331.6122230260953
4.031292915344238, 3154.5450310590677
4.129069566726685, 3113.567068085482
4.275514602661133, 3030.246727294987
4.665215253829956, 2852.735274267863
4.811159133911133, 2816.3775374239194
5.005917072296143, 2801.4223931603046
5.054640531539917, 2791.2953205233207
5.103262186050415, 2773.1527554211207
5.151938199996948, 2692.005318034906
5.200696229934692, 2685.4691776134277
5.298041820526123, 2647.1284837089916
5.39553165435791, 2625.0699438734882
5.444425106048584, 2624.209814428832
6.126358270645142, 2623.8169747749926
7.78515100479126, 2610.424727557067
8.028467655181885, 2606.661904931767
9.450155258178711, 2601.3728472582734
10.376439332962036, 2555.724200157434
T54
3.0075392723083496, 3796.420916215502
3.25123929977417, 3570.643770999668
3.3001387119293213, 3367.0232755574107
3.592507839202881, 3363.615520377294
3.6898820400238037, 3239.776761918649
4.031225681304932, 3139.916115229207
4.177735805511475, 3005.75940853919
4.71441125869751, 2939.42146338764
5.007440090179443, 2916.217198153521
5.105067014694214, 2834.111275477786
5.202692031860352, 2805.1045445781056
5.349239349365234, 2784.540532410101
5.642072916030884, 2775.8050743669446
5.691176891326904, 2736.117633346832
6.032506227493286, 2725.4795135767927
6.0813822746276855, 2723.4665843547264
6.374406576156616, 2704.2645598205418
7.011753797531128, 2703.999497678844
7.060703277587891, 2693.9526615196664
7.445431470870972, 2681.714544673916
7.689690828323364, 2666.5616488195956
7.73839545249939, 2643.354344102787
8.178489923477173, 2640.881771439512
T55
1.941943645477295, 3670.391883960576
2.03955340385437, 3483.86288921682
2.0884194374084473, 3452.1563749170746
2.332321882247925, 3435.4463284666854
2.4787137508392334, 3368.498143233417
2.917630672454834, 3364.823391127982
3.015204429626465, 3335.953396826153
3.063948631286621, 3289.3704996201704
3.2102065086364746, 3150.429514888994
3.356733798980713, 3112.2502774948807
3.6006510257720947, 3062.8298304083146
3.7466986179351807, 2963.9897382527997
3.9416608810424805, 2953.5681298707204
3.9903364181518555, 2918.133744224542
4.039010047912598, 2871.6325531508483
4.624547958374023, 2787.7830426213914
4.722158670425415, 2781.3192503883038
4.771068334579468, 2752.656680975997
4.819818496704102, 2737.9520134919876
4.868536949157715, 2719.632838810765
4.917286396026611, 2676.886143106225
5.306517601013184, 2643.2567649527045
5.355307102203369, 2623.4418003857136
5.647604703903198, 2614.175294907691
14.194841384887695, 2612.157552427583
T56
2.476527214050293, 3363.48364991734
2.962797164916992, 3288.0001559268712
3.0116333961486816, 3228.4518057927926
3.060307502746582, 3224.866788043466
3.2064356803894043, 3157.8885319055553
3.3038582801818848, 3153.2455189408356
3.498383045196533, 3101.283107529205
3.6443166732788086, 3019.212954122995
3.693016290664673, 2996.4424306541478
3.790494918823242, 2982.469087257501
3.8878166675567627, 2939.2530764305266
3.985503911972046, 2937.352903174222
4.0343358516693115, 2925.9946489627328
4.131715536117554, 2910.40738883859
4.180466651916504, 2896.434045441929
4.3755104541778564, 2854.3684828945406
4.424214601516724, 2837.1679614234163
4.667609214782715, 2829.882292744107
4.716300964355469, 2813.0832661907334
4.764956474304199, 2805.797597511424
5.106369972229004, 2773.979697114686
5.252481698989868, 2759.2892024594767
5.6911468505859375, 2752.2141980103042
5.788492679595947, 2742.2107044530712
7.501558542251587, 2714.757653648485
T57
1.7003378868103027, 3854.5711923993513
1.8465921878814697, 3841.861740335953
1.8955798149108887, 3835.279184767627
1.9445748329162598, 3675.579742447182
1.993417501449585, 3567.6752561454487
2.042292833328247, 3506.6164037298295
2.0911471843719482, 3427.939737977198
2.1888418197631836, 3422.697628272086
2.286351442337036, 3245.181992911821
2.5302155017852783, 3206.710288622169
2.5789010524749756, 3167.6764338273206
2.6763877868652344, 3077.261468206387
2.8713080883026123, 3064.335701927994
2.9199817180633545, 3032.7212300013343
2.9709103107452393, 2997.002081116254
3.0683038234710693, 2993.937419565613
3.165748119354248, 2973.367897223041
3.214600086212158, 2961.718303057147
3.312267780303955, 2840.0335044459644
3.458618640899658, 2834.1406428635237
3.5075011253356934, 2807.6757728810917
3.5561952590942383, 2798.442289753395
3.6049768924713135, 2785.470042521876
3.653627395629883, 2775.8689070660184
3.9464876651763916, 2771.530646667801
3.9953739643096924, 2716.0321709772543
4.044216156005859, 2691.9514959359512
4.33727502822876, 2684.3348429004836
4.630317687988281, 2682.4812140205177
4.972244024276733, 2678.1527475912008
5.020962715148926, 2676.2626962455834
5.06991171836853, 2661.8394526605407
5.118722915649414, 2656.418047651445
9.061523199081421, 2633.8594548035326
10.136099338531494, 2627.8208766905736
T58
2.428868055343628, 4119.231392580958
2.477473735809326, 3628.2078470533306
2.67226243019104, 3534.229601683299
2.7697346210479736, 3268.8972652777884
3.744448661804199, 3251.3600272799813
3.9392001628875732, 3075.856442535922
4.280562162399292, 2962.723412788444
4.329322338104248, 2947.1991917587293
4.572941064834595, 2868.7015053178184
4.914613246917725, 2794.4425423952925
5.012273073196411, 2768.940263065815
5.060990810394287, 2745.028130532475
5.256067752838135, 2741.692427636488
5.304816007614136, 2736.128923541328
5.3535988330841064, 2722.436218501607
5.402273416519165, 2719.10051560562
5.450953245162964, 2686.4675081340247
5.499600648880005, 2645.38503268137
T59
2.9667890071868896, 3802.501021700853
3.210198163986206, 3675.2914369359496
3.2590243816375732, 3455.0317830833374
3.356658935546875, 3359.5198858022486
3.503366708755493, 3336.4958093609894
3.6988954544067383, 3300.114460231969
4.1385533809661865, 3282.8768926545745
4.382610321044922, 3270.434651414922
4.43144154548645, 3180.456192304686
4.919953107833862, 3016.8232010682405
4.968817472457886, 2908.103451650226
5.066402912139893, 2819.2596718523855
5.359277009963989, 2785.2998754793516
5.456929445266724, 2784.8228814473405
5.6034605503082275, 2762.1286893048236
5.701063632965088, 2739.413221428651
5.8963494300842285, 2734.5426740929106
5.945242404937744, 2700.3074481554504
6.384350776672363, 2699.77695987068
6.726059913635254, 2687.3155099556025
6.774949073791504, 2686.7850216708175
6.9216227531433105, 2678.4957542812335
7.067724227905273, 2664.9733277966006
7.360259532928467, 2630.4358626252797
7.5069074630737305, 2622.9349246806087
9.121254444122314, 2613.0263096245035