T0
1.6783826351165771, 1105.9458094581205
2.084374189376831, 752.2050738447433
4.371733665466309, 710.1303523995739
4.719970941543579, 696.101391540913
T1
1.829681158065796, 885.1347213360714
2.0280845165252686, 786.2553909050621
2.536837339401245, 763.5828509736457
3.2542834281921387, 762.2265982626413
3.6698434352874756, 683.0068335452379
T2
2.00518536567688, 831.8008961031592
2.661562204360962, 763.7721670338506
4.322508096694946, 753.9618247079197
4.704039573669434, 698.6410309780622
6.603934049606323, 634.9948993557482
T3
2.2998878955841064, 709.7530272766453
3.7215840816497803, 700.0788972777373
T4
1.5877630710601807, 944.1942028257763
1.7897529602050781, 785.2717846116284
2.7136707305908203, 769.8116936957231
3.483646869659424, 747.4681032640074
4.1923134326934814, 635.0548052391678
4.344830513000488, 630.9545944657148
T5
1.6977458000183105, 794.8701586144307
3.8824758529663086, 757.5839116265124
5.093278646469116, 736.9104171642102
8.1094069480896, 723.318866395668
T6
1.3377959728240967, 1018.4607741744694
1.996307373046875, 722.0401444954041
2.4997665882110596, 692.8112137233111
5.751782655715942, 664.0096904892416
T7
1.839951753616333, 1110.8474207850522
2.0472023487091064, 807.594008823944
2.4481966495513916, 758.2241479307995
4.617280721664429, 756.6000794283027
5.024258852005005, 641.8348357552168
T8
1.3369050025939941, 889.370031953862
1.6948859691619873, 838.0090696216357
3.5373716354370117, 790.8959379048028
4.102030515670776, 745.2316889328213
T9
1.5981929302215576, 887.6122513334558
1.9010932445526123, 689.3830691155599
5.394102334976196, 666.2472349051241
11.053186416625977, 664.6815234171372
T10
1.9969077110290527, 957.7991478575859
2.351374626159668, 803.5073764139524
3.0111427307128906, 740.7425964405847
3.0619266033172607, 571.9826916731836
T11
1.443917989730835, 814.4052719229076
2.1689651012420654, 712.8017286980466
5.366368770599365, 701.7588592610409
5.465277194976807, 554.1309601264074
T12
1.9396560192108154, 1022.3451668568596
2.090456008911133, 817.9541299534321
2.4539859294891357, 816.3212793148996
2.6596555709838867, 810.5849745453597
2.91131854057312, 770.8206702278403
4.029459476470947, 658.0794980991486
T13
1.4408535957336426, 977.6433724387898
2.252525806427002, 866.6925392496632
2.554518699645996, 850.59815247402
2.9108963012695312, 720.2658749643015
T14
1.4854483604431152, 972.9174319459416
2.086460828781128, 882.8814758952067
2.853386402130127, 860.972389747345
3.0586724281311035, 810.575250353053
4.287621736526489, 720.4282535262464
4.841169118881226, 711.2395843353297
T15
1.4365663528442383, 824.3323036967195
2.516688108444214, 667.29396900539
T16
1.6982970237731934, 743.4813085842325
4.447279691696167, 722.0013856867154
T17
1.2393090724945068, 926.7097723364277
1.5018730163574219, 919.0519158959069
1.8104133605957031, 720.8134123586351
8.037882804870605, 715.3081034447096
10.78071665763855, 611.801366163796
T18
2.1131062507629395, 697.8251871350803
3.7339589595794678, 625.3649329709733
T19
1.992060899734497, 966.5963033105509
2.249934434890747, 943.4900155927025
2.6118128299713135, 851.92513113319
2.975475311279297, 813.9034620169114
3.074430227279663, 776.6486893083929
4.202167510986328, 738.9722722976003
T20
1.9434430599212646, 723.6275190770684
2.1946988105773926, 682.2197181639785
5.263370513916016, 673.9984891605563
T21
2.103658676147461, 824.2168067955354
3.1780476570129395, 737.6738415522996
3.535670757293701, 728.6434563073126
3.945814609527588, 707.2271972021117
5.272085905075073, 652.5987490344705
T22
2.256490707397461, 1150.7543392700318
2.662633180618286, 987.9124101552443
3.065047264099121, 755.4759592335613
3.975602149963379, 704.8750565609807
4.6956400871276855, 694.678799286572
T23
0.9379558563232422, 808.1093356757192
1.1424939632415771, 805.7658171883522
3.792766809463501, 727.4881568100682
T24
1.6920340061187744, 852.6249914286018
2.2604446411132812, 809.1295734008017
2.719989538192749, 764.4540632168355
2.8235583305358887, 712.1904275237466
T25
1.8402326107025146, 939.0379716252501
1.99355149269104, 809.4822640616767
2.3484339714050293, 791.8071723182366
2.962094306945801, 700.2037610488333
3.217198371887207, 651.8330651966826
4.129854202270508, 622.2215872411616
T26
1.3397512435913086, 655.8476463747793
T27
1.986677885055542, 857.6683302790188
2.0872209072113037, 758.9202116329543
T28
1.5121886730194092, 790.9280510089884
1.920027494430542, 773.7159018024395
3.950859546661377, 738.080420483966
4.001808166503906, 655.1726047816192
T29
2.146146535873413, 1024.8662182989356
2.195687770843506, 813.740213614903
2.4015254974365234, 771.5853115358623
3.0182862281799316, 768.7604971804249
3.63144850730896, 688.2707173241361
7.302978038787842, 667.3771650603012
T30
1.2919769287109375, 689.2426287843118
3.5836527347564697, 643.9629871465295
T31
1.690309762954712, 1011.0686580491601
1.8397762775421143, 887.1615356028196
2.55537486076355, 823.088770827293
4.244695663452148, 808.1439258133178
4.393433094024658, 808.058540816899
4.792719602584839, 721.7133526421676
5.808788299560547, 707.2632556991011
6.916876554489136, 695.58916625868
T32
1.5437734127044678, 829.546137648169
1.7999370098114014, 820.6499047166726
2.5132768154144287, 773.2218668990245
3.024324417114258, 766.2895071892563
5.392408847808838, 730.4706158104382
6.346327304840088, 630.6809876744228
T33
1.7388999462127686, 796.9004846923199
3.067582368850708, 776.7511967577157
3.327342987060547, 738.6584021547314
4.624361038208008, 664.6551554923353
T34
1.647068977355957, 713.3925690824981
2.72058367729187, 698.0314382144134
T35
1.64060378074646, 831.1159452329448
1.889437198638916, 766.4554977548833
3.2481396198272705, 607.7060816977464
T36
1.946674108505249, 979.5927019960072
2.7533135414123535, 866.1722228375002
3.0577118396759033, 806.9497383751586
4.737483024597168, 681.7254667292582
T37
1.842348575592041, 866.9700835763215
2.19934344291687, 795.0097856802313
2.8174564838409424, 748.9619865899149
5.036678314208984, 719.3194910299644
T38
1.7950146198272705, 698.6150367192895
6.447216510772705, 645.6890207957331
T39
1.5371649265289307, 869.9130850819201
2.0388174057006836, 841.2563940866821
2.236546039581299, 764.6919301770977
2.650387763977051, 748.2748645005049
4.012761354446411, 675.3394847050076
T40
2.2995684146881104, 724.7209619343485
2.5982539653778076, 703.7764230253815
3.5234663486480713, 668.6846197991981
T41
2.0492725372314453, 858.0163283283619
2.3541390895843506, 776.1759407416394
3.5800280570983887, 769.6780374746158
3.8339109420776367, 692.0485575756611
T42
1.5998625755310059, 651.1399996120599
1.7970466613769531, 634.4124749840703
T43
1.0427014827728271, 858.30158396365
1.7463679313659668, 630.2787538143457
T44
1.6441612243652344, 1037.9480517135526
1.946122646331787, 839.7632621892553
2.965010404586792, 814.898882867652
3.8280627727508545, 700.165079043989
5.188440322875977, 682.6271785841091
T45
1.8840360641479492, 700.3222211963148
4.394342422485352, 700.0110160449403
5.5010271072387695, 691.1216037942067
9.665979385375977, 681.2894179319701
T46
1.7845799922943115, 892.6201409498753
2.2390921115875244, 713.8795652885165
3.589047908782959, 657.2985790860112
T47
1.7366142272949219, 948.4884549874405
1.9827136993408203, 852.5226066887408
2.135666608810425, 725.6210728172446
5.939938545227051, 672.2908697286912
T48
1.8054451942443848, 1166.3830949663243
2.258139133453369, 702.2733745333098
2.8721485137939453, 678.1488036147202
T49
2.532536506652832, 872.7972127302346
2.784977436065674, 820.6279129898612
3.0325374603271484, 723.0562804154761
T50
1.241929054260254, 886.2659584303619
2.102696180343628, 747.69847831878
2.3007090091705322, 717.7038793691318
2.4534711837768555, 651.2762535072106
T51
1.4996378421783447, 851.7707503667334
3.3742902278900146, 790.0169119518396
4.391449928283691, 718.1794229567313
8.037189483642578, 714.0111142933602
T52
1.9433655738830566, 1302.9104823606322
2.5466291904449463, 815.0032732850232
3.8818585872650146, 768.4425479469792
4.082528352737427, 766.6231878825347
6.307373285293579, 757.8479787774559
6.407902240753174, 750.9701146485168
T53
2.0424981117248535, 781.1701840735041
2.2422266006469727, 724.5206605461572
2.4907329082489014, 711.3913624223496
T54
1.8425090312957764, 1191.7521553687548
2.3065502643585205, 1106.398446684223
2.355844259262085, 826.0792365701491
4.252203464508057, 817.085885249835
4.404577255249023, 748.1764260348573
5.711101770401001, 744.2069828561071
6.158991098403931, 645.9838456556026
T55
1.6928083896636963, 846.0991876796179
1.943342685699463, 755.7293800546176
2.4026875495910645, 686.519185495592
T56
1.9478776454925537, 934.2496893226344
2.248619794845581, 785.5390381651378
2.4497532844543457, 718.476630363366
3.100752830505371, 716.1648064940091
3.80488657951355, 690.7647461542656
4.10374641418457, 650.1447871750133
T57
2.040062427520752, 965.5911319481238
2.141197443008423, 815.343119689278
2.851191282272339, 709.684624264366
8.009441375732422, 689.8000097909971
T58
2.060490369796753, 752.4610415970092
3.326685905456543, 738.2442587201949
5.390216827392578, 737.2771024491813
9.82932162284851, 729.4236275486473
T59
2.094223976135254, 862.4639027169324
2.403780460357666, 819.5211321723327
3.0130538940429688, 794.5111574975163
4.501405954360962, 687.873303516244