T0
0.7883951663970947, 96.22861296647466
2.8394582271575928, 78.76612800631668
21.29945969581604, 77.61530471144303
T1
0.7764782905578613, 81.52888972267826
29.492260694503784, 68.06832589228314
T2
2.2763426303863525, 135.58959252667486
8.429183721542358, 123.24187481024848
10.480134963989258, 115.79789944455482
20.735517263412476, 103.93232592662673
28.940173387527466, 94.37573868693525
T3
0.4844505786895752, 77.54690751017904
6.637664556503296, 71.49481120890371
T4
0.487260103225708, 69.33926497212067
T5
0.48502397537231445, 71.82512538408689
T6
0.1950995922088623, 86.40237074943143
8.399172067642212, 78.88070026343227
T7
0.19620275497436523, 92.94435774153293
8.400164127349854, 91.08619829563747
14.553443193435669, 85.53438271371465
T8
0.1952664852142334, 37.91467345088612
T9
0.19462990760803223, 68.82623934183675
4.296728134155273, 25.521804606076493
T10
0.19507551193237305, 54.52551059047216
T11
0.19497036933898926, 57.45165207748553
T12
0.19441604614257812, 101.08378755715461
8.398440837860107, 72.73986213263646
16.602486610412598, 63.02319555328857
T13
0.19574213027954102, 77.28479028641428
4.298187732696533, 68.65858707199997
20.708208799362183, 65.6662513358447
T14
0.1950852870941162, 72.90983058148885
14.553298473358154, 50.6773532496628
T15
0.19527578353881836, 68.78610384785193
14.553693056106567, 38.84529828017758
T16
6.0792319774627686, 114.63102920173766
10.181230306625366, 110.17869184069967
14.283307552337646, 65.86912326885383
T17
0.19539785385131836, 79.5536266248072
T18
0.19530653953552246, 70.5475328790888
6.348614931106567, 67.29022812516604
T19
0.19553399085998535, 82.07751940459052
12.50211501121521, 70.01557732705052
14.553259134292603, 45.47196508423342
T20
0.19494342803955078, 54.829455451338355
T21
0.19500732421875, 48.141283341435376
T22
0.19513249397277832, 76.21170715988663
2.2463009357452393, 42.46737664519288
T23
0.19523859024047852, 83.09946777353181
24.80961012840271, 74.56549150506521
T24
0.19517230987548828, 91.05011164254414
2.2462587356567383, 60.20527561880601
T25
0.19583654403686523, 78.78997712555604
6.348938703536987, 65.89956595919085
T26
0.19494056701660156, 151.0437450702096
4.296847105026245, 105.69050382609383
6.347977161407471, 86.38815998508316
18.653989553451538, 72.08936328102138
T27
0.19537591934204102, 88.57573670644263
2.246528148651123, 86.03072806792848
8.399930238723755, 58.61956091901108
T28
0.19473576545715332, 136.58357276570388
2.2457656860351562, 126.28771340357238
4.29689359664917, 95.2222925493663
6.3479344844818115, 68.22988247135453
12.501283168792725, 46.71359390333069
14.552440881729126, 40.38543635586704
T29
0.1949002742767334, 96.23503386389858
2.2460567951202393, 73.83644168574718
28.9117693901062, 66.81631474977638
T30
0.19526219367980957, 58.77086966657683
T31
0.19511771202087402, 69.97997506143022
T32
0.195296049118042, 69.99996870512197
18.65839910507202, 63.635172839730885
20.70957612991333, 56.15746795924793
T33
0.1947193145751953, 68.00058305607885
2.245833158493042, 63.120913455205894
T34
0.19507431983947754, 75.27718688769755
2.2463760375976562, 61.209270012568986
T35
0.1952674388885498, 33.16199889987298
T36
0.19723033905029297, 57.41518250805426
T37
0.1952037811279297, 69.58956089871681
T38
0.19555234909057617, 77.10011308846312
T39
0.19542670249938965, 60.412497255521565
T40
0.19547152519226074, 33.29218967178643
T41
0.1952803134918213, 74.29658660901737
T42
0.19542288780212402, 117.79316618072623
4.297570466995239, 111.70579455055278
6.348689794540405, 111.47990992079767
10.450873374938965, 72.63249788836467
12.502086639404297, 50.75287910637936
T43
0.1947622299194336, 77.01578093104769
10.450204372406006, 68.84678276044839