T0
0.5009489059448242, 70.20452309339885
2.552312135696411, 57.666259727610765
10.757403135299683, 56.99391476729235
12.808719158172607, 56.291054701976044
14.859399557113647, 55.33782431742998
16.910614252090454, 53.67230354253586
21.01280975341797, 51.14961501887232
35.371342182159424, 49.69188469727456
T1
1.8684539794921875, 87.07819962225973
3.919712781906128, 62.44696361236103
5.970939636230469, 55.89309351035918
24.432297706604004, 48.692292431098906
59.30218505859375, 45.52165650661095
T2
2.8257710933685303, 80.8760098100159
4.876701831817627, 55.096353916851726
13.081098079681396, 52.26294847354562
15.132181167602539, 51.721786403664694
17.183165311813354, 33.668813981454555
21.285606145858765, 32.795101871280494
35.64438724517822, 22.446060277883966
T3
0.19607877731323242, 50.20451439321844
8.400663375854492, 43.055192114103384
28.911969900131226, 32.994441974470895
T4
3.826507806777954, 171.75087613691204
5.877415418624878, 86.64321827252095
9.979596853256226, 83.19805346989122
12.030880212783813, 68.36362158227857
22.287084817886353, 44.52577380984745
T5
11.426846265792847, 110.90383809826635
13.477833986282349, 110.0774512544557
15.528825521469116, 32.4469702869728
T6
0.34158992767333984, 72.73654366572133
2.3925907611846924, 58.2663824176933
6.4947428703308105, 53.16396453788934
8.546042203903198, 50.573142371753804
10.597302198410034, 42.44533094146452
20.8531551361084, 37.981392713370525
T7
2.18021559715271, 76.5162303603355
6.282283067703247, 61.996574144641194
18.59002184867859, 59.23837265848655
24.74420714378357, 54.93166533406712
49.35961294174194, 53.81324697496305
T8
0.19410228729248047, 33.6194278792375
28.906238317489624, 27.91588470455939
T9
1.0157017707824707, 86.83084523399623
3.066786527633667, 77.69614781792113
5.11821436882019, 40.44426728766487
21.527122497558594, 34.99230840357664
T10
2.7538275718688965, 77.86488454893318
4.804853439331055, 59.569758050262955
10.958546876907349, 56.917535680391744
13.009883642196655, 48.82450405244994
19.16370701789856, 46.35293183653515
33.52205157279968, 44.078448711478444
T11
0.19484591484069824, 69.30111589302724
2.2459492683410645, 43.5661049527355
26.86059594154358, 41.03471794428697
T12
1.401021957397461, 109.5209692163915
3.452195644378662, 77.24858898546819
5.503472566604614, 39.81402220986179
T13
18.162462949752808, 111.51482826944985
20.21343684196472, 76.7242632833033
22.264374017715454, 57.33866993311474
40.7261962890625, 52.509411246579944
42.77730083465576, 51.90137491954302
T14
0.14552807807922363, 107.25481428067309
2.196532726287842, 48.96604567656594
T15
0.19415545463562012, 74.76640753203667
2.2453198432922363, 58.193083881948894
6.34776759147644, 48.61211882572755
10.45045018196106, 47.49973107394915
12.501730918884277, 34.19519299603476
53.526766777038574, 32.75836668684853
T16
0.19465136528015137, 91.36767950310595
2.2459661960601807, 59.76323235510334
4.29732346534729, 52.69336587058247
6.348401308059692, 48.28919259702292
10.450952291488647, 45.92684873914862
18.656308889389038, 33.027670130838025
T17
0.19558262825012207, 54.847312505282446
4.297854900360107, 53.13078926089328
16.604796171188354, 44.26324635823433
22.75838804244995, 42.760849254237236
28.912028789520264, 39.06866318451451
T18
0.19565677642822266, 68.51711744566688
2.24698805809021, 61.30875648511722
6.34953761100769, 44.09453763872503
8.400871753692627, 39.734987831822004
16.606427431106567, 37.818994802550634
20.70914101600647, 36.25870205922316
24.81275749206543, 34.15260325617628
30.96701979637146, 33.48941528354152
T19
0.19515275955200195, 26.982447045751176
2.2461085319519043, 22.7760230046815
4.297096252441406, 20.92108369668791
T20
0.19497418403625488, 21.089622657100612
T21
0.3148338794708252, 57.297077801753034
2.3658740520477295, 56.1126792685176
4.416990041732788, 49.567470208656715
14.672550439834595, 49.52111203761501
20.826111316680908, 48.584146377301394
24.92825198173523, 48.17458441994762
37.23510718345642, 47.471680455298404
T22
0.1946268081665039, 37.28685193268335
T23
0.19421863555908203, 67.89932661711092
2.245211362838745, 54.002952433817484
8.398644208908081, 52.981963093786575
12.500723600387573, 49.20658458035683
T24
0.19471287727355957, 14.635808972840406
T25
0.1952834129333496, 66.49397942112476
2.246305227279663, 60.54006810683728
4.297378063201904, 48.39566030824862
8.39957332611084, 44.451402880293145
20.70621371269226, 37.09631961002373
T26
0.19488072395324707, 127.3486100739644
2.246166467666626, 48.92024786564412
6.348591327667236, 42.3723369654587
16.60460352897644, 41.8899685880979
18.65573501586914, 36.304823576572176
43.269509077072144, 33.264658339341494
T27
0.19587135314941406, 91.96502974865014
2.2471814155578613, 83.21774615914283
6.3496925830841064, 80.73534277756548
12.503506898880005, 79.74367224780917
14.554769277572632, 75.9550725031661
26.862109422683716, 72.05671032749215
28.913479328155518, 66.12554957397568
33.016823291778564, 63.559379189006755
35.06820106506348, 62.43284000055009
37.11933946609497, 59.34246887509538
45.324646949768066, 54.76928366630826
T28
0.3398096561431885, 59.72942367658861
4.441539525985718, 57.85653922195348
6.49242091178894, 54.43339434702594
8.543586492538452, 50.68435119798167
10.595394372940063, 48.64242677068921
20.850666761398315, 47.21812947019198
T29
3.3817532062530518, 80.30475611357176
5.43264102935791, 79.11286037731455
7.483661413192749, 76.29271214688973
9.534820318222046, 48.847427110209246
19.790772199630737, 43.33343681437816
23.89320707321167, 38.53424209081689
25.944289922714233, 36.9037694582477
T30
0.19455790519714355, 71.06349933125682
2.245616912841797, 60.09735358577832
8.39933967590332, 41.24959660696541
14.55303168296814, 40.48965152227569
37.11613392829895, 37.31626490429422
T31
0.19418716430664062, 54.6852084724486
2.2451961040496826, 41.8323495263244
4.296370506286621, 41.169663214915325
16.602859258651733, 38.16118188939996
T32
0.19465279579162598, 40.44414555121557
12.501217603683472, 37.3981388722273
T33
4.453060150146484, 101.50110745272713
6.504164218902588, 60.86866230830347
8.55517578125, 41.74340556752907
T34
0.1948244571685791, 38.195782462499494
6.3479204177856445, 17.28372707111611
T35
2.7659146785736084, 75.6941954809053
6.867876291275024, 61.85237590850568
8.919010639190674, 45.83268453456894
41.73823523521423, 44.63184456662988
43.78960204124451, 43.22512123299329
47.892321825027466, 41.90072859323412
T36
0.19513893127441406, 32.41763734040249
T37
0.8247241973876953, 103.87485230357896
2.875826597213745, 34.745142827151454
15.1828932762146, 17.157491520079958
T38
0.19559574127197266, 58.96206524859201
2.2468578815460205, 52.695251986302495
10.451321601867676, 41.03363862719602
16.604721069335938, 39.93646266182727
18.65574884414673, 31.242013197973566
T39
0.1948719024658203, 32.90117157937207
2.245814561843872, 31.825632844732002
4.296755313873291, 22.259398315045402
28.90732216835022, 16.113875881431138
T40
0.1952037811279297, 19.30956354206448
10.449774980545044, 15.115829167301868
T41
3.3878884315490723, 75.31669932181678
5.438885450363159, 67.55177831007931
7.490079164505005, 28.97540424788228
T42
0.9665722846984863, 93.62924073941882
3.0176022052764893, 44.41480674841921
9.17151951789856, 43.68367180801208
13.273827075958252, 42.86186327374357
60.4504075050354, 41.0703010318138
T43
0.19472551345825195, 93.18683413642478
2.2459194660186768, 88.47981584343066
4.2971954345703125, 65.74228264187329
37.11695194244385, 59.48428272484788
47.37404227256775, 58.61931804042207
T44
0.19492340087890625, 24.904744177788704
T45
1.4496181011199951, 88.12142349682453
3.5008091926574707, 81.8088555340418
5.552062749862671, 66.062666610565
7.603420734405518, 55.25894177100304
32.230889320373535, 38.84094459500211
T46
0.1942741870880127, 62.70379970596777
2.24537992477417, 49.64109891427855
4.296562433242798, 44.31020015657005
6.347754716873169, 36.50019407103264
30.9609375, 33.30190588363887
33.01210427284241, 33.212691926377815
T47
0.19453763961791992, 56.66087110721624
2.245849370956421, 48.95192427292476
4.297230243682861, 47.39600527052964
6.348290681838989, 46.129843745112254
10.450421810150146, 43.1592603442333
T48
0.19574856758117676, 58.283497484428864
2.2469723224639893, 52.63736565512886
4.298441648483276, 51.763447079232606
12.503098249435425, 40.610283214137056
20.707727670669556, 39.878912372264786
T49
0.1953258514404297, 49.730047600917096
2.2464537620544434, 42.46229237611014
24.807608127593994, 41.22571644465711