T0
1.7580373287200928, 134.15020521141923
1.9522850513458252, 104.2820281433851
2.0980091094970703, 75.57686401606406
2.1950089931488037, 72.21932257619119
2.826883554458618, 67.62376749497344
3.458616018295288, 58.785390954100876
3.994222402572632, 51.153433135372325
10.063164234161377, 43.028065195740055
T1
9.474882125854492, 168.18737761774537
10.348674535751343, 107.93243368867843
10.397295475006104, 99.56084739493235
10.445997714996338, 87.37113035726361
12.732565641403198, 84.28647383222051
13.023933172225952, 39.29081858157224
13.31534481048584, 37.45345464739512
T2
5.325676202774048, 174.36785137951665
5.520468711853027, 123.10757192115125
5.715322256088257, 118.92314423770222
5.764002561569214, 73.36821496686025
7.853673219680786, 69.37337818419837
7.9507691860198975, 68.43259662381752
10.627434730529785, 14.6144589446194
T3
5.425478935241699, 75.12831895727504
5.71743631362915, 73.85795173572842
5.766252756118774, 63.818258535971836
5.960807800292969, 63.699262718029786
6.1549108028411865, 51.53126417444946
9.605304718017578, 39.941298151443334
10.432318210601807, 37.50294557734378
T4
1.5541315078735352, 74.26247605800381
1.749089002609253, 68.57571833067414
1.9927995204925537, 68.52349824992052
2.138995885848999, 68.21946758994454
2.4305543899536133, 66.61109623615994
3.7902276515960693, 53.39084377729523
4.568425178527832, 49.280938684856665
4.714154481887817, 47.372538325395
6.557440280914307, 47.09448233636067
8.160132646560669, 45.046079332987574
19.587247610092163, 44.73865993743311
T5
4.073280096054077, 73.00139835601658
4.558270215988159, 37.118206059425574
T6
1.8200883865356445, 84.68442590770428
2.062840223312378, 65.7608456073176
2.3542439937591553, 63.36285203290754
2.7925968170166016, 61.207319213724986
3.229994773864746, 60.19205710387905
4.4436914920806885, 59.657867017191165
5.900007724761963, 55.434382127441495
6.629545211791992, 52.657758425899374
7.114382743835449, 52.46398313852478
9.056184530258179, 46.04156268276711
17.097692012786865, 43.14772646817073
T7
1.7463738918304443, 50.23636691897991
1.8434035778045654, 41.74467583675141
T8
2.9564578533172607, 85.70097630993041
3.345257043838501, 77.74539995300074
3.7815511226654053, 70.87960732832653
4.4305408000946045, 69.62142106581814
T9
10.129152297973633, 127.26007163366012
10.711851119995117, 60.69331722770585
11.53770637512207, 52.28461104036978
11.73236608505249, 50.15412551265763
11.878353357315063, 40.27902223414276
13.674787998199463, 39.47661805483949
13.87117624282837, 35.73909925185944
15.522474527359009, 35.04867014421325
T10
3.103743076324463, 100.07464974142931
3.444037914276123, 50.816024589646986
3.83329176902771, 38.667815900938876
5.826390981674194, 30.36927114376158
T11
7.548800468444824, 170.2868176101947
7.937776803970337, 130.56686677310427
8.083427667617798, 118.88976043741786
8.131896257400513, 99.06672213100683
8.22889256477356, 70.54036057024132
9.877841234207153, 61.3397270336136
10.849304914474487, 60.62330776479939
10.898155927658081, 57.94049040874961
11.335051536560059, 50.908580978619284
16.556331157684326, 47.602997939669876
16.653364419937134, 31.284752325398586
T12
9.546052932739258, 82.22201489242798
9.996083974838257, 76.50551310094306
10.239398956298828, 70.42755847933222
11.01679539680481, 66.13548517267918
11.163132190704346, 60.55088708153198
11.989535093307495, 47.23122528919339
12.329261541366577, 38.94403940825214
T13
7.433715343475342, 127.9153975596746
7.773892879486084, 118.5293364693789
7.919552564620972, 115.61920196621577
8.162258386611938, 99.30980621344497
8.210962533950806, 83.3255686240118
9.232320785522461, 77.26094858523356
9.475343704223633, 71.42804417957086
11.562909126281738, 70.04161860111708
12.292466640472412, 63.48134965573263
12.777320384979248, 61.42427204814521
13.21422815322876, 57.564474520313524
14.087760210037231, 54.96859166300419
T14
18.031227827072144, 125.01141697689309
18.662545204162598, 86.22438419538594
19.05138325691223, 83.20122288154744
19.684313535690308, 74.92047004878259
19.73301601409912, 73.82712233155326
T15
1.7957007884979248, 84.9930529562007
1.990027904510498, 81.41929814713512
2.184539556503296, 67.62916552034949
6.312613010406494, 67.03119649090513
7.1579811573028564, 66.52281125215086
9.876309156417847, 66.13869404037541
11.041658401489258, 65.28707642532027
11.18716311454773, 57.91932467273
14.878390312194824, 46.4280929187189
15.120969772338867, 43.436190252432425
15.218451023101807, 36.20804990415127
T16
4.192931175231934, 147.2910356720422
4.241554260253906, 135.58341536380613
4.679165363311768, 125.65352361969417
4.727729082107544, 121.20679874646157
4.873550176620483, 118.03245068870456
4.9708380699157715, 112.9032434546898
5.068209648132324, 108.2806596595583
5.456394195556641, 92.14220647991169
5.601986408233643, 66.38302399098029
6.087676763534546, 63.19089690622059
6.330672979354858, 58.07205966552647
6.379262447357178, 39.336165087017434
18.72270917892456, 36.0291957738591
19.256980419158936, 30.531781506400876
T17
2.3293192386627197, 85.25158223387189
2.3779826164245605, 60.70984735541788
2.7175402641296387, 58.382009966895566
2.8147988319396973, 44.486358342099265
3.251397132873535, 35.39443943954029
T18
3.2463912963867188, 118.715847342286
3.4412076473236084, 79.61421969642106
3.9270782470703125, 70.50603162698098
4.606932878494263, 64.30189665177386
4.801320552825928, 57.289614943591005
5.0328168869018555, 52.73280609472204
5.275635719299316, 49.58827454881248
6.637444019317627, 47.479734075954184
7.268746376037598, 42.19452939854091
12.950319766998291, 39.61158485701162
T19
2.9135689735412598, 110.17336364135917
2.962157726287842, 94.10672324014013
3.30336856842041, 78.75666742170506
3.740518093109131, 59.77137282428157
3.9835681915283203, 51.36859473016011
4.129300594329834, 48.294882135836815
4.3717429637908936, 45.6349650086413
4.517244338989258, 33.742801069478446
T20
3.4923596382141113, 153.1344231750445
3.6380786895751953, 141.9651740049485
3.783700942993164, 73.01556266684929
3.8808095455169678, 44.85759536753176
5.046224355697632, 39.82253461781511
6.114429235458374, 35.61102946671235
14.141406774520874, 16.138567586760473
T21
8.631736278533936, 134.57965212465933
9.117830276489258, 97.55017106882224
9.166319370269775, 76.28743078735715
9.21486496925354, 72.8197071310824
10.040408372879028, 68.80800474396165
11.596790313720703, 66.95667026838419
12.228499174118042, 63.19159236287669
12.520554542541504, 61.27264721726897
13.007306098937988, 60.34058615897084
13.298863410949707, 57.908971685090364
13.688844442367554, 56.84728743133019
14.176273107528687, 49.40756770239386
14.857316255569458, 46.80042635105201
T22
1.9478082656860352, 106.98136469547535
1.9965028762817383, 85.25408876818983
2.142807960510254, 81.74808476722683
2.7769038677215576, 80.65142729900617
2.825700283050537, 76.9774597416108
2.972102403640747, 72.98984374780775
3.8500161170959473, 68.90637165202133
4.6323771476745605, 58.83627886099566
8.24016547203064, 57.28229746576835
14.548640012741089, 53.71598824310422
14.646270751953125, 49.72309470987602
14.74346113204956, 47.55345923074128
15.28073787689209, 44.24972012182843
15.427335500717163, 43.907003338987124
16.354612588882446, 41.96248387086234
16.89147710800171, 39.85712892354786
18.745702266693115, 38.746570811999845
T23
8.06923508644104, 128.20075002689555
8.703776597976685, 117.09552651057311
9.045608520507812, 112.19881921492924
9.14329218864441, 108.66333018058504
9.436391830444336, 106.27776468688899
9.485337734222412, 86.3861939850758
9.681208372116089, 75.77570626881425
9.974267721176147, 60.43621746463759
10.363995790481567, 47.91404451318158
11.729567527770996, 47.721851900852926
19.704688787460327, 24.229553441098687
T24
5.00565242767334, 100.99153481159374
5.152361154556274, 71.52123037850106
5.591555595397949, 57.77392315067482
6.128223180770874, 56.81015946819389
6.567318677902222, 43.93945371191512
6.762418270111084, 41.067192891387094
T25
5.250065326690674, 156.82164697476037
5.2989866733551025, 140.6504675607539
5.689465522766113, 78.01979738377122
5.981900215148926, 48.67477690439409
11.849025964736938, 40.36761179963287
T26
5.414303779602051, 116.55476587174053
5.609506845474243, 106.2957680411273
5.804317474365234, 85.80627928653848
6.048074722290039, 70.06467336724018
6.8286051750183105, 63.06809786556187
7.023758172988892, 54.88804656191496
7.706166744232178, 50.09468589492826
8.339991569519043, 45.776779299776535
12.434226989746094, 21.244695772158593
T27
6.066454172134399, 181.63440818186064
6.407176971435547, 158.75927354600208
6.455759286880493, 110.27860140189296
6.892863035202026, 105.81551312907686
6.941384315490723, 85.33538274206148
7.571750640869141, 78.35842289732682
7.8626708984375, 73.12990344089121
8.444792747497559, 71.4488359167226
8.638912439346313, 66.40995581620882
9.12427282333374, 62.78615366319718
9.513141632080078, 61.93966419942444
9.901179313659668, 61.85522028869673
10.775468111038208, 61.72799139793278
12.57332158088684, 61.49191718518705
12.913108110427856, 60.9228199638128
14.175841569900513, 56.8715955894113
16.55509328842163, 43.140082464498846
16.70070791244507, 42.465135893329716
16.943225860595703, 31.98976920764835
17.137152433395386, 28.8340456258411
T28
1.8927812576293945, 80.25541787079055
2.184314250946045, 49.115911362943734
T29
2.230747938156128, 41.332091340678744
2.473299503326416, 38.3091860743225
2.5703744888305664, 30.25365527068425
2.7652289867401123, 26.701978916084045
3.202812910079956, 19.945897805282584
10.145033121109009, 17.6182356881327
T30
4.266238212585449, 150.6052544938575
4.46040153503418, 130.515330954604
4.557896137237549, 127.15224829454382
4.606492280960083, 87.94508139751633
4.703620672225952, 84.41250689302251
4.849333763122559, 68.9351812545101
5.77250075340271, 62.73142698479205
5.918965578079224, 45.92116608799188
16.343132972717285, 45.593475892012066
16.831745386123657, 44.31275891178666
T31
3.005833387374878, 76.69691196445274
3.151688575744629, 51.783352258255036
7.558326005935669, 50.99643613297667
14.259943723678589, 50.82973945269259
T32
3.399152994155884, 117.2139103720474
3.690945863723755, 113.03751066716359
3.739879608154297, 88.70652083585082
3.934849500656128, 66.00243002194111
4.907122850418091, 57.95318542325913
7.821275234222412, 57.17224656152757
15.596722602844238, 56.79845907571507
T33
5.941521167755127, 147.75170379037445
6.135954856872559, 144.298842928667
6.233344793319702, 131.1561872894199
6.379335165023804, 112.91501703735776
7.060673952102661, 94.58658528693195
7.401721000671387, 91.84646367832829
7.499313831329346, 87.1853720827421
7.8405444622039795, 78.91923952494835
7.986536979675293, 78.30940968328287
8.083847284317017, 64.69832643570408
8.764701128005981, 62.82796143846281
9.154452323913574, 55.626362772196444
9.398330211639404, 52.67575541942642
13.25208568572998, 46.18129259217312
T34
2.863288402557373, 147.81542812922635
2.960782766342163, 116.96770065679084
3.05796217918396, 106.43333878096746
3.155055284500122, 104.82668962965545
3.2036125659942627, 104.7800609912847
3.3009438514709473, 97.45987864616109
3.349658250808716, 94.25685435314881
3.544097900390625, 87.00522357139198
3.6412580013275146, 77.14654819752832
4.03041934967041, 61.69411711889188
4.904352903366089, 56.88890864370478
5.6338770389556885, 55.46673586510224
8.11276388168335, 49.63312311655318
15.139968872070312, 49.451234932694206
16.255993604660034, 43.501329091413936
17.2759850025177, 43.00094805397748
T35
1.023148536682129, 84.13143870840577
1.0719590187072754, 82.40126596775735
1.169346809387207, 77.50029617865948
1.3148577213287354, 76.92613380638795
2.9678282737731934, 67.62769997167197
T36
12.772986650466919, 101.44150664686094
13.161274909973145, 101.00958270766569
13.403708934783936, 50.480987165716215
16.3452045917511, 46.59808649634215
T37
3.6360409259796143, 108.86344057923634
3.7332632541656494, 102.85550318472815
3.781867265701294, 93.40773499643547
3.879361867904663, 84.929428335603
3.9279112815856934, 78.93052069411715
4.122880935668945, 75.98858775982808
4.707404136657715, 75.69202881112506
4.998950481414795, 75.20726916768399
5.435127258300781, 74.96457113193537
6.211196660995483, 73.31254042134242
6.647698402404785, 71.70427464107706
6.89001727104187, 71.2836711069067
7.617335796356201, 64.60766455647536
11.501333713531494, 53.164279610260564
11.64681887626648, 39.40365416945133
14.1434805393219, 35.38674169537262
T38
4.31230092048645, 79.8503037929222
4.805897951126099, 76.88473456789507
5.0003485679626465, 66.82957200560122
5.048877716064453, 53.132587613399664
6.06932258605957, 46.780698941842275
12.628192663192749, 45.875688587486366
12.871026277542114, 44.567390698772215
T39
5.623624086380005, 126.99583010778588
5.9150710105896, 112.20407635440642
6.061298847198486, 104.08606933026385
6.402081251144409, 97.98364312179183
6.547863960266113, 83.4166123163086
7.327019929885864, 74.57570645900705
7.570343971252441, 70.3370203367449
8.007568359375, 67.20949165517595
9.706838607788086, 60.82228474559088
11.604140758514404, 56.18189792866906
12.285236835479736, 55.28289613586094
12.869057178497314, 54.05970368712951