T0
1.2520637512207031, 794.5775449475077
2.157391309738159, 725.4109782302512
5.055787086486816, 626.3454508923951
T1
1.4167892932891846, 803.1768875106281
2.024754524230957, 802.8000217125445
2.1257450580596924, 743.1932920718718
5.220006227493286, 704.1288403168364
T2
1.390160083770752, 876.1774228740669
2.0822465419769287, 636.0633467652879
T3
2.077014684677124, 795.8171000594939
2.534463405609131, 764.4458385491762
2.9332759380340576, 729.484600385178
3.635883331298828, 707.9012606904653
T4
2.120100259780884, 813.1946576702176
2.2222816944122314, 738.6725941804743
3.2286810874938965, 645.0626545356463
T5
1.5746443271636963, 768.0813345139959
5.112502098083496, 764.8879310225911
5.458628177642822, 700.241060584478
7.2764060497283936, 696.480130379201
11.344300270080566, 598.1961748872163
T6
1.4931676387786865, 743.3496539838306
1.6422054767608643, 730.6482505805034
4.755806922912598, 696.654766809299
7.731683254241943, 675.37239491933
T7
1.8901276588439941, 800.0135598815086
3.2609622478485107, 759.2476378237607
4.867559194564819, 731.620126994334
5.316548585891724, 659.1319280646494
T8
1.333862066268921, 765.9309422510596
1.5940988063812256, 699.7361625846843
T9
2.3259427547454834, 812.9828258587695
2.5746164321899414, 792.2341273157526
3.1759164333343506, 643.2460934735591
T10
1.8921668529510498, 693.7218387111643
3.8082311153411865, 680.4669940997901
T11
1.7338387966156006, 796.0463426303231
1.9852025508880615, 743.4762903429146
3.402433395385742, 643.3774007066204
T12
2.1940290927886963, 848.2125291329539
2.6461331844329834, 808.8846898132524
3.2402114868164062, 722.7408170515264
3.9797513484954834, 700.7741504597834
T13
1.2374475002288818, 700.9235534855834
T14
2.303917407989502, 1220.6025521639313
2.3538613319396973, 772.7796521710807
3.8124358654022217, 648.8170957908678
T15
1.6963787078857422, 825.5602406442667
2.606177568435669, 718.2093156183873
5.315363168716431, 707.6800601587111
6.0605268478393555, 634.9743611344857
T16
1.7451770305633545, 702.039268918983
2.2007367610931396, 652.4968526997745
2.5983855724334717, 641.5772517812111
T17
1.8366446495056152, 736.8003572591224
2.839547634124756, 724.498820814897
T18
1.378516435623169, 894.5958001971267
1.5774486064910889, 816.3921317210206
3.1871471405029297, 789.6830807451424
3.236485719680786, 785.7952537405108
4.142396926879883, 780.2381154571449
4.9871275424957275, 696.2892333721902
T19
1.893768072128296, 819.3829601179987
2.0028886795043945, 728.3904822516397
5.81929612159729, 658.2201287366952
T20
1.1460685729980469, 797.3664002658625
2.553459405899048, 759.2167449747467
5.160364866256714, 612.6088919850936
T21
1.3793706893920898, 698.7937291503931
2.1854217052459717, 623.7566907714663
T22
2.090125799179077, 776.296634158527
2.94909930229187, 635.0657360496862
T23
1.9989838600158691, 992.197676497577
2.603090763092041, 805.9248387615517
2.9039695262908936, 730.8523059899544
6.745645523071289, 707.6347457633765
T24
1.594179630279541, 680.7057028050676
T25
1.4895329475402832, 838.1988727308853
2.1031954288482666, 678.7550952609181
T26
1.8918232917785645, 818.9899865301686
2.441589593887329, 759.7488366621055
2.984384775161743, 750.9154428022175
3.2819390296936035, 721.5638173841435
7.015582323074341, 706.4392454406552
8.05251693725586, 624.5459641672423
T27
1.539419412612915, 757.5952075318128
3.951524257659912, 716.6533347848035
8.200894117355347, 679.7769585839378
T28
1.5286085605621338, 794.3736927869704
1.7806365489959717, 726.9964425499547
5.133531093597412, 624.8202621491691
T29
1.9826748371124268, 904.0039550945985
2.1790647506713867, 740.7533832902718
3.176377058029175, 733.4841107362572
T30
1.436089277267456, 700.1582014480919
3.878887414932251, 675.5993438102341
T31
1.4928035736083984, 722.2610821167018
4.697892189025879, 702.257754983726
T32
1.8322954177856445, 847.4763388154133
2.187417984008789, 802.3794411482304
3.353424072265625, 739.6510188213142
5.653019428253174, 727.1041516479327
T33
1.4882314205169678, 955.1315377025749
1.9456393718719482, 752.1015168011218
2.30088472366333, 737.8584009139504
2.6017651557922363, 721.5726061058267
3.4520342350006104, 706.7487119331818
T34
1.9362268447875977, 732.7797638889715
5.241383075714111, 628.0902067124953
T35
2.084674596786499, 1023.1542426830802
2.2852659225463867, 697.0292477189614
9.011985540390015, 696.9331113453027
T36
1.332885503768921, 838.9858404591196
1.8806567192077637, 775.3397932720363
2.3842508792877197, 762.1758373052744
3.8279688358306885, 690.5935773944038
T37
1.4791176319122314, 806.4049074099639
3.0933048725128174, 802.9531289724855
3.5943729877471924, 798.9162021457178
4.446169376373291, 750.6482594733061
5.1474995613098145, 612.2714372673872
T38
1.9832828044891357, 904.67409562586
3.241157054901123, 630.8845186744093
T39
2.2421255111694336, 717.0335937821746
3.5028462409973145, 641.813370726617
T40
1.9266700744628906, 1122.401485148248
2.133122205734253, 935.4545525773683
2.184372663497925, 919.571594271798
2.233814001083374, 804.3632112518062
2.5364890098571777, 758.0990309177832
2.838209867477417, 666.8368138936785
T41
1.93314528465271, 735.0953366698013
5.237975597381592, 664.1396275050847
T42
1.5933444499969482, 1131.5914691892503
2.301220178604126, 991.5655149159447
2.5554628372192383, 808.0953447775319
2.909541130065918, 776.7394509161477
3.0102975368499756, 728.3789924452303
3.159179925918579, 727.5001476209491
5.450363636016846, 692.2346301169146
T43
1.988206386566162, 1054.7906900918788
2.0397534370422363, 812.8206954074594
2.887672185897827, 664.3584766172808
3.1860404014587402, 633.0207474065155
T44
1.984543800354004, 860.6668840630373
2.3891234397888184, 856.5602369494864
2.8866827487945557, 744.2367623512964
3.440457582473755, 641.022132722941
T45
1.4302449226379395, 1114.400991402108
1.681450366973877, 812.0093654345201
2.3313543796539307, 735.8742745354557
3.881304979324341, 732.0273772370383
6.664152145385742, 579.7655112755965
T46
1.9966785907745361, 849.831199999102
2.296440362930298, 711.2804162207249
9.28421950340271, 686.2702463305759
T47
2.042865037918091, 920.9564926562143
2.194733142852783, 794.4330898644712
2.8586912155151367, 744.111131255504
3.007789134979248, 739.7054826288859
T48
1.50394868850708, 822.4867060807137
3.563727855682373, 786.3995850403026
5.456798076629639, 766.1617796380542
T49
1.7465777397155762, 757.8322090546371
6.090743780136108, 697.5884664531459
T50
2.2354578971862793, 930.1467450760065
2.5919768810272217, 759.3696608811533
4.581379175186157, 669.448453726216
4.782594680786133, 641.7443935552128
T51
1.840961217880249, 749.6366292438579
3.489272117614746, 741.8275578959692
5.025011777877808, 715.9388321886654
T52
1.441152811050415, 1075.2413162208686
2.0994389057159424, 990.9383007630095
2.2050869464874268, 917.9450440406599
2.2550625801086426, 880.2847528988132
2.560241222381592, 849.2894971220485
3.217327356338501, 759.4637416246296
5.125188827514648, 734.5463740889136
T53
1.7448463439941406, 843.0566855705038
2.1987698078155518, 799.2789755052363
3.7427549362182617, 764.9994593653664
5.6469409465789795, 762.4795021335121
5.9442760944366455, 735.9809393606229
8.311344861984253, 731.5186182101497
T54
2.185692548751831, 731.130688495612
4.073206424713135, 706.8391460431685
T55
1.916008472442627, 1009.2763099255862
2.264559030532837, 820.4821202659623
2.4133501052856445, 600.0927995951806
T56
1.4832584857940674, 924.1422892274131
2.185680627822876, 766.8476753504128
2.2869434356689453, 746.363390967992
4.774209260940552, 732.6721335278235
T57
2.133469581604004, 959.6808860939782
2.1836602687835693, 793.1038369185862
2.3859682083129883, 768.5621004989716
2.5350582599639893, 710.8353979971362
3.0346641540527344, 672.0336909710331
T58
2.1374969482421875, 851.7073270847086
2.7514445781707764, 786.9193952893238
2.906754732131958, 765.7560126510652
3.5514965057373047, 717.9710817441501
3.7545864582061768, 698.8189505158243
4.402219772338867, 673.7590844166771
4.748526573181152, 614.0558139817585
T59
2.060783863067627, 911.0421298909368
2.2138078212738037, 701.8539949527367