T0
2.9682233333587646, 3928.282514122726
3.307681083679199, 3809.3542438266813
3.356241226196289, 3510.8045102298784
3.4047796726226807, 3503.7402798228177
3.550450325012207, 3388.54736371756
3.890193223953247, 3383.151119763028
3.9387362003326416, 3362.24011219107
4.035784721374512, 3330.5757116629647
4.084388494491577, 3297.7257660366377
4.132940292358398, 3229.45108093242
4.181504487991333, 3189.9215729301795
4.2299816608428955, 3173.1947031607815
4.326955556869507, 3101.7673919076587
4.375552654266357, 3077.4992949450243
4.472687482833862, 3042.254839667654
4.521323919296265, 3016.986005640403
4.569827079772949, 3003.9911611163807
4.715348958969116, 2973.819541761077
4.763894319534302, 2968.2223150189093
4.812436580657959, 2874.639444079534
4.860947608947754, 2796.670594864954
5.540651082992554, 2782.1123938662495
5.686292886734009, 2759.625612024942
13.744906187057495, 2757.171719284841
13.890198469161987, 2754.0770627650054
T1
2.1829514503479004, 3849.1840513034695
2.2315452098846436, 3790.8582983380365
2.474398612976074, 3626.2255548264475
2.5714690685272217, 3615.0012637651816
2.620006561279297, 3588.790149302302
2.668588161468506, 3525.260326108906
2.8142056465148926, 3502.0992584320084
2.8627333641052246, 3354.4374395037958
2.959839105606079, 3288.138956739662
3.008397340774536, 3238.0762868070415
3.1054539680480957, 3236.552533091937
3.1539838314056396, 3203.742091607801
3.202497959136963, 3126.415693605577
3.445110559463501, 3074.7833444659664
3.4936141967773438, 3066.6727505591734
3.542353868484497, 3064.341913266442
3.5911715030670166, 3024.471424999185
3.6399641036987305, 3022.1405877064535
3.737424850463867, 3017.2121656473064
3.7861714363098145, 2974.6787954915017
3.8349883556365967, 2960.529635188592
3.932465076446533, 2954.8728384295464
3.9812088012695312, 2895.577798102513
4.029954433441162, 2889.9210013434677
4.07869291305542, 2854.8521120934056
4.224896192550659, 2849.2744077841962
4.273643732070923, 2802.8855266248793
4.419826984405518, 2775.78516450799
4.956360816955566, 2772.593560780515
5.151285409927368, 2739.065969406729
5.2000555992126465, 2735.8743656792503
6.41831636428833, 2733.118010047052
6.515751123428345, 2728.7301657554854
8.123655080795288, 2717.8845103459316
T2
2.2388200759887695, 3859.553962780079
2.3358514308929443, 3704.6824111491514
2.3842756748199463, 3673.495833611756
2.432795524597168, 3618.643834034672
2.481266498565674, 3587.5798262156495
2.529799222946167, 3526.041072119191
2.6267478466033936, 3403.6296065905044
2.7723209857940674, 3390.753045142883
2.9177701473236084, 3289.9543674080487
3.0148024559020996, 3224.338718150728
3.160268545150757, 3194.949761559059
3.257253646850586, 3174.1955322057765
3.3057870864868164, 3159.863229658011
3.431309223175049, 3124.418644760317
3.479893922805786, 3111.406494254774
3.5284509658813477, 3046.36510495692
3.625465154647827, 3039.18786571885
3.6740822792053223, 2982.1327262916384
3.7225871086120605, 2914.8593617996885
3.8681013584136963, 2909.1229616266537
3.916762351989746, 2899.195528700595
4.014037132263184, 2860.2045870202055
4.401925325393677, 2836.0920891345413
4.498849868774414, 2816.3433035403577
4.547497510910034, 2808.1684217727525
4.644469976425171, 2799.1884477052554
4.692936897277832, 2750.642271529745
4.741430997848511, 2725.712553677862
4.83836817741394, 2682.166443258531
5.5173375606536865, 2659.2693908887995
10.423678398132324, 2641.5387633320242
11.73422122001648, 2635.947940837985
11.879762649536133, 2630.942036928598
T3
1.6961798667907715, 3879.1845896394298
1.7933292388916016, 3745.2841231578022
1.8418419361114502, 3599.406439448241
1.938871145248413, 3511.0532543049812
1.9875743389129639, 3488.4411365633714
2.0360777378082275, 3396.141588028353
2.084608793258667, 3332.6660308930186
2.133105516433716, 3312.9013923312414
2.230107545852661, 3245.4794718041485
2.4001972675323486, 3241.388119681971
2.448695421218872, 3237.8265586208945
2.497272253036499, 3178.9434421797596
2.5458059310913086, 3119.2346934517846
2.642807722091675, 3085.034459925344
2.6913554668426514, 3045.7354213040016
2.7399020195007324, 2999.7046323621253
2.8369452953338623, 2966.445714905989
2.8855669498443604, 2964.73631379407
2.982994556427002, 2895.6901490382734
3.1285297870635986, 2878.4600642539554
3.3709428310394287, 2855.228249587759
3.4194769859313965, 2847.3572529053854
3.516425609588623, 2824.1384844450295
3.5649783611297607, 2800.906669778833
3.6135385036468506, 2778.884302182785
3.90466570854187, 2758.4479355324183
4.832738161087036, 2733.1569120971326
6.436293125152588, 2724.3737436676784
9.058525800704956, 2721.361909130148
9.15555191040039, 2689.2147395475004
T4
2.6283175945281982, 3679.501638874077
2.8224501609802246, 3671.428506323271
2.870967149734497, 3425.760949726344
3.1138577461242676, 3354.609344213819
3.3564400672912598, 3334.875854807975
3.4535317420959473, 3286.1825781829502
3.5991432666778564, 3234.7717353325097
3.647799253463745, 3182.5268628356826
3.6965456008911133, 3133.673679015843
3.745260238647461, 3091.2721256233017
3.9398207664489746, 3072.7724547348334
3.9883697032928467, 3057.0588406864226
4.085461616516113, 3010.28525762328
4.134103298187256, 2952.018894217781
4.182698488235474, 2917.5139381166846
4.328233480453491, 2875.071642421495
4.376787185668945, 2839.9855758157755
4.47406268119812, 2816.512548450224
5.202627182006836, 2815.9716776539535
5.397082567214966, 2800.9372080963585
5.4456610679626465, 2772.277181037858
9.045823335647583, 2762.562447830398
9.142900228500366, 2751.0854436213413
T5
2.4409990310668945, 3545.317881969342
2.6833579540252686, 3415.835227963449
2.7320985794067383, 3393.946660103029
2.8293588161468506, 3326.476837834969
2.877889633178711, 3183.9023292677884
3.1687045097351074, 3116.271969572892
3.2172603607177734, 3077.8988463231617
3.2657437324523926, 3039.486989803332
3.3143160343170166, 2988.2617472838538
3.3628101348876953, 2983.2333804469454
3.459817886352539, 2943.4839362172643
3.508310079574585, 2924.7187612197667
3.605241060256958, 2883.477030172111
3.6537554264068604, 2855.0310606747153
3.8963515758514404, 2816.2830325407012
3.9935617446899414, 2785.970473302932
4.334254503250122, 2784.244651439556
4.431646108627319, 2784.0133019224813
4.480349063873291, 2782.2874800591053
4.772728681564331, 2781.318123950761
5.016360282897949, 2780.609238070818
5.990549325942993, 2779.0479791189246
6.087969541549683, 2768.887415278521
7.403247356414795, 2750.7049859292856
7.45192289352417, 2723.0257469298413
9.685675621032715, 2718.529346259351
9.734178304672241, 2704.3613296108488
9.782621622085571, 2697.0444589019244
9.831079244613647, 2694.2413301049382
T6
3.199038028717041, 3629.1713839792537
3.2478442192077637, 3622.4346075901813
3.345120906829834, 3618.986240252605
3.3937828540802, 3581.212618751877
3.4424545764923096, 3457.9473676091293
3.491137981414795, 3443.773226015517
3.539787769317627, 3377.2817023802236
3.6371796131134033, 3274.7768601487005
3.880244731903076, 3179.6793631276123
3.9774935245513916, 3147.9766021872347
4.268888235092163, 3076.6207133259086
4.366178274154663, 3071.643395076935
4.560380458831787, 3059.8855564179103
4.608990907669067, 3054.382644884834
4.65772271156311, 2997.8270898733863
4.706553220748901, 2942.4802135742248
4.804008722305298, 2910.204671153595
4.852838516235352, 2886.07800466958
4.901898622512817, 2853.802462248954
5.0483238697052, 2838.289277204516
5.194443941116333, 2795.971878038039
5.291891813278198, 2779.960632332881
5.340559482574463, 2766.886847226182
5.389305591583252, 2760.7728651373545
5.535400629043579, 2760.4544925172413
5.584039926528931, 2747.5613456226893
5.632716417312622, 2747.242973002576
5.730126619338989, 2668.6771858908323
5.925084590911865, 2654.3430208391765
5.974041938781738, 2634.079021267742
6.0226891040802, 2632.5870072639045
6.21741247177124, 2626.1925999032755
9.813975095748901, 2621.0692695408834
10.202751874923706, 2613.427089624445
10.251296758651733, 2611.3856522875067
13.019532918930054, 2595.21125833314
13.068137645721436, 2585.939863802567
T7
2.0439529418945312, 3790.6809830814273
2.092555522918701, 3721.4286577615167
2.141077756881714, 3439.7645007630636
2.2867772579193115, 3370.5121754431566
2.5294394493103027, 3242.237158694883
2.5780508518218994, 3237.76486523074
2.72355580329895, 3152.5479609069153
2.772101640701294, 3102.817431124462
2.8205878734588623, 3092.182662904983
2.8691086769104004, 3074.1608222370123
2.917677879333496, 3042.9742897392207
2.9661777019500732, 3032.4974405463654
3.014742851257324, 3022.7419102250387
3.1119303703308105, 3007.0129071326483
3.2575480937957764, 2983.783848457322
3.3060922622680664, 2974.093424089304
3.3546392917633057, 2946.443199484722
3.4031805992126465, 2923.2141408093958
3.5001325607299805, 2889.1676447737627
3.5971829891204834, 2850.772331573098
3.645716905593872, 2809.409468165144
3.9370524883270264, 2806.392405813247
3.985729217529297, 2763.456495382765
4.179945230484009, 2730.4193614635915
4.957010507583618, 2728.767649728674
T8
2.0818092823028564, 3475.802381841153
2.2760188579559326, 3369.4175066411844
2.3729991912841797, 3261.8042037864907
2.469952344894409, 3248.663839964098
2.615417003631592, 3150.4088038432055
2.663922071456909, 3124.8064780641143
2.7124078273773193, 3100.1118445984066
2.760906934738159, 2969.324407683089
2.8095285892486572, 2943.7220819039976
2.8582041263580322, 2938.4798953893624
2.9069340229034424, 2924.020748058334
2.9557557106018066, 2913.4251385257157
3.0043957233428955, 2861.1846592348084
3.0530292987823486, 2819.6072100597376
3.150097370147705, 2806.9354042867744
3.2474677562713623, 2784.813949623396
3.3929266929626465, 2777.2269875438506
3.4900574684143066, 2761.4952455358543
3.7324447631835938, 2699.9699801957686
4.169459104537964, 2698.9515028469614
4.411939859390259, 2696.708792202451
4.946070194244385, 2693.2237372515337
7.080794811248779, 2680.8737063119115
7.371716260910034, 2676.7378628947517
7.420239210128784, 2635.271656969926
12.943156242370605, 2635.0647618670628
13.040192365646362, 2622.995324240579
T9
2.0849151611328125, 3713.470165738494
2.181931734085083, 3632.994945645598
2.230447769165039, 3368.778060295528
2.3761608600616455, 3298.9500418048046
2.7643849849700928, 3151.0618741336875
2.9591078758239746, 3137.4809647995935
3.0076279640197754, 3066.362268084813
3.056596279144287, 3051.4812119204216
3.105137586593628, 3038.298733376265
3.1536967754364014, 2980.4964685857594
3.2022643089294434, 2924.5302495904543
3.4450252056121826, 2907.5520080279603
3.4935710430145264, 2878.930038340077
3.7367324829101562, 2876.1722217644456
3.7853071689605713, 2874.4090562992023
3.833904504776001, 2856.9587597359496
3.882439136505127, 2837.161276308034
4.076720952987671, 2828.3253349549486
4.125303268432617, 2794.5637756477263
4.173866271972656, 2768.0047973160436
4.270898342132568, 2766.69509841159
4.367841958999634, 2760.042106244491
6.609871864318848, 2736.1804834264585
6.902246713638306, 2722.9379068408307
7.146088361740112, 2712.5293589284593
9.822576999664307, 2683.1358942111874
12.650848150253296, 2673.428367790748
T10
2.32753849029541, 3660.2637195465286
2.4246537685394287, 3432.8056054250264
2.4732484817504883, 3317.637852758904
2.522015333175659, 3317.449250021775
2.6192657947540283, 3241.3060861392332
2.910980224609375, 3237.6143690963872
2.9596199989318848, 3188.061854070689
3.008150339126587, 3058.057996353782
3.056783437728882, 3055.0551812446647
3.1053457260131836, 3035.9209284791905
3.1539652347564697, 2965.6366650999116
3.251110315322876, 2946.9345736085597
3.3482093811035156, 2919.860746437407
3.3967232704162598, 2916.116923688951
3.4452590942382812, 2862.187852340372
3.5422520637512207, 2848.7082714503267
3.6392505168914795, 2800.2461079225614
3.6877944469451904, 2793.3061463794766
3.9303531646728516, 2750.529909262117
5.775303840637207, 2746.0754556602187
5.969880819320679, 2718.866605785446
6.066909551620483, 2688.2305985622042
T11
2.619257926940918, 3647.425233364913
2.7165958881378174, 3477.2878256988406
2.8136656284332275, 3331.6616657892846
2.9108221530914307, 3259.853727321497
3.1536030769348145, 3189.514589595954
3.2507526874542236, 3124.7804338066344
3.3477590084075928, 3120.6731334117576
3.4448132514953613, 3080.00144616951
3.541872978210449, 3058.568551769611
3.590407133102417, 2993.881773187448
3.687403440475464, 2986.720667623107
3.784414052963257, 2883.745345120973
3.832946300506592, 2836.1217846521868
3.93003511428833, 2824.21323397744
4.221150636672974, 2822.353002729571
4.269661903381348, 2805.4475714644577
4.512650728225708, 2771.4792262060255
4.755164623260498, 2769.013405891048
4.85231876373291, 2743.0297531115975
4.949650049209595, 2742.278633429665
4.998159646987915, 2711.6932015505554
5.095270395278931, 2686.0758015386964
5.1438562870025635, 2654.7392499776543
5.4351630210876465, 2641.870175964472
5.96928334236145, 2618.6109063740478
T12
2.3267245292663574, 3656.5130525861823
2.4731595516204834, 3624.2363913814224
2.5216896533966064, 3594.6403092041946
2.570181131362915, 3418.8856079268116
2.6188673973083496, 3374.5361075709297
2.7158737182617188, 3244.162405039511
2.812863349914551, 3182.674120302232
2.9097819328308105, 3159.1671134556673
2.9582624435424805, 3137.929203554151
3.0068070888519287, 3097.678828718388
3.0553059577941895, 3073.1951832158593
3.1038601398468018, 3052.9339119703036
3.1523826122283936, 3028.2824394938434
3.2495005130767822, 3021.661364946438
3.298029899597168, 3020.5926241370944
3.3467304706573486, 2990.943225168765
3.4438979625701904, 2983.253409812016
3.492454767227173, 2943.6566472396553
3.54093337059021, 2884.16308229242
3.6866254806518555, 2881.824988580218
3.7354495525360107, 2865.938110670304
3.8324527740478516, 2811.448170188458
4.075209856033325, 2796.7556037933537
4.415377855300903, 2763.179385420244
4.463956117630005, 2758.479601262956
4.609493732452393, 2745.7247482494604
T13
2.2279436588287354, 3895.427458841641
2.3734872341156006, 3654.2863544174834
2.422006845474243, 3473.0621506631614
2.616224527359009, 3450.2944184308144
2.664699077606201, 3438.917643008641
2.713217258453369, 3387.4418256003046
2.810337781906128, 3341.6314154441934
2.85919189453125, 3338.0234675769607
2.9079036712646484, 3216.5908172080344
2.956658124923706, 3097.317014008495
3.0052218437194824, 3034.574288917116
3.199429988861084, 3006.473360160264
3.296562910079956, 2944.9959795049217
3.3935511112213135, 2936.651962816857
3.442070960998535, 2892.6517090433335
3.4905781745910645, 2887.4946513199757
3.587635040283203, 2846.686178456046
3.8789443969726562, 2836.940980483996
3.9275808334350586, 2832.4812389005965
4.122263193130493, 2819.8831197369655
4.413939476013184, 2780.7564958091534
4.4626288414001465, 2770.4091532486564
4.803096532821655, 2762.783208697343
5.972509860992432, 2756.800339129113
7.0454182624816895, 2754.604171661169
8.91821002960205, 2742.7098256048484
14.941544771194458, 2738.135827429345
T14
2.565035581588745, 3646.3442559390387
2.8074960708618164, 3562.45401986095
2.856001615524292, 3425.1516550543674
2.952984571456909, 3389.6836697193066
3.001500368118286, 3380.9719839782992
3.1954050064086914, 3362.7912926390054
3.2438974380493164, 3172.5108791496423
3.3894264698028564, 3123.0819946912634
3.6318657398223877, 3023.389863950768
3.680521011352539, 3015.3672178769266
3.7779972553253174, 2981.118313751809
3.875030517578125, 2970.173320187245
3.9719865322113037, 2930.954092095868
4.0204572677612305, 2865.2164086935663
4.262953758239746, 2836.2918758533524
4.505272388458252, 2826.975373554138
4.602403402328491, 2817.7522034760514
4.699379920959473, 2814.1056560258403
4.845245838165283, 2736.1334468763744
5.525604248046875, 2714.0884099015893
5.767914295196533, 2709.415654851822
6.01069712638855, 2698.6580339743705
6.05918550491333, 2693.985278924607
7.7912092208862305, 2683.8820744649784
7.839817762374878, 2640.9161584328067
T15
2.764117479324341, 3696.512608775578
3.104654550552368, 3645.639510275636
3.1532251834869385, 3568.043282029088
3.2504522800445557, 3440.4668934295187
3.3475914001464844, 3294.6825122629452
3.396165609359741, 3239.8631370693547
3.5417819023132324, 3220.7593854293445
3.5903544425964355, 3077.8085725472156
3.687493324279785, 3062.2695971756802
3.8332409858703613, 2978.9767172320135
3.9306979179382324, 2934.3141827995023
4.076624870300293, 2911.259497199684
4.125335454940796, 2814.0398676950936
4.417015552520752, 2801.118815882932
4.465572357177734, 2791.813636605719
5.290493726730347, 2779.71092922338
8.540730237960815, 2777.145863364647
T16
2.373854160308838, 3644.0666071180276
2.6166605949401855, 3586.684994021154
2.6652333736419678, 3473.5738279332872
2.713862657546997, 3383.37421577414
2.7626006603240967, 3373.6051957853706
2.811445951461792, 3363.925182759045
2.8601107597351074, 3321.540614381658
2.9088807106018066, 3267.8875200755792
2.957522392272949, 3205.777917484207
3.0060768127441406, 3090.478314742417
3.0546140670776367, 3083.1435655014975
3.10321044921875, 2929.6271609966752
3.4920713901519775, 2900.00274880699
3.589324474334717, 2884.0985207009326
3.6378815174102783, 2848.210516922394
3.735062837600708, 2821.3460955856463
3.783644199371338, 2786.419625837152
3.880902051925659, 2779.198597748182
3.929429531097412, 2727.4245269621097
3.9781248569488525, 2701.583041504975
4.318168878555298, 2680.5102070125213
4.366679430007935, 2656.3951756963033
4.51218318939209, 2633.279497901487
4.609284162521362, 2594.366919266249
4.754977703094482, 2580.753375827746
4.803758859634399, 2569.0428917609024
T17
2.6165223121643066, 3884.3407363478836
2.7139265537261963, 3831.904593268413
2.8111350536346436, 3607.95801430523
2.859600067138672, 3504.5234121260255
2.9565532207489014, 3367.6493936497645
3.1020469665527344, 3268.314322234517
3.199028730392456, 3198.5593751047563
3.538583993911743, 3059.071862425546
3.5871288776397705, 3004.028269223425
3.6356801986694336, 2956.861853478018
3.68424129486084, 2951.7809505337173
3.781428098678589, 2921.092825545242
3.8786020278930664, 2868.882530132436
4.023953437805176, 2831.2668512548044
4.12105393409729, 2829.453989040707
4.169687747955322, 2823.650938917839
4.412305116653442, 2804.5301156137866
4.460863828659058, 2798.3745266373444
4.509342670440674, 2769.8018968943506
4.557979106903076, 2766.287843220598
4.606506586074829, 2759.8831104944366
4.654990911483765, 2732.2854476521825
5.043067693710327, 2724.219737188654
5.091786623001099, 2707.8769290627097
5.189250230789185, 2707.810470186436
5.237982511520386, 2693.733648500507
5.420950412750244, 2684.7492455929896
5.469674348831177, 2670.672423907061
5.518425464630127, 2654.589786361994
6.006110906600952, 2645.190501214991
6.152296304702759, 2631.324953134499
6.395735263824463, 2584.3626097230954
6.590490818023682, 2573.8389134734025
T18
1.9406304359436035, 3575.462925036325
1.9892346858978271, 3463.8858665665466
2.037806510925293, 3379.324892957233
2.086320400238037, 3276.966442805704
2.280635118484497, 3204.333681330045
2.3776814937591553, 3080.5159828151736
2.4747893810272217, 3034.344091231058
2.620361089706421, 2996.137040350688
2.668900966644287, 2976.889468172125
2.863431453704834, 2974.9349116839658
2.912076950073242, 2950.313927397914
2.960637331008911, 2947.6901749373756
3.445749044418335, 2930.7132997530643
3.54268217086792, 2885.145027835366
3.736882209777832, 2806.3521784365767
9.347291469573975, 2794.5210882501815
9.784714221954346, 2746.735688928271
10.027563095092773, 2738.520943208663
12.067362785339355, 2729.683483148001
12.893322467803955, 2721.499454902929
13.670218229293823, 2704.7139547224433
T19
2.373886823654175, 4009.595348441253
2.567887306213379, 3711.013221821173
2.6164510250091553, 3661.6168522529406
2.665010452270508, 3632.159053419273
2.713759660720825, 3614.2424562260385
2.762545108795166, 3478.6600246876005
3.005673408508301, 3374.844786550275
3.102790117263794, 3236.319208989258
3.1513426303863525, 3198.6911420567194
3.199857473373413, 3198.4703809427738
3.393897294998169, 3120.8030964620957
3.5683577060699463, 3054.687624603299
3.763227939605713, 3010.6180707018684
3.8118560314178467, 3005.4410740489693
3.8604776859283447, 2999.4489475530645
4.006133794784546, 2980.349291202241
4.103240489959717, 2808.5369334514544
4.491178035736084, 2801.623687385865
4.588324785232544, 2800.795111925203
4.685481548309326, 2786.850139653572
5.461783170700073, 2786.0517075907737
5.558864593505859, 2759.823131396526
14.347903966903687, 2742.159926207096
T20
2.511530637741089, 3722.5588581753764
2.6086809635162354, 3542.017218988127
2.6574835777282715, 3414.25763327405
2.803281545639038, 3282.7087742016593
2.8518874645233154, 3171.961289658153
2.94901180267334, 3159.849765461826
3.0945687294006348, 3100.960757667548
3.2889108657836914, 3052.5234128534976
3.337517738342285, 3032.7457101863038
3.4346065521240234, 3020.2509621664867
3.4831221103668213, 2975.709632479422
3.531665563583374, 2921.708835685731
3.6286723613739014, 2878.3055597921993
3.7741751670837402, 2828.2708231579963
3.8712120056152344, 2800.0484908202234
3.9682350158691406, 2740.950459064112
4.016794204711914, 2735.5210469320627
4.3563456535339355, 2687.220823083244
4.501846551895142, 2680.280902076487
13.681941509246826, 2670.9288259226196
13.827575445175171, 2640.273550631591
T21
2.2508678436279297, 3992.3184651826487
2.396357297897339, 3847.131728295666
2.5420444011688232, 3609.588159834504
2.5905609130859375, 3598.877864425598
2.639089822769165, 3577.083413538927
2.6875901222229004, 3471.104411121116
2.7845799922943115, 3368.1654796273833
2.8330655097961426, 3350.765560509928
2.8815760612487793, 3325.4992000467173
2.9300925731658936, 3319.490210725049
3.0270583629608154, 3314.974092462802
3.0755984783172607, 3145.38617778102
3.1726181507110596, 3086.2072218996254
3.2696292400360107, 3044.4753281278863
3.415158271789551, 3002.371147399128
3.6090965270996094, 2998.8095597561914
3.657623052597046, 2951.3938070094155
3.706120729446411, 2874.6134786312286
3.7545700073242188, 2862.933553626077
3.9485018253326416, 2811.0508708291527
4.4333717823028564, 2808.021491647207
4.481884717941284, 2782.1367604444495
4.5303874015808105, 2745.8395832220995
4.578860282897949, 2725.0831878973877
4.62739109992981, 2697.9771816729262
5.552020788192749, 2667.9264797994474
5.698393821716309, 2635.50573492908
T22
1.8843886852264404, 3799.3277929238175
2.0786242485046387, 3738.124015872312
2.1272494792938232, 3717.46091086006
2.1758480072021484, 3627.764841737524
2.224489212036133, 3601.2574985188767
2.2730283737182617, 3559.646528054822
2.32157564163208, 3424.323557368836
2.4672024250030518, 3349.213448870829
2.515751838684082, 3276.665260706006
2.6613214015960693, 3148.4538523943484
2.8070197105407715, 3122.0550038074944
2.904094934463501, 3087.2405519696913
2.952630043029785, 3082.0364106897287
3.001152515411377, 3071.1303980087832
3.0497734546661377, 3065.9262567288206
3.0983564853668213, 3058.118485541014
3.1469478607177734, 3042.0083315801094
3.195481300354004, 3022.4013329157133
3.244001865386963, 2998.483407767002
3.2925920486450195, 2988.0136957107316
3.3412985801696777, 2922.9708478570246
3.3899543285369873, 2921.3392680412944
3.535689353942871, 2899.7485004003756
3.584261417388916, 2898.9817079556196
3.6328518390655518, 2872.1487347130096
3.6813883781433105, 2831.5990619379554
3.73008394241333, 2803.285778613619
3.7789275646209717, 2798.016276845494
3.876222610473633, 2789.551423570265
3.924774408340454, 2784.735843860497
3.9733564853668213, 2762.689905530031
4.458668947219849, 2755.1751462996544
4.604268550872803, 2747.2006921195934
4.652924299240112, 2698.2910043088123
5.625221252441406, 2691.7358810822734
7.520695686340332, 2661.9663527547636
8.200698852539062, 2649.308491852011
8.2976975440979, 2605.704343702273
10.048043012619019, 2583.6913018863415
10.145236730575562, 2548.3174788439464
10.680529594421387, 2540.942263834764
14.61635422706604, 2538.7170389165913
T23
2.3077518939971924, 3938.309089320417
2.3563995361328125, 3866.1192682547444
2.4050955772399902, 3611.282966999206
2.453636407852173, 3571.358365139975
2.502267360687256, 3405.1035045169338
2.696410655975342, 3332.345642310036
2.940054416656494, 3317.217343714954
3.037111520767212, 3163.986887724772
3.0856330394744873, 3117.3312563533145
3.1341240406036377, 3085.865115084529
3.182626485824585, 3038.8093075522775
3.2798330783843994, 3033.5460854615194
3.328403949737549, 2985.007918360454
3.376892566680908, 2949.2612764379774
3.619929552078247, 2873.8857043285498
3.668450117111206, 2834.621838584342
3.7170052528381348, 2782.246181322942
3.8142893314361572, 2759.4820300631945
3.8628156185150146, 2749.6507931941414
3.9598388671875, 2741.4067196960605
4.008438587188721, 2734.234059505943
4.202715873718262, 2698.9320088059467
4.251333236694336, 2696.187960096282
4.299833297729492, 2692.6074928025337
4.348379850387573, 2682.0809089718787
4.494072437286377, 2672.055803239604
4.688858985900879, 2635.5099559536466
5.077480792999268, 2619.348750481953
6.874330997467041, 2589.3191057621625
8.721174001693726, 2580.3411467881233
T24
2.035984992980957, 3724.1885413797245
2.084550142288208, 3672.926497159511
2.1331493854522705, 3530.417207987135
2.181687355041504, 3396.7269781191535
2.278754234313965, 3347.68077833797
2.327317237854004, 3254.2176889467737
2.4730381965637207, 3225.102871672236
2.521559000015259, 3160.5424219781016
2.570105791091919, 3134.3138248526193
2.6187145709991455, 3046.736202388307
2.667304754257202, 3005.531066453699
2.7644786834716797, 2978.5305327525857
2.813101053237915, 2952.900166742631
2.861654758453369, 2918.5205880075846
2.9102747440338135, 2884.4310016300187
3.0074031352996826, 2811.3661232513405
3.0560121536254883, 2807.1911915779892
3.1045382022857666, 2794.9653108056445
3.396062135696411, 2794.8895445101953
3.4447669982910156, 2790.235466688926
3.5418334007263184, 2757.804192032374
3.639268636703491, 2728.2947830945304
3.736628532409668, 2726.558547801338
3.9308037757873535, 2719.3463962264796
4.076500177383423, 2714.2951215469584
4.270650148391724, 2707.7899102085175
4.367718458175659, 2647.5449130967863
4.805392742156982, 2639.331016178312
4.8540098667144775, 2636.9557131535257
5.048293590545654, 2635.653974379722
5.0968523025512695, 2597.4813824905686
5.193935871124268, 2576.6383038860404
T25
1.9870502948760986, 3746.933540037204
2.132631778717041, 3614.5225366207596
2.2783288955688477, 3400.526102469459
2.424077272415161, 3385.7919533978893
2.521228075027466, 3341.8031467924848
2.5699381828308105, 3247.213026792604
2.6187124252319336, 3197.20086378837
2.7158617973327637, 3133.758836781064
2.9098663330078125, 3089.0056963832103
2.958400011062622, 3055.0825770979245
3.10408878326416, 2918.471312718735
3.2011525630950928, 2909.8896462482808
3.2982680797576904, 2907.2603116625905
3.34696626663208, 2896.4740532145333
3.395559549331665, 2891.853414570538
3.4441449642181396, 2881.067156122481
3.4926769733428955, 2868.196089386387
3.5411722660064697, 2865.273890464905
3.589751720428467, 2854.2616424697408
3.638301134109497, 2781.0312393221866
3.6869959831237793, 2759.8336162840023
3.784386157989502, 2730.7150597843465
3.881476879119873, 2720.010853655498
3.9784934520721436, 2690.8922971558422
4.269745111465454, 2666.640931035523
4.318304061889648, 2665.8206394434965
4.366840362548828, 2652.6066610873604
4.415449857711792, 2647.6098564327585
4.560894250869751, 2608.399650636271
4.755236387252808, 2605.3640841943925
4.803849458694458, 2597.0627461042204
T26
1.8917791843414307, 3597.8470027754374
2.0372021198272705, 3476.6103644905816
2.1342575550079346, 3341.662752419852
2.4742798805236816, 3218.8760723613923
2.668565273284912, 3142.7049334885887
2.814126968383789, 3102.906357549731
2.9112441539764404, 2930.970536847046
3.105226516723633, 2879.353327411125
3.299237012863159, 2878.9245412372657
3.3477072715759277, 2875.8592729811753
3.73592209815979, 2868.305568253636
3.7845218181610107, 2864.8115138236863
3.8331077098846436, 2857.382535915229
7.132362127304077, 2846.500497678542
T27
2.7619831562042236, 3936.438157522338
2.9560165405273438, 3791.2674014178483
3.199106216430664, 3575.8819524928913
3.3449795246124268, 3488.4147150088975
3.3937456607818604, 3421.476661878729
3.587965965270996, 3413.7486568874156
3.7338671684265137, 3406.4495415270176
3.831256151199341, 3281.19108871384
3.8798186779022217, 3176.657255252627
4.025620222091675, 3086.1342620064643
4.122659921646118, 3007.103860320447
4.171203851699829, 2950.5489433735092
4.219717979431152, 2919.236674054766
4.268228054046631, 2901.259334542512
4.365666627883911, 2878.3288497250796
4.462913513183594, 2853.6424628627065
4.511590957641602, 2796.7921171396265
4.6088197231292725, 2727.6190331577745
5.191667556762695, 2726.3086125488517
5.3375866413116455, 2717.102925560448
5.38611364364624, 2710.864840602073
6.0176286697387695, 2688.9455133309893
T28
2.6155834197998047, 3475.1066533201083
2.664118528366089, 3441.3669194799586
2.7126405239105225, 3320.312976256766
2.9067742824554443, 3251.6053509866542
3.0523674488067627, 3137.178426987346
3.1493799686431885, 3044.109001898083
3.3922102451324463, 3042.6212230184065
3.4894144535064697, 3030.8996401126824
3.537987232208252, 3007.922303176474
3.586498260498047, 3002.2536915987657
3.6835289001464844, 2979.804099625064
3.732046365737915, 2927.6464540950183
3.8291494846343994, 2901.9249149795287
3.9747002124786377, 2851.1687262717933
4.120135068893433, 2812.406596375
4.265962839126587, 2794.3383271093116
4.5087597370147705, 2777.608341978066
4.557319164276123, 2768.3152948104653
4.6058409214019775, 2740.7274956986366
4.654350280761719, 2718.0460961178032
4.751457691192627, 2712.945436198388
10.041268825531006, 2657.9450515202843
10.235151052474976, 2637.8714273737605
T29
2.4241578578948975, 3835.1406144348075
2.5212831497192383, 3620.440658800624
2.5698511600494385, 3612.2514320885275
2.618478536605835, 3522.596415797794
2.6670327186584473, 3366.724511758297
3.0069262981414795, 3295.692904983207
3.0555129051208496, 3194.2398898342653
3.1040456295013428, 3082.022067615857
3.201296806335449, 3055.9323559035547
3.298717498779297, 3055.7136165773045
3.395789384841919, 3041.215047674148
3.444366693496704, 3033.8315661071756
3.4929449558258057, 2998.42931948325
3.590022325515747, 2881.525779985848
3.784127950668335, 2816.9329419148016
4.026970386505127, 2758.1380990489197
4.075459003448486, 2756.56054334647
4.17247748374939, 2742.248274305315
4.512218952178955, 2738.79566659953
5.240619659423828, 2708.200338679988
5.580422639846802, 2705.3982814332703
7.236481666564941, 2680.1041732083395
T30
2.569350481033325, 4183.621582175583
2.7149293422698975, 3852.6845004811294
2.7635042667388916, 3744.154174372161
2.812100410461426, 3525.656429860439
3.20035719871521, 3424.417403823427
3.248922348022461, 3234.6163266281765
3.491792917251587, 3076.5501886699494
3.5888781547546387, 3037.857175986137
3.6859450340270996, 2960.6113614131755
3.7344696521759033, 2940.282675154973
3.783015012741089, 2933.9796095611455
3.831575870513916, 2925.990128311849
3.9771928787231445, 2878.027792616809
4.12298059463501, 2877.1860168651
4.317171812057495, 2773.4779409063412
4.657440662384033, 2761.9140335729135
4.900228261947632, 2678.8210499449233
6.212534666061401, 2678.190114281395
6.30984902381897, 2667.8583087469015
6.4069788455963135, 2656.1483764054756
6.455538511276245, 2634.331341631554
6.504089832305908, 2619.5035504795815
6.552688837051392, 2616.5454523434746
8.788283586502075, 2602.6115817171994
T31
2.9054055213928223, 3768.6495317388362
3.1963305473327637, 3626.3903678425413
3.2448959350585938, 3612.270565563962
3.2934560775756836, 3591.2726758482568
3.3420145511627197, 3429.03716792092
3.6330983638763428, 3163.36668920808
3.68164324760437, 3160.120501874724
3.730210542678833, 3094.9631680967577
3.8272693157196045, 3029.61986554736
4.069947242736816, 2939.6250444873076
4.312767028808594, 2901.1828621511013
4.41028094291687, 2894.510911832953
4.458856821060181, 2859.5638325675245
4.74988055229187, 2842.552047620018
4.895482778549194, 2833.216644150045
4.944021224975586, 2825.4137868296675
4.992695331573486, 2802.7890809683377
5.142223834991455, 2800.386921331188
5.190792798995972, 2785.662236823162
5.239741563796997, 2775.9769784212513
5.288275241851807, 2764.799186405442
6.749121427536011, 2753.6729785242533
14.28248405456543, 2742.8356289469157
14.331252336502075, 2739.5936322104862
T32
2.4739134311676025, 3837.6452801108426
2.522481679916382, 3822.960431454605
2.6682164669036865, 3643.2312364070785
2.7168750762939453, 3584.3598154351967
2.765476703643799, 3483.5136301431157
2.862602949142456, 3333.4362279978486
3.2997355461120605, 3188.909538511736
3.3972692489624023, 3087.748335792581
3.4460837841033936, 3057.719851183523
3.5918867588043213, 3029.186197710773
3.6404600143432617, 3029.035909382066
3.689030885696411, 3017.8386621571117
3.73758602142334, 3004.4724073717807
3.786203384399414, 2984.333814088892
3.8348679542541504, 2980.3145161566536
4.0777623653411865, 2973.0219009196626
4.126402139663696, 2943.1015568829134
4.174992799758911, 2853.9740792997836
4.320778131484985, 2817.0099846868106
4.369328498840332, 2804.7408077691834
4.417899131774902, 2801.67282845332
4.5634589195251465, 2796.3195268335694
4.6609108448028564, 2776.8572321016145
4.758872985839844, 2755.055676104017
4.953867673873901, 2734.9843572386053
5.0513880252838135, 2677.489491517834
5.636963605880737, 2677.289954650525
5.783433437347412, 2673.739171004432
10.53764533996582, 2668.699358581707
10.63483738899231, 2627.844774961897
11.654344320297241, 2613.9188402800355
T33
2.180237054824829, 3704.596385710687
2.374628782272339, 3625.569435827536
2.423332452774048, 3508.126299705993
2.5204873085021973, 3395.661994612532
2.5690159797668457, 3361.694512512702
2.6660163402557373, 3290.659925365624
2.7145071029663086, 3216.751473919474
2.908639669418335, 3196.379370657811
2.957226037979126, 3131.043458179549
3.0057642459869385, 3104.6833363373808
3.054361581802368, 3030.6226082446847
3.102863311767578, 2929.8552181698615
3.3452794551849365, 2909.3548116793936
3.393824815750122, 2890.5969870518165
3.490839958190918, 2854.0659002477696
3.53936505317688, 2848.017358235269
3.587881326675415, 2816.202189643802
3.6848788261413574, 2777.7930632329626
3.733398675918579, 2755.816179684545
3.781921625137329, 2739.772755216687
3.97594952583313, 2726.9679442456727
5.820470333099365, 2706.3984599147516
7.132116794586182, 2695.484287731171
T34
2.567945957183838, 3885.27459069209
2.8593192100524902, 3567.106502637933
3.004932403564453, 3355.155377364139
3.539586067199707, 3225.997435256686
3.733673572540283, 3119.16911966744
3.8307571411132812, 3114.554007630173
3.879316568374634, 3076.2655311773924
4.024946689605713, 3074.826932753189
4.0734710693359375, 2993.2736522223568
4.121952772140503, 2976.7870295692046
4.170468330383301, 2975.3484311450047
4.219009160995483, 2960.7283788697387
4.3161842823028564, 2931.6599821610253
4.364940643310547, 2878.2256270597863
4.60798716545105, 2872.7694392785743
4.656554698944092, 2851.3789936955873
4.753577470779419, 2807.7355040565562
4.899124622344971, 2805.3021931994845
4.9477152824401855, 2794.601860761977
4.996274948120117, 2782.20517135915
5.384449243545532, 2775.623330790004
5.433003187179565, 2761.6274352078
5.481529712677002, 2757.054313110144
5.772845983505249, 2752.7796362066438
5.821388006210327, 2751.8143070389633
6.695994853973389, 2731.8367619333003
10.501387119293213, 2701.787964267234
T35
2.1314117908477783, 3974.3752215122586
2.2286376953125, 3794.0741824577344
2.277387857437134, 3552.1715892472967
2.326014757156372, 3488.7114014722574
2.37465500831604, 3341.8759602335303
2.4232778549194336, 3227.677101797839
2.6175050735473633, 3218.1775947192073
2.7153897285461426, 3167.4287117742606
2.8611414432525635, 3152.082857011861
2.909780740737915, 3073.4080112991323
2.958380699157715, 3015.2198700160952
3.0069010257720947, 3009.261269125982
3.05546498298645, 2905.6783786049346
3.1040072441101074, 2859.6666519942737
3.200979709625244, 2835.149282704675
3.249509572982788, 2808.3065279697003
3.298041582107544, 2794.230196728724
3.3466806411743164, 2783.7891586801015
3.541332483291626, 2753.632889016004
3.589939832687378, 2735.628505061497
3.6870975494384766, 2730.7009534266326
3.9297378063201904, 2726.919959012772
3.978314161300659, 2699.262075071303
4.075376033782959, 2678.194873068038
4.124067068099976, 2669.2521795354187
4.2211668491363525, 2644.321475280496
4.318281412124634, 2636.4943450223764
4.415318012237549, 2628.3407927407097
5.387163400650024, 2617.7734021051037
6.700144052505493, 2611.276653767549
6.797217607498169, 2608.9717192915523
8.73897123336792, 2608.915250017584
8.835996866226196, 2604.328548214402
10.779919862747192, 2588.128118059394
12.042145729064941, 2585.266637173343
14.954425573348999, 2551.908973007663
T36
1.986687421798706, 3643.129095194032
2.1806888580322266, 3541.7622063569106
2.2778263092041016, 3432.467988164368
2.326375961303711, 3344.049601673796
2.375042676925659, 3331.7777572970954
2.42380690574646, 3305.133623155947
2.5210609436035156, 3304.415838607143
2.6181564331054688, 3245.0916756262304
2.8610920906066895, 3145.9039925006036
2.909639596939087, 3119.116926402312
2.9581592082977295, 3054.414617090737
3.1037704944610596, 3038.675224204897
3.152284860610962, 3004.0286457804104
3.200795888900757, 2984.283494598192
3.249351978302002, 2924.521258088731
3.297895669937134, 2917.0644531869366
3.39483904838562, 2913.101187354965
3.443363666534424, 2893.9637360437955
3.491874933242798, 2861.038249217945
3.589034080505371, 2845.2893582829092
3.734680414199829, 2817.4203815415713
3.7832870483398438, 2805.5922713398977
3.880396604537964, 2722.7181061703996
4.026050329208374, 2709.923771183585
4.317032814025879, 2706.0052004172394
4.6570868492126465, 2687.8964595277794
5.483190536499023, 2686.299146662568
5.9199957847595215, 2664.0131542390372
6.017062664031982, 2663.581663979501
6.599656581878662, 2620.4222441888924
9.335471630096436, 2617.407756726392
12.252666234970093, 2592.9639805783336
12.495704650878906, 2569.813932462137
12.980875253677368, 2569.6079542192965
T37
1.8442842960357666, 3510.598321550522
1.8929204940795898, 3460.143134342161
1.9415092468261719, 3414.1049916422126
1.9901487827301025, 3256.9247471005656
2.135800838470459, 3253.1622895367
2.184323310852051, 3237.1059503379365
2.2328567504882812, 3197.63190360726
2.281364917755127, 3180.7432866398776
2.330348014831543, 3179.302552512054
2.3788416385650635, 3138.0129081118066
2.427422285079956, 3044.6218337569007
2.5246174335479736, 3015.0200837823904
2.670443296432495, 2849.651907002706
2.767531633377075, 2830.205559657261
2.816038131713867, 2769.871518963988
3.010441303253174, 2758.1557028884454
3.0590057373046875, 2702.28372022077
3.3018722534179688, 2672.7679111788602
3.5940122604370117, 2670.722900050754
3.6426637172698975, 2630.6869360645615
3.7398898601531982, 2592.282220170222
T38
2.567328691482544, 3562.0506709986657
2.906585216522217, 3526.2164324765035
2.9551637172698975, 3353.2607874142486
3.052309274673462, 3308.6752703544917
3.1494486331939697, 3248.3300787793705
3.295046091079712, 3203.921500536755
3.392331600189209, 3173.0851470255548
3.489715337753296, 3134.690130327239
3.53829288482666, 3104.461490710004
3.586827516555786, 3089.4973015314754
3.732485294342041, 3048.592514343727
3.829484701156616, 2975.7898165298393
3.975177526473999, 2930.0611953445114
4.12082314491272, 2919.828355294998
4.266772508621216, 2903.974680321604
4.315558671951294, 2889.7532940311066
4.533677339553833, 2852.962687968902
4.679461240768433, 2846.1247153571094
4.7279839515686035, 2816.0496540932218
4.922065258026123, 2776.8000802025053
5.019412517547607, 2755.187863904379
5.214026689529419, 2736.775295969288
5.602611780166626, 2727.3923101908003
5.699725866317749, 2720.9600067302017
13.086199045181274, 2716.250820724221
13.280609607696533, 2691.906430217503
T39
2.2774784564971924, 4004.6181299400996
2.520824670791626, 3880.44376617932
2.569462776184082, 3642.8396816647983
2.6180295944213867, 3518.6653179040186
2.666688919067383, 3417.7632919113166
2.8121891021728516, 3352.55493781573
3.0553719997406006, 3240.670625415958
3.1040842533111572, 3075.063359407228
3.1527740955352783, 3034.3005332004977
3.2013967037200928, 3000.2782353054645
3.2501165866851807, 2974.609253956707
3.444246530532837, 2951.2195290291493
3.49287486076355, 2850.5394655486707
3.638443946838379, 2841.8170904616454
3.735502004623413, 2805.0068793093124
4.123552322387695, 2795.832205354094
4.317599773406982, 2727.401841121504
4.414700746536255, 2718.5432491360625
4.463177919387817, 2706.5597381534317
6.403605937957764, 2691.9217400791385
6.452387571334839, 2675.1503246459542
6.500990867614746, 2674.8734766791895
9.702971458435059, 2672.47446869162
T40
2.5686376094818115, 4102.911057834088
2.714444875717163, 4004.836938549277
2.76318359375, 4000.270009628395
2.8119051456451416, 3863.657994504225
2.8605053424835205, 3805.047469430392
2.90916109085083, 3754.824539182071
2.957759141921997, 3669.324310073116
3.1581220626831055, 3434.9262926651936
3.206804037094116, 3309.1356506057928
3.6443684101104736, 3155.103515627059
3.7902438640594482, 3152.5847821433454
3.887380599975586, 3149.125799710171
3.936049699783325, 3111.4745954061327
3.9846792221069336, 3035.5948368987774
4.033299922943115, 3027.898162643334
4.081914663314819, 2952.0184041359826
4.179306745529175, 2931.9227862000407
4.22798228263855, 2905.1147824373184
4.276546478271484, 2886.191171660117
4.325069427490234, 2861.4698773907185
4.5675952434539795, 2828.678526993146
4.6161887645721436, 2797.0945950439163
4.713366508483887, 2787.244090987806
4.761943340301514, 2784.187357936178
4.810542345046997, 2764.123724212295
5.004789590835571, 2745.0248832879297
5.879788160324097, 2730.615221853608
5.976919412612915, 2711.195342590123
8.359736442565918, 2696.751065320954
T41
2.0879290103912354, 3789.1797960274635
2.233621597290039, 3570.88011845278
2.4279000759124756, 3537.8639507117987
2.5253989696502686, 3335.894441247783
2.7684643268585205, 3324.66071642721
2.865807294845581, 3133.632869982601
3.206158399581909, 3113.388859388582
3.254821538925171, 3060.4609151327386
3.303394317626953, 3028.8153421204734
3.400702714920044, 2964.007586205804
3.497882127761841, 2890.540812316791
3.7894482612609863, 2863.7775689145274
3.935347318649292, 2818.633029232049
4.0324602127075195, 2763.3916764830137
4.478257179260254, 2715.983705480987
4.5268731117248535, 2715.4335466106604
5.88672947883606, 2710.2988710880636
12.757214069366455, 2669.1991212190733
13.24276351928711, 2668.1243153398245
T42
1.7950658798217773, 3960.865741105201
1.940654993057251, 3659.716123094797
1.9892117977142334, 3652.3278870966024
2.0377869606018066, 3502.9979428962542
2.1349480152130127, 3494.5181961105627
2.183502197265625, 3371.4069928458885
2.2320730686187744, 3358.955289934438
2.329185962677002, 3266.034278841962
2.523503303527832, 3263.7848299084108
2.572077751159668, 3195.0612991445014
2.6206629276275635, 3150.4791752511082
2.717810869216919, 3035.344706890908
2.7663655281066895, 3017.741132633444
2.863485336303711, 3007.480937822951
3.154888153076172, 2991.9183891144567
3.2035694122314453, 2965.197740501055
3.252117156982422, 2949.6351917925604
3.300609588623047, 2889.051034151991
3.5436298847198486, 2887.657959118438
3.592146635055542, 2887.2312204879527
3.6407084465026855, 2873.992938023155
3.9965269565582275, 2857.1726170644833
4.045150518417358, 2845.87906635107
4.287875413894653, 2826.807094607175
4.433549404144287, 2824.1931687873766
4.821803569793701, 2799.535563079702
4.870346307754517, 2798.4268255989155
4.967517137527466, 2784.9850767840835
5.064516544342041, 2764.658892592717
5.113050222396851, 2755.1293822721964
5.1616129875183105, 2721.1164039337164
5.987695693969727, 2719.701801059542
13.90457272529602, 2708.3103613135827
14.292870044708252, 2706.9361873359703
14.438558101654053, 2683.1450644710567
14.48710298538208, 2682.245029075184
14.923701286315918, 2681.2969495579127
T43
2.230741262435913, 3473.518817859029
2.3280739784240723, 3340.384323862185
2.425579786300659, 3307.347304550436
2.6683688163757324, 3172.014621362003
2.911165714263916, 3149.5000948161432
2.9596991539001465, 3141.3319499230165
3.008272171020508, 3096.2548018679845
3.056910991668701, 3091.162600494419
3.1054654121398926, 3050.763482349994
3.6058804988861084, 2912.7982736671984
3.6544206142425537, 2895.8877606031783
3.7029643058776855, 2873.3187533640266
3.7515082359313965, 2826.3128354607834
3.8000118732452393, 2803.859638477308
3.8971962928771973, 2799.0294352831334
3.994245767593384, 2797.777459611025
4.139806270599365, 2797.151548275222
4.18839430809021, 2700.1431114501393
4.237252712249756, 2676.176678362128
4.286022424697876, 2644.2731364055
4.334630012512207, 2630.046638171101
5.98584246635437, 2612.0083435487686
T44
2.3756725788116455, 4377.227859730763
2.569775104522705, 4056.7862389104375
2.715358257293701, 3561.101660271095
3.103708505630493, 3409.8636212170204
3.29827880859375, 3317.6107009827283
3.3954520225524902, 3247.2020331143867
3.4439518451690674, 3237.9834366091127
3.492567777633667, 3166.9094461798995
3.589768648147583, 3146.39620302981
3.6868510246276855, 3109.6148863269627
3.783980369567871, 3098.4565068200027
3.832639217376709, 3090.84161757131
3.9296414852142334, 3027.3500407083084
4.0265538692474365, 3008.8390802762005
4.075047969818115, 3000.439330835874
4.171995162963867, 2982.548891262115
4.269019842147827, 2960.092366598801
4.415067672729492, 2938.3127622625834
4.463723421096802, 2893.51161281639
4.512232303619385, 2834.9046663875088
4.560731649398804, 2828.8553678310054
4.609267473220825, 2797.491480692115
4.657747030258179, 2724.1632516759637
4.803189754486084, 2710.333022227358
4.851679563522339, 2676.3289653814354
5.240087270736694, 2668.1581540472
5.337061643600464, 2635.1536733206667
5.482914447784424, 2632.428769587168
5.628681182861328, 2622.312098282211
6.6480090618133545, 2612.544341838584
7.813333988189697, 2604.850528885745
9.996861219406128, 2599.052174928889
10.045379877090454, 2584.264374096758
10.190930366516113, 2578.466020139902
10.77329397201538, 2576.9744131609004
T45
2.428880214691162, 3985.2709681388587
2.5747969150543213, 3782.160754988101
2.6233222484588623, 3618.460226690615
2.6718270778656006, 3595.881084272907
2.7203269004821777, 3507.8514204604435
2.7688896656036377, 3389.962450695941
2.8174221515655518, 3347.5153963280172
2.8659634590148926, 3345.7566254551093
2.9145255088806152, 3145.000624549979
3.0603883266448975, 3119.045948377843
3.157414197921753, 3038.055288368938
3.303226947784424, 3029.3067827133527
3.4489798545837402, 3028.964683865761
3.6434059143066406, 3001.4876140076412
3.83784818649292, 2960.0487654737517
3.9351043701171875, 2920.0086114059777
4.177916765213013, 2890.4746773839433
5.5855865478515625, 2877.6453851848855
6.1192591190338135, 2857.684498134371
10.838455438613892, 2852.5061772947192
10.936005592346191, 2831.1037456005542
13.956412076950073, 2827.8782101158613
T46
2.5684590339660645, 3802.5926571962373
2.7629995346069336, 3618.098864245989
2.8602523803710938, 3428.2549449916733
3.055294990539551, 3224.998090450932
3.1041064262390137, 3223.517280547978
3.2502212524414062, 3211.342727043564
3.29899001121521, 3167.679863665013
3.347627878189087, 3094.046284247903
3.4452931880950928, 3052.296932452431
3.493901491165161, 3006.1990733631173
3.5424423217773438, 2945.725137346388
3.688174247741699, 2848.248341108603
3.9310367107391357, 2843.2913776937166
4.028120756149292, 2816.8112115210497
4.125211000442505, 2813.6849529171595
4.222377777099609, 2791.0346695567714
4.2709667682647705, 2780.5206962482225
4.417160987854004, 2773.1757149443074
4.46583366394043, 2761.9309807514
4.758389234542847, 2718.455022650807
4.856033802032471, 2709.4456192232174
5.636699199676514, 2688.6367015269716
6.70652437210083, 2684.3049131330918
6.900649547576904, 2652.959711358726
7.094650745391846, 2648.354789748413
7.289174556732178, 2631.0144221589544
7.774160146713257, 2627.6946972258484
7.822721481323242, 2578.9766751955576
9.08611011505127, 2565.2946743620378
T47
2.231462240219116, 3651.751727920415
2.2800228595733643, 3501.1440702673026
2.3287131786346436, 3494.089719280648
2.3772573471069336, 3435.4281197120144
2.4258806705474854, 3349.70418398493
2.522991418838501, 3295.933039984957
2.571536064147949, 3197.2422309046196
2.620079517364502, 3197.0967451004944
2.7171881198883057, 3091.1070311128606
2.7658562660217285, 2970.2320609792005
2.81439471244812, 2964.3590948351484
2.8629722595214844, 2951.556658797188
2.9600863456726074, 2897.3901242281827
3.0086309909820557, 2844.9688457935044
3.1056816577911377, 2773.870808257423
3.154233694076538, 2717.172014190339
3.5429182052612305, 2710.570815281684
3.639936923980713, 2701.602187329321
3.7369892597198486, 2665.620629322213
3.7855708599090576, 2646.423867280868
3.882838726043701, 2639.382969673792
3.979876756668091, 2634.920900917634
4.076960802078247, 2629.080791969427
4.125545263290405, 2611.826631689408
4.174131631851196, 2607.803896196121
4.320286512374878, 2588.5921389794203
4.417623996734619, 2556.4240457389824
4.514866590499878, 2521.55664588929
T48
1.940486192703247, 3550.3178853892423
1.9890964031219482, 3531.708320547041
2.0864415168762207, 3392.0600211066157
2.134934663772583, 3255.094479772939
2.3299059867858887, 3247.2971398835616
2.37882399559021, 3119.7795351376153
2.524427652359009, 3039.7955788066247
2.5730390548706055, 3004.1501852213623
2.6699917316436768, 2963.239568269062
2.718595027923584, 2890.606820718971
2.9125988483428955, 2810.9922841460575
3.0095465183258057, 2808.643617187219
3.058002233505249, 2803.0758892866434
3.300799608230591, 2794.0530855836405
3.3495571613311768, 2729.9742513779966
3.446554660797119, 2709.3759982334414
3.495161294937134, 2687.473188283009
3.5436794757843018, 2675.1480080153524
3.592217445373535, 2661.2066477411718
6.600744009017944, 2645.870988698269
6.746309995651245, 2620.8381496162874
7.280136585235596, 2616.1281732286916
7.328936576843262, 2612.0341959032703
7.4262378215789795, 2607.3242195156745
7.6201372146606445, 2604.0536950439964
T49
2.2819228172302246, 3994.660258045351
2.476909875869751, 3874.0753284719794
2.5745832920074463, 3781.810518142309
2.6232173442840576, 3719.5476113420846
2.6717922687530518, 3680.0765356027223
2.720426082611084, 3582.6646646111403
2.7690951824188232, 3522.988369863928
2.81776762008667, 3459.6523718370518
3.012047529220581, 3420.0499279296455
3.1091384887695312, 3343.738246496472
3.304180145263672, 3321.84071721743
3.401501417160034, 3209.7740814092504
3.4987294673919678, 3080.710634571107
3.547307252883911, 3000.6652910468147
3.6445295810699463, 2925.761382729972
3.6931402683258057, 2913.268155976606
3.8873515129089355, 2898.356942392282
3.9845902919769287, 2869.10598503883
4.130211591720581, 2854.80218353041
4.5189056396484375, 2841.3534890801493
6.561510801315308, 2832.8470519877737
7.5342116355896, 2830.5363151323036
8.458173751831055, 2813.445250573208
11.875783920288086, 2803.4295343095837
T50
1.601745843887329, 3615.656501369398
1.747309923171997, 3513.4708661832265
1.795870304107666, 3412.1722913334306
1.9413173198699951, 3328.4256092277537
2.0384700298309326, 3170.9057550031066
2.135633945465088, 3163.2292084852743
2.1844372749328613, 3070.3281374937687
2.426973581314087, 3004.3294376718695
2.475525379180908, 2969.752616105685
2.524109125137329, 2957.210105512535
2.5725786685943604, 2933.4095587344527
2.7663705348968506, 2913.113602552141
2.8636343479156494, 2910.766270017153
2.912412166595459, 2890.4703138348414
2.9609110355377197, 2889.7455137200413
3.0095317363739014, 2862.392623368538
3.057995557785034, 2854.437595528372
3.106701374053955, 2852.913252875358
3.3006160259246826, 2852.208214756294
3.6403560638427734, 2839.445088278222
3.6890170574188232, 2828.3616038829205
3.7390453815460205, 2815.5984774048447
4.613967180252075, 2808.170313296094
4.807862997055054, 2770.3972395283563
5.2928786277771, 2762.0387830240725
5.4385669231414795, 2724.113194695896
5.583923816680908, 2708.3984273119713
5.680850267410278, 2707.0773519725662
8.739407777786255, 2688.753848455399
9.564553499221802, 2683.3518189016395
10.777071475982666, 2676.5696679782195
T51
2.6168553829193115, 3760.9528317426557
2.7140440940856934, 3730.562646818438
2.811187267303467, 3596.0536431413566
2.9571919441223145, 3477.393021338543
3.2981231212615967, 3247.6718613474113
3.443948984146118, 3176.5287647018376
3.4925270080566406, 3122.7928397990872
3.6866278648376465, 3102.850674871668
3.7351536750793457, 3055.588172601296
3.8323912620544434, 3027.880481539978
3.9294862747192383, 2961.03453779568
3.9780216217041016, 2957.6739757716823
4.026618957519531, 2954.3099053086116
4.075176000595093, 2950.949343284614
4.12372088432312, 2922.6321546662075
4.31862473487854, 2901.459858738115
4.367269277572632, 2899.782706365888
4.46463418006897, 2868.45608454011
4.658849000930786, 2838.3851395722086
4.998462438583374, 2837.4854375147806
5.095729112625122, 2832.492443682444
5.144285440444946, 2826.1134586813387
5.192873477935791, 2811.689519836844
5.727264881134033, 2802.5290620195556
5.82440447807312, 2801.543017934757
5.872970342636108, 2792.3825601174685
10.940268754959106, 2744.483818431363
11.913491487503052, 2734.0074005558927
12.059327840805054, 2716.8982156404054
12.10790467262268, 2709.9577252577947
12.156450510025024, 2689.5065730966853
T52
2.1932566165924072, 4043.43228590985
2.2905163764953613, 3742.269094847783
2.387713670730591, 3560.376592587276
2.4364919662475586, 3262.866896126572
2.7764039039611816, 3217.032365993775
2.970690965652466, 3064.0231822941605
3.0192294120788574, 3036.4185193043922
3.213376998901367, 3026.8225899734243
3.2621750831604004, 2947.3541676320565
3.359581232070923, 2778.5896304851594
3.6022965908050537, 2744.0036888660325
3.7965285778045654, 2721.591004876773
3.84509015083313, 2676.368164539279
4.184925556182861, 2674.338988218027
4.233468055725098, 2659.7226083322785
4.281988620758057, 2657.5930201902156
4.670034885406494, 2649.9438640655353
4.815589189529419, 2622.0545600036858
4.912604808807373, 2621.9760928294345
5.155505895614624, 2607.163322352684
5.592829465866089, 2602.0246109411273
8.94424557685852, 2601.456305908603
8.992840051651001, 2579.166361270185
13.311342477798462, 2574.463480475293
14.71783447265625, 2562.703130018057
T53
2.520627021789551, 4266.5937331687055
2.7150774002075195, 3763.004848524244
2.8123648166656494, 3549.92580980793
2.957942008972168, 3530.241779156291
3.0064945220947266, 3382.464219635396
3.2493276596069336, 3301.378569200311
3.3465192317962646, 3260.9376048440063
3.39506459236145, 3184.3732990267745
3.5407071113586426, 3132.385545177185
3.6377310752868652, 3102.89706927145
3.7348825931549072, 3062.90523023923
3.7835421562194824, 3034.5281921309543
3.9290547370910645, 2965.642616958761
4.074628591537476, 2900.6378728309355
4.172074556350708, 2861.366055523489
4.2207629680633545, 2853.1885139863443
4.366408109664917, 2832.966966458491
4.463429689407349, 2763.4483711603025
4.560429811477661, 2733.7854854896395
4.65753960609436, 2719.5480638730587
5.1916186809539795, 2714.1305512702165
5.289051055908203, 2706.5705619031796
5.337730169296265, 2691.372229460805
5.386348009109497, 2682.5452601572615
5.483325004577637, 2655.5517694263144
5.5318450927734375, 2632.206401463918
6.065612316131592, 2630.923493481001
6.211297273635864, 2618.5093817433735
14.098662853240967, 2614.16648511526
14.147433757781982, 2608.670549370552
14.196183443069458, 2599.761024412099
14.341907739639282, 2590.2541217791986
T54
2.2784082889556885, 4039.840462448359
2.472513437271118, 3797.5946139678053
2.5697214603424072, 3624.19944082616
2.7153501510620117, 3521.4682103363157
2.9586923122406006, 3449.014576983398
3.1531455516815186, 3363.014273533867
3.2501630783081055, 3306.375297332899
3.395843029022217, 3215.9624659087167
3.4443745613098145, 3207.9813530663996
3.541609048843384, 3088.0905660580975
3.6386730670928955, 3061.5493176654854
3.687237501144409, 3039.926526086838
3.7845306396484375, 3007.4588861141565
3.833333969116211, 2945.4170146416764
4.0278403759002686, 2917.5097925207665
4.076579570770264, 2857.734358608126
4.222476959228516, 2856.244957287545
4.4165120124816895, 2843.53417836026
4.853497505187988, 2830.8106089556204
4.95093846321106, 2822.2106103544393
5.339765548706055, 2815.578683514301
5.485620021820068, 2803.880793881661
5.728260040283203, 2764.4794018368593
6.263017177581787, 2751.8271062329077
6.311788558959961, 2734.4320230711382
6.991536378860474, 2731.265207727476
T55
1.9887218475341797, 3584.1680641676176
2.1344223022460938, 3524.640880813313
2.1830289363861084, 3512.297608648856
2.2316062450408936, 3511.333161771472
2.328789472579956, 3485.6252977063414
2.3774240016937256, 3392.918825984816
2.4260077476501465, 3261.0968022357156
2.474600315093994, 3255.1169251990796
2.6202025413513184, 3235.7815448441906
2.7174885272979736, 3204.4240265251574
2.766110897064209, 3150.662658765981
2.814720869064331, 3109.290426465792
2.8632826805114746, 3004.8361600326934
2.9604854583740234, 2948.163384322139
3.106639862060547, 2923.2957123833257
3.203817129135132, 2896.5040748744796
3.25246000289917, 2848.277407855512
3.3010740280151367, 2803.5213819819473
3.5925207138061523, 2744.1865673883913
3.786848783493042, 2723.7445369648267
3.8839406967163086, 2708.249437340586
4.126849174499512, 2702.3864930960335
5.050549030303955, 2691.567842127937
6.26930832862854, 2663.9933246566325
6.463582754135132, 2661.485103961397
6.657961368560791, 2640.714171513304
6.706557273864746, 2626.5081289648224
6.755168437957764, 2608.6104253459307
6.803640127182007, 2604.3553111579313
T56
1.7460386753082275, 3794.1207839358503
1.8433904647827148, 3487.0284895891964
1.8920228481292725, 3459.8690737809193
1.9407212734222412, 3310.5791641534233
1.9893624782562256, 3304.370236916111
2.135336399078369, 3258.2733059930506
2.23232364654541, 3177.574630931227
2.2808659076690674, 3141.7654860368602
2.3779919147491455, 3078.9637281449177
2.4750277996063232, 3063.080986967896
2.5236544609069824, 3056.9132209722848
2.5722203254699707, 2970.3724072528457
2.7176787853240967, 2939.1077094302964
2.814648389816284, 2893.447201103543
2.8632330894470215, 2892.8125459002513
2.9117374420166016, 2880.8678048430374
2.9602818489074707, 2873.1354701496603
3.0574839115142822, 2867.721603574344
3.106074094772339, 2864.5350710814782
3.154646873474121, 2827.581648735635
3.2031383514404297, 2781.3805643496416
3.25176739692688, 2778.194031856776
3.5428903102874756, 2757.7463914457476
3.6398472785949707, 2742.5044750777815
4.028411388397217, 2716.3371248874973
4.077152490615845, 2714.4096415316017
4.125788927078247, 2683.921736796525
4.174278259277344, 2681.994253440629
5.193305969238281, 2679.7339578452484
5.241765737533569, 2660.399997534885
5.532774925231934, 2650.521628102688
5.629739761352539, 2648.3092812401665
5.726681232452393, 2624.655256923241
5.775134801864624, 2619.212920710841
T57
2.9547970294952393, 4016.0291322688827
3.0524327754974365, 3982.8157408379484
3.1497344970703125, 3982.009864140444
3.246901512145996, 3626.6595485243124
3.295628786087036, 3570.4763059402867
3.392821788787842, 3453.4381687196037
3.441349506378174, 3399.946103796734
3.4899353981018066, 3333.2455344496448
3.7817680835723877, 3319.93386435102
3.9765870571136475, 3134.1919011531863
4.171448230743408, 3082.173822769204
4.2201087474823, 3001.363338568226
4.317285537719727, 3001.009771408644
4.414442539215088, 2952.684334071506
4.559988975524902, 2901.395237128214
4.70555305480957, 2893.5765352470444
4.9485554695129395, 2843.5957713758835
5.2402589321136475, 2787.804342306641
5.385912895202637, 2744.9837477283763
5.482999801635742, 2739.222469833545
5.677516460418701, 2737.886444291511
5.726037263870239, 2729.786574818143
6.163071155548096, 2687.1005360859526
6.211599349975586, 2667.927496306267
7.2322258949279785, 2666.8210647256637
7.280802249908447, 2646.175594139513
7.3294196128845215, 2625.0543349118016
7.474957466125488, 2617.599298483994
T58
1.6991620063781738, 3789.771198480048
1.747756004333496, 3568.4465626103483
1.7967109680175781, 3434.182468845913
1.8939659595489502, 3415.151267888101
1.9425642490386963, 3375.1427368310033
1.991196870803833, 3302.8952255986915
2.1370701789855957, 3163.297983316872
2.330977439880371, 3004.118235309794
2.4765639305114746, 2996.7601804311707
2.52510404586792, 2967.658672408481
2.57371187210083, 2936.6207111336007
2.6223506927490234, 2894.97771687201
2.7678122520446777, 2884.5359009566964
2.816301107406616, 2765.0654607084434
3.7399439811706543, 2752.8839423401187
10.023844480514526, 2727.602204426701
10.121068954467773, 2726.2042673282267
10.169680118560791, 2702.1223264282416
12.014860391616821, 2664.9251915964123
T59
2.469801425933838, 4152.906016064775
2.712634325027466, 3717.285900639614
2.8097188472747803, 3658.287351879033
2.858488082885742, 3605.0803626652487
2.955677032470703, 3502.934279191817
3.1012887954711914, 3450.3360011257246
3.149815082550049, 3245.212366823871
3.2469756603240967, 3196.4434963450913
3.3440866470336914, 3133.652610449153
3.635328769683838, 3044.291685666827
3.7323503494262695, 3036.6389322359173
3.7809031009674072, 3025.6115045638544
3.9262118339538574, 2972.1291112999206
3.9746921062469482, 2970.523133764291
4.071901321411133, 2953.861342174958
4.168844699859619, 2931.6182809065685
4.21733021736145, 2912.867233944038
4.2658185958862305, 2896.755832799121
4.314375638961792, 2874.5127715307317
4.362881660461426, 2867.97298201127
4.411415100097656, 2857.137072750207
4.459909677505493, 2836.1575662695977
4.508437395095825, 2825.0646319584303
4.55725884437561, 2793.859050789193
6.354305982589722, 2789.466572886453
9.33647108078003, 2775.588193119409
9.482080936431885, 2765.1011482020476
9.579113721847534, 2733.870216313666
10.161574602127075, 2721.149013257669
T60
3.0009515285491943, 3940.6677262641133
3.049600839614868, 3811.7808365423043
3.0981335639953613, 3748.9000613441713
3.1951828002929688, 3677.6392149191415
3.34077525138855, 3550.174383921003
3.3893561363220215, 3528.856166253485
3.4863948822021484, 3514.98790282377
3.5835018157958984, 3511.786555341736
3.6808953285217285, 3360.917508469167
3.7296528816223145, 3324.5059752221714
3.9248287677764893, 3301.602733840871
4.022339344024658, 3278.233129274595
4.071089506149292, 3273.1056079160517
4.119817018508911, 3263.2912075236673
4.16861629486084, 3202.0391657380605
4.266116380691528, 3190.255433153219
4.314824342727661, 3135.809277909775
4.412116527557373, 3126.145682814331
4.460883617401123, 3110.3629108472596
4.558343410491943, 3090.798783252132
4.655767917633057, 3083.2295025744606
4.704829692840576, 3058.489171937719
4.753544807434082, 3041.059761605371
4.802252531051636, 3034.954510064046
4.899684190750122, 3010.3169345160168
4.948340892791748, 2922.5755510408853
4.997085332870483, 2911.4790888058196
5.094261646270752, 2904.8044098467217
5.142861604690552, 2895.0270851154164
5.191413402557373, 2868.761163972329
5.23987889289856, 2852.3091602819222
5.482280731201172, 2849.1245912786144
5.870456695556641, 2766.4810873065035
6.359349012374878, 2766.3917650984113
7.669945478439331, 2758.0699297674
8.010114192962646, 2755.761810200558
9.077306747436523, 2755.2742730079844
11.892730474472046, 2734.169292651495
11.94133996963501, 2720.3839970762747
T61
2.908738136291504, 4001.9404810949636
2.9573545455932617, 3953.0783869233965
3.0545942783355713, 3884.6743058487846
3.249103307723999, 3280.0304816426833
3.8317043781280518, 3081.4985950254413
3.928900718688965, 2980.7042545410404
4.1235175132751465, 2859.6895990070807
4.172088623046875, 2840.8584669721204
4.317686080932617, 2834.308238997288
4.366230249404907, 2827.665049455034
4.511818170547485, 2816.110791653966
4.560350179672241, 2811.5727234287115
4.608876943588257, 2807.077430930738
4.705839395523071, 2780.6267377846016
4.851621389389038, 2760.8802818493787
5.191030740737915, 2752.2269447438557
5.385221719741821, 2750.8564282903753
5.870990514755249, 2742.0643774380405
6.745211839675903, 2739.8605123846646
T62
2.2768783569335938, 3828.7945588647344
2.422602891921997, 3705.222502925535
2.4711694717407227, 3640.265604084303
2.5198235511779785, 3367.9042762843164
2.8601410388946533, 3340.1357455068173
3.0061564445495605, 3280.3857680551228
3.0549116134643555, 3211.6955362827575
3.1035773754119873, 3168.089888893519
3.152193069458008, 3123.025482000554
3.20102596282959, 3067.109069929742
3.2495458126068115, 2938.3370690539014
3.492109537124634, 2921.990857491095
3.5406696796417236, 2897.1948915167413
3.5891945362091064, 2861.4999191363313
3.68630051612854, 2817.3832907566866
4.10227632522583, 2792.919800502972
4.6366143226623535, 2780.0387249406376
4.733752250671387, 2748.2831628573367
5.608006238937378, 2736.7142211217288
5.656522750854492, 2727.9129630461757
5.705107688903809, 2711.8702500074214
5.753641128540039, 2697.336507388678
6.142542600631714, 2673.238425627409
6.5313942432403564, 2646.1554224481843
6.580094575881958, 2619.6545571328716
6.628675222396851, 2615.4988654280533
6.677273988723755, 2612.277099736548
6.871640205383301, 2600.4866577805224
6.9202868938446045, 2572.7293668727507
T63
2.712496042251587, 3491.568594547076
2.858242988586426, 3426.2894431725763
2.9555768966674805, 3402.87031577199
3.004110097885132, 3379.5435137568747
3.052680492401123, 3365.364000939837
3.198545217514038, 3321.7555789241014
3.2471351623535156, 3271.934142315844
3.2956814765930176, 3266.2059858334906
3.344189405441284, 3252.219537092191
3.392719030380249, 3230.1150743765793
3.441256046295166, 3157.3347809660736
3.5871262550354004, 3134.6344147139134
3.6357319355010986, 3090.957509334432
3.7815003395080566, 3034.0736412109836
3.8789193630218506, 3034.0447326828144
3.9274942874908447, 3029.775607221487
3.976048469543457, 3008.4286927042376
4.073016405105591, 2979.776775079845
4.121637344360352, 2975.8634825053923
4.218764305114746, 2942.4715888635
4.267267465591431, 2940.4902592072685
4.36437201499939, 2910.724660301261
4.412849187850952, 2828.832036787833
4.703705787658691, 2824.0640482919225
4.801031827926636, 2820.8312423089374
4.84955620765686, 2785.150168168013
5.044226408004761, 2776.461628022578
5.092793941497803, 2771.6826444455583
5.141323566436768, 2735.5681605871578
5.189821720123291, 2673.839904408036
7.78118896484375, 2659.8307507201753
9.189819574356079, 2657.7848877804827
14.867379665374756, 2640.2145463896086
T64
2.519263982772827, 3841.0060476288127
2.811081886291504, 3363.8857064854237
3.0057668685913086, 3349.4977485716627
3.0542821884155273, 3324.930827005759
3.1513147354125977, 3276.9840669525292
3.1998512744903564, 3217.207361997658
3.248332977294922, 3113.8873916733974
3.345308542251587, 3082.75932819429
3.442448616027832, 3065.372193062176
3.539523124694824, 3064.105546536677
3.5882766246795654, 3004.709752451141
3.636831045150757, 2932.7114760439654
3.7339134216308594, 2924.6665538800407
3.7824549674987793, 2923.2756967329296
3.8309710025787354, 2887.163414344668
3.8795175552368164, 2874.088875477275
3.928086280822754, 2870.141851494518
3.977281332015991, 2860.2759791728167
4.026041507720947, 2829.703100175633
4.220277309417725, 2794.7967164358342
4.268823623657227, 2767.9262588144775
4.365844011306763, 2744.8751692277583
4.511390686035156, 2688.589026008478
4.560014724731445, 2677.4285711477496
4.657154083251953, 2660.076784039804
4.705698728561401, 2612.0821299106174
4.7542126178741455, 2594.7303428026753
4.8027331829071045, 2556.0112242776668
4.89975905418396, 2542.16830670739
4.948296785354614, 2535.392315150457
5.191375017166138, 2532.872625981847
5.434190034866333, 2514.1797326568194
5.970330476760864, 2510.0681810252863
T65
2.469433307647705, 3754.2277807888786
2.6634843349456787, 3724.1447771155
2.7120962142944336, 3703.2381731504975
2.760643720626831, 3689.3589038828977
2.85762357711792, 3441.5574379737955
3.100423574447632, 3380.497535789924
3.1489672660827637, 3256.199720361961
3.2949979305267334, 3221.3692149106573
3.392054319381714, 3156.2861446964707
3.489058256149292, 3077.8933052373977
3.6832470893859863, 2985.7385716427343
3.7802786827087402, 2982.5028049969296
3.8288609981536865, 2934.024895475264
4.0228822231292725, 2913.387042843042
4.313844442367554, 2892.55770108031
4.410904884338379, 2827.8425014731292
4.459414005279541, 2825.6350535690217
4.507920265197754, 2808.856518974906
4.604956388473511, 2793.5532107931394
4.6534788608551025, 2779.898377874524
4.701993465423584, 2764.595069692754
4.895883560180664, 2763.1499495525495
4.944492816925049, 2751.770179796051
4.993265390396118, 2739.342736054132
5.284400939941406, 2705.736936313704
5.430057048797607, 2701.047466709191
5.478558540344238, 2687.2511388898747
5.527117490768433, 2679.2094390763523
5.769745349884033, 2672.1293586079846
5.818287134170532, 2650.68472028197
7.420512914657593, 2650.3311222198317
T66
2.6641273498535156, 3955.324195287747
2.8581981658935547, 3725.9968638733662
2.955254554748535, 3645.4853269111663
3.0526669025421143, 3621.030755644497
3.1013705730438232, 3580.075571414811
3.1501266956329346, 3476.853237942072
3.5694684982299805, 3284.9971254702396
3.617978811264038, 3260.816157735935
3.7639758586883545, 3214.8241580355243
3.8611793518066406, 3131.2135419752594
3.909695625305176, 3078.4949789363673
3.9582715034484863, 2927.7228119302417
4.104284048080444, 2897.5169886368385
4.395153760910034, 2834.143472816959
4.589111804962158, 2832.5976441644307
4.6376683712005615, 2822.704396509471
4.734625577926636, 2797.4455669183226
5.0745298862457275, 2794.8445193619555
5.268448352813721, 2787.650289292018
5.413921117782593, 2751.8086692912584
5.608133554458618, 2742.920983253687
5.8022990226745605, 2737.2441348634857
5.851029634475708, 2719.6373493336614
5.997026681900024, 2701.6184946477115
6.725364923477173, 2689.0811350454023
13.22642469406128, 2673.270812595856
T67
2.130502939224243, 3479.2527582949333
2.1790337562561035, 3452.228289978957
2.227553129196167, 3414.3367160581656
2.276087999343872, 3407.7597627216855
2.3729934692382812, 3345.672912985494
2.4214553833007812, 3299.9574143683167
2.518415927886963, 3261.4370870750136
2.566892623901367, 3205.9641428446885
2.6154544353485107, 3132.618493125916
2.6638925075531006, 3064.9010888840276
2.8092849254608154, 3057.7888853934055
3.1346664428710938, 2969.513754634703
3.280198335647583, 2932.407620782971
3.5710854530334473, 2920.452890089251
3.6196649074554443, 2920.241806413982
3.716585874557495, 2897.443210346468
3.7650482654571533, 2803.42969360208
3.8135228157043457, 2792.8534409058448
3.9104621410369873, 2786.2242785274793
4.007655143737793, 2782.0402161286
4.056366920471191, 2771.2384411002713
4.104921817779541, 2729.443507046846
4.298734188079834, 2717.748906288529
4.347231388092041, 2678.936771661163
4.395804166793823, 2670.6378869690197
4.444254159927368, 2668.5887783202706
6.238805055618286, 2666.708988370843
6.287267446517944, 2662.884358331976
7.8386571407318115, 2662.4714769269704
7.887135744094849, 2655.335634606723
10.45780348777771, 2644.35805109411
10.55474305152893, 2642.144021726501
T68
2.6656031608581543, 4034.348778999538
2.9081931114196777, 3762.149870362162
3.201312303543091, 3663.2498687856896
3.249962329864502, 3184.624535088049
3.881639242172241, 3103.5739038118045
3.930424928665161, 3100.7049763639225
3.978975772857666, 3077.247884481956
4.124587774276733, 3070.6892311896845
4.221635103225708, 3067.5266167394475
4.270179986953735, 3059.6929520725935
4.318727493286133, 3032.3518187611116
4.415792942047119, 3014.316404496072
4.755569696426392, 2999.3123571832657
4.998354196548462, 2978.918953052089
5.046938896179199, 2963.9149057392824
5.095538854598999, 2949.7561591042722
5.1440589427948, 2946.3948715833394
5.192604303359985, 2876.882853351264
5.241145133972168, 2821.990614065511
5.435265302658081, 2821.8469777686987
5.483807563781738, 2793.1752562991896
5.580848217010498, 2742.821320729232
5.968760251998901, 2725.2722557090965
7.036948919296265, 2709.0058793295575
7.134214401245117, 2651.338304097051
10.095874071121216, 2646.10907603996
T69
2.4755303859710693, 4095.9574436524053
2.815516471862793, 3526.6890985946557
2.9127542972564697, 3460.360160910692
2.961503267288208, 3425.04483765403
3.058525323867798, 3399.8433940380273
3.106985092163086, 3385.1929010289605
3.252490758895874, 3373.5310621940916
3.300975799560547, 3344.8032059783545
3.4948160648345947, 3261.1772143014496
3.5433318614959717, 3242.0081075988273
3.6403424739837646, 3099.7844080927607
3.737257242202759, 3078.0726479334626
3.785720109939575, 3069.181947992416
3.9311716556549072, 3067.0905049616085
3.9796643257141113, 3046.6951632988057
4.076612234115601, 3010.1919682980842
4.12511134147644, 2997.5013254817895
4.222111940383911, 2987.2188679047867
4.270624160766602, 2978.978796071111
4.3191680908203125, 2963.083494874176
4.36766505241394, 2960.71252112983
4.416188478469849, 2901.385888332865
4.561811208724976, 2882.0490036023875
4.75566554069519, 2879.0726106215516
5.19203782081604, 2871.7856274749356
5.48278284072876, 2870.3883386002053
5.531268119812012, 2858.409324244356
5.628404140472412, 2822.4517976132884
6.113640308380127, 2820.908210812355
6.2596611976623535, 2817.320192496776
6.356701612472534, 2784.254455581842
7.326834440231323, 2772.283794346851
7.811641216278076, 2770.251514299227
9.024763345718384, 2747.220181360619
10.967679262161255, 2739.1107784961423
11.55197811126709, 2728.0603712173142
11.649453163146973, 2727.151954732948
T70
2.2541637420654297, 3830.8314162072747
2.399967908859253, 3646.74201929264
2.4485995769500732, 3607.8638077397372
2.497225046157837, 3378.5082006941193
2.692065954208374, 3366.5024765422495
2.740650177001953, 3355.7434923083892
2.8865060806274414, 3281.578239714854
2.983698844909668, 3194.6068936948795
3.080901861190796, 3086.6631258196576
3.323521852493286, 3023.288763530785
3.3720555305480957, 3003.742694226228
3.517571210861206, 2998.8896803924545
3.6146368980407715, 2915.9692487990287
3.808771848678589, 2865.56465483976
3.8573029041290283, 2851.8574525060067
4.148608922958374, 2848.387719736009
4.585035800933838, 2847.1725817439765
4.682217597961426, 2838.399892204754
4.730783224105835, 2818.007395265093
4.77942681312561, 2814.031812248035
5.022542476654053, 2748.931908808925
5.168982267379761, 2741.197026708738
5.2660651206970215, 2739.585319294547
5.557127952575684, 2737.5332917725573
6.627076864242554, 2732.381890719953
6.675666570663452, 2730.2038837546097
12.602391242980957, 2729.1065903960443
T71
2.3294076919555664, 3954.866926484996
2.4266860485076904, 3847.590919006947
2.5724947452545166, 3789.207293060612
2.6213066577911377, 3639.2672602991006
2.7669148445129395, 3492.5883405896566
2.8155477046966553, 3478.8289446473646
2.86407470703125, 3404.595474005044
2.9126343727111816, 3389.2109621358577
2.9612252712249756, 3275.815365718023
3.1068131923675537, 3201.7349651284894
3.300920248031616, 3036.7602895993696
3.3495240211486816, 3010.8817383314417
3.5441131591796875, 2939.3291435279716
3.5926716327667236, 2869.9650905688286
3.689704418182373, 2807.0333628653534
4.079802513122559, 2790.7894402658785
4.322735071182251, 2775.9173864573895
4.46826171875, 2719.044476270268
13.508327007293701, 2715.1579214491467
13.605568408966064, 2711.45782659368
13.75113558769226, 2697.917550821974
13.896969556808472, 2646.423575980876
13.99400281906128, 2638.2873958832133
T72
2.3430135250091553, 4044.760546492158
2.4400956630706787, 4026.942892842533
2.5371315479278564, 3704.92588161449
2.6344122886657715, 3560.8567544033867
2.682979106903076, 3511.4487839340145
2.731454610824585, 3380.3015760271446
3.0233805179595947, 3362.3971794742465
3.2179782390594482, 3294.770632591237
3.315298318862915, 3276.952978941612
3.3638737201690674, 3164.817842520817
3.461012363433838, 3162.7972776235147
3.5095627307891846, 3106.0832253227927
3.7040233612060547, 3070.6804016912283
3.8980212211608887, 3055.6824836932356
3.946639060974121, 3023.88738678347
3.9952259063720703, 3002.0409748905404
4.043758869171143, 2967.6961927652083
4.09227991104126, 2952.806704426541
4.140947341918945, 2946.0668283514533
4.189467191696167, 2924.585813450678
4.238010406494141, 2921.7318475681495
4.383606195449829, 2912.3836894944143
4.4321441650390625, 2847.216813199615
4.480642080307007, 2804.268185427223
4.5777013301849365, 2788.9227774832616
4.62627649307251, 2771.3573668621175
4.674769163131714, 2766.1024734960847
4.723304986953735, 2764.337458824073
4.771883726119995, 2759.9849075403945
4.86906623840332, 2725.7637779166726
4.966607570648193, 2723.9855322958756
5.015205144882202, 2722.496156531546
5.063752889633179, 2693.122536408413
5.112292289733887, 2688.0235088517184
5.257717132568359, 2665.7115529631374
5.452101707458496, 2664.5407475547217
6.083572149276733, 2663.0630783120178
6.85985541343689, 2646.1205307613636
7.151166915893555, 2625.2774951869105
T73
2.666588068008423, 3809.0025146904954
2.8608970642089844, 3670.9991485076825
2.9096274375915527, 3603.295946102953
2.958279848098755, 3454.2872187030225
3.0555131435394287, 3418.808750490429
3.3472604751586914, 3380.5489521335767
3.395888090133667, 3311.4942246973696
3.493307590484619, 3303.0494684835976
3.5908730030059814, 3233.968794220087
3.6394386291503906, 3084.344326494178
3.6880664825439453, 3067.9947015337275
3.736647129058838, 3066.1495561036572
3.882615804672241, 3018.076950205941
3.9314348697662354, 2986.25494176591
3.980361223220825, 2964.0244226755203
4.029040098190308, 2913.083254789839
4.126135587692261, 2905.24193956978
4.223187685012817, 2883.7960525009476
4.465734958648682, 2876.3182560118985
4.514323949813843, 2858.741946291422
4.562870979309082, 2793.797857620768
6.263117551803589, 2783.198546326923
6.360273122787476, 2743.2036634022916
6.894329071044922, 2717.4834424793626
7.088741064071655, 2702.674069285673
7.137362718582153, 2696.380489059269
7.719748497009277, 2685.736125930569
8.73996877670288, 2681.19762387684
10.150238275527954, 2680.039891217508
10.198895931243896, 2666.8729491962113
10.247466564178467, 2654.098116229339
10.296020269393921, 2633.7788839575915
10.538645029067993, 2604.877723753063
T74
2.5184199810028076, 3677.704091462747
2.615581512451172, 3570.0685549951268
2.6641247272491455, 3543.7137587548714
2.712704658508301, 3522.6351828200204
2.809938430786133, 3496.280386579765
2.858670949935913, 3478.665210389321
2.9074554443359375, 3320.613967298901
3.004729986190796, 3276.643994868202
3.101857900619507, 3226.5282292094125
3.1504194736480713, 3208.635140664992
3.198990821838379, 3163.1471460640896
3.2475738525390625, 3138.138075642677
3.3446788787841797, 3132.1548166904613
3.3932831287384033, 3079.4572493669366
3.5388288497924805, 3027.7608204527023
3.6359596252441406, 2916.2151183303977
3.7820425033569336, 2886.4887176849006
3.8307888507843018, 2861.3367062562465
4.025912761688232, 2861.25870875689
4.123505353927612, 2801.0203926183094
4.610944986343384, 2795.9166069969433
4.757108449935913, 2757.973863050287
4.8058390617370605, 2755.7555274856823
5.146352767944336, 2743.4774319247736
5.291857004165649, 2741.9921476152413
5.340408086776733, 2725.9068011775307
5.728545427322388, 2722.544501506116
8.546428203582764, 2707.6573513653166
10.479347705841064, 2697.7258863092757
T75
2.4166996479034424, 3412.2174241135654
2.610809087753296, 3374.5081143063508
2.707991123199463, 3261.742551313866
2.7565436363220215, 3162.005706178843
2.99944806098938, 3057.965689505745
3.0482537746429443, 3036.6505338483985
3.096855878829956, 3004.9690836713453
3.145357608795166, 2954.441104539859
3.436291456222534, 2915.8179296279486
3.4848380088806152, 2898.6436483786965
3.6788711547851562, 2866.5029989310606
3.7759227752685547, 2800.7659808758763
3.970073938369751, 2765.759217376064
4.309545040130615, 2745.298018595793
4.9887847900390625, 2741.9621736130393
5.086135149002075, 2717.0041289596193
5.134660482406616, 2700.3077811715084
5.183178901672363, 2649.984192299278
6.154617547988892, 2649.6584113584904
6.445674657821655, 2608.9092912787055
7.028368949890137, 2597.8157377760326
7.174081802368164, 2589.3103647844327
9.697608709335327, 2585.4231181449686
13.583945512771606, 2569.1218426508785
T76
2.779862642288208, 3909.27987906053
3.022416591644287, 3843.553318840739
3.119662046432495, 3559.9956635713097
3.1682028770446777, 3317.214211886956
3.7512457370758057, 3078.7509813717515
3.897268056869507, 3027.93360184387
3.9458913803100586, 2970.7737963986947
4.091410398483276, 2940.9105890958745
4.188748598098755, 2871.4118955936465
4.237310886383057, 2811.5124928634395
4.577046632766724, 2799.737620945052
T77
2.3750457763671875, 3627.627467938408
2.5690438747406006, 3457.497145275611
2.617605686187744, 3442.672589941478
2.714669704437256, 3272.542267278681
2.8122944831848145, 3200.149630512962
2.9096364974975586, 3141.7095048311385
2.958178997039795, 3095.586751286399
3.055231809616089, 3056.6113553883188
3.1037516593933105, 3033.200723745136
3.200766086578369, 3030.3578002914
3.249831199645996, 3015.584230438195
3.540947914123535, 3003.386063631202
3.637929916381836, 2988.4659631826908
3.880776882171631, 2926.841855931885
3.9293131828308105, 2892.863225449062
4.026380300521851, 2863.986527283203
4.074915409088135, 2853.450168051444
4.12363076210022, 2850.8430664384396
4.317657709121704, 2831.379982876475
4.366246938705444, 2828.2629595776853
4.414758205413818, 2773.8480249548084
4.5116636753082275, 2773.7403022987273
4.560145854949951, 2768.144586040038
4.657552719116211, 2718.0708238497537
4.754762411117554, 2715.7191546026625
4.803264856338501, 2704.05240489286
4.900343656539917, 2690.141186633664
5.337156295776367, 2689.6437301573096
5.628174543380737, 2686.1566692114757
5.676656723022461, 2675.360044338584
12.27851390838623, 2672.144180450381
T78
2.229489326477051, 3975.663422463047
2.3750803470611572, 3455.572467918315
2.4722208976745605, 3432.0294546044533
2.618100643157959, 3342.5919344100657
2.7153983116149902, 3273.2942437974452
2.764108180999756, 3221.9530279009814
3.0066545009613037, 3166.679511104692
3.0553572177886963, 3114.886719375456
3.103825092315674, 3103.8605257058953
3.2008039951324463, 3031.8874724319794
3.249272108078003, 2969.733258596545
3.2977590560913086, 2964.5245003583477
3.346367359161377, 2963.6648544930795
3.394911527633667, 2904.0050169354326
3.4434547424316406, 2877.7376154240847
3.492140054702759, 2863.354616366927
3.5407774448394775, 2836.4512641129368
3.5895731449127197, 2818.35076495507
3.638197898864746, 2811.2521501781957
3.7352662086486816, 2789.449975291511
3.7837932109832764, 2760.6153657735704
4.074844837188721, 2745.8796110882613
4.31783390045166, 2738.6710030307586
4.36640739440918, 2652.8036109496315
4.90139102935791, 2645.6632781354783
4.998391628265381, 2625.4721926157436
6.407392263412476, 2613.974533385841
13.932271003723145, 2612.616515097987
T79
2.229062795639038, 3552.634288358975
2.3261654376983643, 3441.6728421658736
2.4231882095336914, 3438.783169610735
2.4717133045196533, 3353.04486417969
2.5202829837799072, 3305.924695647798
2.5689897537231445, 3300.120172042407
2.6661863327026367, 2963.8162298140523
2.9091033935546875, 2958.9319059351874
3.054494857788086, 2896.4105228752414
3.248339891433716, 2873.700889747168
3.2968857288360596, 2822.1790055339006
3.393848419189453, 2722.728284216493
3.781769037246704, 2700.352336052605
4.218205213546753, 2699.2188689361683
4.363722324371338, 2679.117035506333
4.460671424865723, 2642.5024280433754
9.559053897857666, 2621.4867828261267