T0
2.624973773956299, 4133.968190332431
2.673508644104004, 4031.8123338244695
2.770540714263916, 3868.058631360611
2.86783766746521, 3665.1052174306606
3.01350474357605, 3590.0504703167608
3.0620851516723633, 3551.9573076848756
3.1109488010406494, 3441.205126143257
3.2081828117370605, 3427.284639922502
3.305450439453125, 3363.781501661346
3.840961217880249, 3312.498951480171
3.8896071910858154, 3271.3313623552676
4.13277530670166, 3239.4145930502127
4.27866792678833, 3032.240568260342
4.473121166229248, 3001.8538275164465
4.570314168930054, 3001.420210970282
4.6674089431762695, 2979.634842017411
4.7159833908081055, 2978.135283566342
4.8132429122924805, 2943.445951752212
4.910337686538696, 2916.5819140201274
4.958871841430664, 2916.3000086204847
5.007388591766357, 2908.9343056247235
5.055936098098755, 2881.7883624929964
5.1532087326049805, 2815.7089506513803
5.299059629440308, 2798.8889924926625
5.444664239883423, 2795.8713867676634
5.63872504234314, 2782.535122418325
5.7846763134002686, 2768.215516426084
6.319246530532837, 2766.1281529938715
6.416376113891602, 2748.4598635646034
6.5135815143585205, 2728.940142742562
6.562103509902954, 2714.889520650373
6.853519678115845, 2710.9266008544146
7.29084849357605, 2706.040489678344
7.485399961471558, 2695.029259863899
8.068989753723145, 2694.6307797166155
17.168821573257446, 2693.610749099891
21.37843680381775, 2693.341910976589
22.83896803855896, 2654.8125503467745
23.03334403038025, 2653.082820966796
T1
1.9401414394378662, 4207.945494303589
1.9887492656707764, 3475.352972736131
2.134826898574829, 3386.0951621971035
2.6218326091766357, 3295.2877521954942
2.767974615097046, 3270.2303487484896
2.816758394241333, 3085.5261810488882
2.865433692932129, 3048.94764319183
3.0112175941467285, 3030.9067993462086
3.0601003170013428, 2994.1840685330826
3.2549397945404053, 2976.143224687461
3.30364727973938, 2958.092120003508
3.35223650932312, 2837.5418753076956
3.44948410987854, 2820.8575928140635
3.498133659362793, 2814.9036286742557
3.5468101501464844, 2762.991212173365
3.887176275253296, 2758.0023622317167
4.130311012268066, 2744.513682318102
4.227477788925171, 2742.961715483987
4.616292238235474, 2742.7520691209647
5.783925771713257, 2735.4744811583514
6.85342812538147, 2724.0515608311616
20.994163990020752, 2713.3377164654667
28.780404806137085, 2703.254349323899
T2
2.1631269454956055, 3820.848594308627
2.3451175689697266, 3600.5806332308057
2.393913745880127, 3494.7704012536633
2.4426121711730957, 3479.643288361527
2.4912638664245605, 3413.628756469916
2.539998769760132, 3408.052195908538
2.5886549949645996, 3325.677494601041
2.6372604370117188, 3314.6692383241316
2.782979965209961, 3288.7432420372934
2.8801052570343018, 3254.3597482698897
2.9287214279174805, 3119.3118843220363
2.9773061275482178, 3117.0108340211373
3.0259010791778564, 3101.771306521834
3.0744309425354004, 3083.071633495718
3.122986078262329, 3052.773640216925
3.171534538269043, 2961.4105909284262
3.3171591758728027, 2931.7384060220647
3.3658268451690674, 2917.144300727421
3.414335250854492, 2904.023209607971
3.5116097927093506, 2875.4148335031205
3.560549020767212, 2864.237828822639
3.609112024307251, 2827.8944999292435
3.6577048301696777, 2763.8578128168083
3.706329345703125, 2758.6642404537415
3.900719404220581, 2734.8825386874814
3.94927978515625, 2716.32953659982
4.386087417602539, 2694.982609757273
4.677691698074341, 2690.9391903959113
11.047004222869873, 2632.238312016314
27.175415992736816, 2617.241166191132
T3
2.582853317260742, 3614.1691037862765
2.971815586090088, 3610.8045415147353
3.020423412322998, 3509.4157978175062
3.1663718223571777, 3336.17989555277
3.263516902923584, 3322.203864868512
3.360684633255005, 3248.008933987716
3.554811716079712, 3139.928126057741
3.7980103492736816, 3112.1757147461612
3.943652629852295, 3066.7698411546153
3.9922313690185547, 3064.4036580486427
4.089344263076782, 3026.0727108622377
4.235276460647583, 3023.5869722395146
4.283816814422607, 2998.3832571613457
4.623773574829102, 2826.977696452501
4.720972299575806, 2802.4998061657607
4.866740703582764, 2763.7522845626518
5.012401103973389, 2742.845331992052
5.40084171295166, 2685.7294545153272
5.6434972286224365, 2658.6209667834337
9.139885187149048, 2643.7203354127705
20.35791015625, 2636.817668236581
T4
1.8895800113677979, 3775.4707697225604
2.035123586654663, 3661.1141483471
2.132444381713867, 3645.7047623517647
2.181004762649536, 3645.1282952948677
2.2295775413513184, 3565.5327709021294
2.3752665519714355, 3417.014356914093
2.4238247871398926, 3354.389752539959
2.521056652069092, 3305.9908076338397
2.5696299076080322, 3142.389433992008
2.7640416622161865, 3141.9676424465797
2.8126060962677, 3037.1996050312227
2.861133098602295, 2990.0421803420177
2.909752607345581, 2945.560555559736
3.0552637577056885, 2930.9714741552016
3.201310873031616, 2903.4806593249086
3.298452854156494, 2894.8460492017985
3.395458221435547, 2871.4033014162706
3.4440248012542725, 2870.9593886294533
3.4925546646118164, 2851.8794600715046
3.6381943225860596, 2840.6843444555125
3.686697483062744, 2772.727442779811
3.783705472946167, 2768.6781758112775
3.832209825515747, 2712.7441904597727
5.483153581619263, 2695.8540689155125
6.065697193145752, 2695.6006825551667
6.114233493804932, 2691.4798281395997
6.3082263469696045, 2682.544179710916
8.158284664154053, 2625.9143906967947
8.497859716415405, 2614.494977968432
8.692550897598267, 2605.393919238246
T5
2.253326416015625, 3703.6421815135836
2.3018100261688232, 3564.3702338441435
2.4476497173309326, 3430.7050957305546
2.5448765754699707, 3360.9972021294016
2.8853707313537598, 3262.513184037649
3.0312705039978027, 3219.252656785342
3.0798542499542236, 3202.0812968941027
3.1284124851226807, 3168.6076481626005
3.274101495742798, 3123.0349963376575
3.371242046356201, 3068.6449825027303
3.4198644161224365, 3020.2123690083317
3.4684548377990723, 2906.404183772058
3.614084243774414, 2883.682815394357
3.662614107131958, 2863.5113879241035
3.759671926498413, 2832.4904354493265
3.8567090034484863, 2819.5986809049355
4.0507729053497314, 2805.2013606334585
4.099257707595825, 2799.1041627775558
4.34232234954834, 2795.2608471278218
4.3908586502075195, 2783.7157841239386
4.633790016174316, 2781.4138140267023
4.77952766418457, 2773.7118212673813
4.925294637680054, 2747.039091050676
5.022488355636597, 2737.630054748639
5.071029901504517, 2724.776772147183
5.119581699371338, 2703.2553317726124
5.556140661239624, 2701.015621700688
5.701807260513306, 2692.6462636996657
5.8474602699279785, 2679.673480033154
6.041839599609375, 2662.9070143460194
6.236031532287598, 2659.6957863091448
10.222152948379517, 2639.832184654304
T6
2.33888840675354, 3716.1366755247363
2.3874425888061523, 3445.4737628754083
2.4360337257385254, 3437.404643251488
2.6303791999816895, 3395.3684047210772
2.678952217102051, 3292.82584425839
2.7275989055633545, 3233.4848291610615
2.7761781215667725, 3199.3597215869013
2.9220030307769775, 3185.332912006699
3.0194180011749268, 3153.509414132015
3.068105936050415, 3139.482604551813
3.1168172359466553, 3131.4471494200625
3.1654348373413086, 3112.238426786338
3.2140510082244873, 3085.172108319646
3.311342716217041, 3070.587815214436
3.4572129249572754, 3057.5588581140473
3.505892038345337, 3005.808962101575
3.5545318126678467, 2941.7831217175044
3.6516835689544678, 2930.507769887394
3.700347661972046, 2911.809118604164
3.7490429878234863, 2893.956748258286
3.7976436614990234, 2859.0190186645123
3.9435582160949707, 2813.9118730500413
3.992269277572632, 2806.38419026052
4.13816237449646, 2773.6284047127992
4.381258010864258, 2767.5276060749893
4.575508117675781, 2733.3873205094133
4.867354869842529, 2717.398418630517
4.915964603424072, 2714.9831889642446
4.9646430015563965, 2698.9942870853483
5.5963356494903564, 2688.4584644954884
7.980093955993652, 2678.220957830199
8.75841474533081, 2670.189971550142
8.85555911064148, 2647.6786666500775
9.43919587135315, 2621.193418786599
9.63351845741272, 2594.422630485431
10.994925498962402, 2584.821096022839
11.237870931625366, 2557.806388920064
11.383513689041138, 2550.976023279647
T7
2.711308479309082, 3894.4828764252816
2.85695743560791, 3820.5823283704085
2.9056804180145264, 3588.8047331388225
3.0032854080200195, 3469.717191185133
3.1494476795196533, 3310.130966222554
3.6846351623535156, 3254.562379979063
3.8792459964752197, 3195.966626067471
3.9766688346862793, 3085.6243224881255
4.0252845287323, 2903.6876800878817
4.317814111709595, 2897.6661532342405
4.463685512542725, 2876.653122175572
4.512316703796387, 2863.271518702546
4.56092381477356, 2850.0120594307737
4.609480142593384, 2834.7892742634504
4.852322340011597, 2810.2787917722453
5.386790037155151, 2806.090495568511
6.991337776184082, 2804.724361578039
8.646102666854858, 2791.538332127937
8.840276718139648, 2773.5035396357707
8.888906002044678, 2743.3646466763676
9.034842491149902, 2707.1241437285353
9.1808443069458, 2706.0521083359345
21.520903825759888, 2705.681790931514
21.666780948638916, 2663.4515342401355
T8
2.6175501346588135, 3784.638499157314
2.8602209091186523, 3646.2244414687084
2.908904790878296, 3352.9163629544346
2.957470178604126, 3286.82084636284
3.1032333374023438, 3217.85475351911
3.4433507919311523, 3143.7724571754807
3.881174325942993, 3057.5436461570207
4.026890277862549, 3036.631446925334
4.075482606887817, 3009.7488389591963
4.221198320388794, 2983.2847680932464
4.31836724281311, 2931.0142536748317
4.512914419174194, 2911.8394614397257
4.56157660484314, 2852.2182325803296
4.659063100814819, 2844.599282837822
4.756559133529663, 2820.619736004446
4.902226448059082, 2807.187244424451
4.95082426071167, 2794.1090372633334
5.048105716705322, 2752.645072640589
5.194199085235596, 2728.825261399281
5.388463735580444, 2726.8796377735853
5.485775947570801, 2710.898880885936
5.972472906112671, 2699.3132821904437
6.409809827804565, 2672.164016324001
8.311195373535156, 2656.832355897983
10.402562856674194, 2638.832358887179
T9
3.2410576343536377, 3725.5731599255014
3.5807816982269287, 3393.588463554588
3.8724024295806885, 3334.3895280357538
3.9209938049316406, 3283.0433837581877
4.164502143859863, 3234.6431502183987
4.213042497634888, 3214.136774145474
4.406993865966797, 3163.714508743804
4.455527305603027, 3123.2284073600895
4.504110336303711, 3116.4389399022766
4.649580240249634, 3053.385112713404
4.698152542114258, 2944.0042506472746
4.940980911254883, 2864.1907307145084
5.086602687835693, 2859.8516998374253
5.135107517242432, 2820.1596431963044
5.474834442138672, 2797.3083486104224
5.571978807449341, 2790.545839291066
5.620518207550049, 2782.1233927166104
5.717586517333984, 2772.08848808951
5.814586400985718, 2704.897254046962
6.2035887241363525, 2698.41452833949
6.349671363830566, 2668.029446957553
6.398277759552002, 2667.537217801524
14.035018920898438, 2663.881124589825
14.230048894882202, 2658.3254308895193
T10
2.428178071975708, 4230.952776413382
2.476747751235962, 4097.693321293016
2.5739598274230957, 3949.9024118334564
2.622687816619873, 3609.527129624381
2.963397979736328, 3579.195505570031
3.157930374145508, 3433.539495005549
3.2551071643829346, 3430.421611888174
3.352512836456299, 3407.802913379179
3.4011807441711426, 3350.379495998088
3.498387575149536, 3126.1898491435422
3.546997308731079, 3070.0545554224227
3.5955777168273926, 3042.03456029106
3.741197347640991, 2954.2919360719898
3.838440179824829, 2906.1268385777294
3.8870441913604736, 2860.8933726663527
3.9842660427093506, 2837.617969009152
4.129894495010376, 2836.6076793368484
4.178491830825806, 2808.155001391853
4.227114200592041, 2804.9290513679443
4.275723695755005, 2771.551647595901
5.005171537399292, 2759.676602006257
5.248216390609741, 2752.254273385777
5.296850681304932, 2740.379227796133
5.442969560623169, 2731.5068257018065
5.491586446762085, 2711.182733297006
5.735158681869507, 2711.0345405492626
7.729449510574341, 2704.4479920023878
7.875195264816284, 2663.171540302428
8.361154794692993, 2654.2651603979903
8.409719228744507, 2638.1386143832424
9.04212760925293, 2637.753326328406
9.090715646743774, 2630.345152943686
9.674299955368042, 2615.162512701936
21.719560384750366, 2613.815362600806
21.81670832633972, 2607.1474782859877
21.865320205688477, 2593.2135206179228
T11
2.5644519329071045, 4036.1739901385736
2.758578300476074, 3839.7313695225166
2.8072097301483154, 3576.4978743714455
3.050173282623291, 3561.0054552984075
3.0988285541534424, 3554.036725698854
3.1474368572235107, 3516.119726202349
3.341798782348633, 3421.740561785118
3.5848495960235596, 3408.3625869325406
3.876394271850586, 3101.9064242941167
4.070574760437012, 3080.6537892233464
4.1191205978393555, 3060.629705688385
4.264651298522949, 3047.304840164201
4.410246133804321, 3040.222414508986
4.604726552963257, 3010.312142428287
4.70183539390564, 3009.993479157718
4.750411748886108, 2985.075149878059
4.799032926559448, 2943.380865094259
4.89621901512146, 2939.45211008154
4.993347644805908, 2929.5800167922207
5.041953086853027, 2911.2078473368165
5.187564373016357, 2900.3113079786053
5.236167907714844, 2893.2717346600402
5.284692049026489, 2889.9611083646596
5.333280324935913, 2875.2292676853467
5.43070912361145, 2871.504396095159
5.479283094406128, 2851.5404846534584
5.820490837097168, 2830.2881703177554
5.96633505821228, 2807.6360080802115
6.014917612075806, 2806.967505319568
6.063498497009277, 2788.425314025226
6.112078905105591, 2759.9999624412158
6.160665512084961, 2758.5252003744463
6.257800102233887, 2723.880496883685
6.4519171714782715, 2713.425088600641
6.840808153152466, 2676.007035900002
6.889374494552612, 2660.134294040705
7.229529619216919, 2648.910972378071
7.909998416900635, 2632.840292283843
9.614264249801636, 2627.3294427196597
9.662796258926392, 2625.7485805165634
13.001069784164429, 2619.6546837887145
13.098212480545044, 2600.385804338359
T12
2.2813661098480225, 3879.5601926514064
2.4756064414978027, 3755.886939820746
2.524228572845459, 3635.2126984201095
2.5727951526641846, 3340.517152466862
2.7184290885925293, 3313.431741701941
2.76702618598938, 3274.1912279579847
3.155829429626465, 3256.9642621576277
3.2530570030212402, 3102.291861805592
3.447492837905884, 3039.8306980099223
3.496091365814209, 3006.7803851686767
3.5446512699127197, 3002.424261459295
3.5932393074035645, 2951.1196155202488
3.64186954498291, 2922.704428013014
3.690426826477051, 2851.295254438657
3.9335474967956543, 2798.69728617918
3.9821224212646484, 2760.312693738466
4.079245090484619, 2760.3054203281354
4.176375150680542, 2759.6292907125535
4.225229501724243, 2757.13886776039
4.370962142944336, 2735.7073197817226
4.419525623321533, 2721.013305356646
5.100172281265259, 2675.4601075287137
5.488807916641235, 2673.2370555167654
9.378067255020142, 2667.1352488818593
9.475236415863037, 2655.869277046382
9.523782730102539, 2624.578106402354
T13
2.5684654712677, 4111.403280140999
2.860654592514038, 3611.126059727394
2.909301519393921, 3578.718231577004
3.006910562515259, 3514.0666136683067
3.2990639209747314, 3354.912152124918
3.493410110473633, 3288.9422129878585
3.5420074462890625, 3193.199622603868
3.785438299179077, 3178.0133779380994
3.882819890975952, 3054.2672685553553
3.980292797088623, 3023.30091913628
4.272819519042969, 2989.4621981700693
4.370016098022461, 2960.6067802293546
4.4186015129089355, 2904.2713942730043
4.710184812545776, 2897.105910074417
4.80776572227478, 2890.0145244290325
4.8563621044158936, 2859.737002278933
5.002035617828369, 2857.6113550392765
5.050599098205566, 2775.070574471174
5.147814750671387, 2768.7643563915844
5.244832515716553, 2757.1237678662
6.022441864013672, 2736.362110859096
6.119568824768066, 2722.490779439693
7.237464666366577, 2703.950656607143
10.202878713607788, 2687.438460692887
11.613328456878662, 2682.962031694369
11.66189956665039, 2681.5507609924753
11.759026050567627, 2672.2577461596666
17.216124057769775, 2658.9586991534234
18.431766748428345, 2658.364073376317
22.52111029624939, 2655.218343610133
22.91020917892456, 2647.483206541394
22.958807468414307, 2636.328125900276
23.0073664188385, 2628.2569982535933
25.926026582717896, 2611.3653679550625
T14
2.276538848876953, 3653.914257762437
2.567680597305298, 3439.043068557323
2.6164333820343018, 3345.428019481311
2.859466075897217, 3318.225481683141
2.9081010818481445, 3292.337577889266
3.1023857593536377, 3280.9175739884813
3.1510002613067627, 3167.056124882991
3.200450897216797, 3052.8394495685206
3.3946423530578613, 3039.7338740244886
3.540443181991577, 3011.824338668812
3.5890066623687744, 2994.6155495089333
3.686295986175537, 2985.42824151511
3.7835519313812256, 2961.821421055254
3.8321151733398438, 2916.8520728615404
3.9292430877685547, 2849.5857812197355
4.026434659957886, 2832.8466809543243
4.1719770431518555, 2807.1600409670427
4.2692344188690186, 2783.817438021848
4.3182268142700195, 2768.5478070809186
4.415392875671387, 2762.5587234253035
4.5126633644104, 2707.065551103675
4.561199903488159, 2660.15568830369
4.950131177902222, 2648.9134615131843
5.095751523971558, 2645.5820929731417
5.193100452423096, 2642.771118528719
5.241670846939087, 2631.117554436176
5.2905967235565186, 2628.9337476824076
6.838596820831299, 2594.8154316389337
8.784944534301758, 2592.960402141849
8.93044400215149, 2592.105305441386
14.473064661026001, 2585.053605921348
T15
2.3288164138793945, 4093.771630059702
2.377498149871826, 3935.145857634474
2.4261226654052734, 3802.139027684898
2.4747424125671387, 3611.339173607739
2.620532512664795, 3442.183372790918
3.399200916290283, 3053.56582134388
3.739680767059326, 2977.4753892490553
3.788442373275757, 2953.1935386001715
3.8855984210968018, 2922.8009029765453
3.9829254150390625, 2921.377783058946
4.080292224884033, 2898.519052327654
4.128924131393433, 2867.477876101788
4.274758338928223, 2818.892761485695
4.420790910720825, 2818.5155476508226
4.518254518508911, 2792.616892953505
4.566860198974609, 2763.956035279174
4.615499258041382, 2745.7977028711466
4.858694791793823, 2715.4489538722337
5.053850889205933, 2684.5655668705076
5.151108264923096, 2642.5227558380866
5.782971143722534, 2620.9142876814076
6.853740692138672, 2602.0879456468465
7.437160968780518, 2598.5652038218977
7.777559757232666, 2595.444240993864
7.971829414367676, 2557.180617271668
T16
2.518016815185547, 3771.090388287026
2.5665323734283447, 3703.7368344247516
2.6150996685028076, 3701.0532569969946
2.664045572280884, 3631.7594514799566
2.7614259719848633, 3518.0347619008753
2.810028314590454, 3489.1337812376005
3.101681709289551, 3380.562119558279
3.150329351425171, 3309.240848249443
3.2475767135620117, 3235.570342414947
3.2961580753326416, 3226.6420906636195
3.3935904502868652, 3185.3920747091834
3.4421911239624023, 3153.8704253323012
3.4907498359680176, 3086.0083914780625
3.539278507232666, 3052.5515200025548
3.5878591537475586, 2919.4524034917413
3.636460304260254, 2904.965061882118
3.78237247467041, 2883.017969930326
3.8309876918792725, 2875.6303080948346
3.879579544067383, 2827.792712721399
4.609564304351807, 2808.527928917363
4.658201456069946, 2805.991753560069
4.706883907318115, 2778.8973895012314
4.998203992843628, 2777.4960402830256
5.143928050994873, 2737.9654746795786
5.484081029891968, 2728.2820194214
14.683116674423218, 2701.293099143142
14.78033995628357, 2668.5949829883466
T17
2.9554519653320312, 4304.345639107953
3.1508145332336426, 4243.169092952638
3.199449062347412, 4096.9897823120555
3.248154878616333, 3581.3135705218956
3.345538854598999, 3552.3632175212188
3.4428353309631348, 3524.742869613656
4.3672707080841064, 3458.567105781549
4.7081756591796875, 3288.7908559373755
4.805789470672607, 3108.572300106134
5.145907878875732, 3066.37019247876
5.3401710987091064, 3051.5995477004035
5.388752460479736, 3028.6814758052933
5.437376022338867, 2964.13272730726
5.631793260574341, 2956.375211446735
5.923620939254761, 2865.4576615444603
6.3123369216918945, 2843.9668135826214
6.506649732589722, 2832.832064734277
6.555240631103516, 2802.548736650795
6.603839159011841, 2771.3056493138647
6.652436017990112, 2749.777208067848
6.847012519836426, 2724.3813948976313
7.689361095428467, 2711.1626919271075
8.37038278579712, 2679.1828939465922
T18
2.663482189178467, 3554.671481331243
2.8575847148895264, 3446.3074342048785
3.0038702487945557, 3369.3461367958953
3.149627447128296, 3281.2537653513646
3.344550371170044, 3220.928221088543
3.3930978775024414, 3156.467086907418
3.5873241424560547, 3123.993272056927
3.6845080852508545, 3091.846495361009
4.073612689971924, 2952.6993739391764
4.316917657852173, 2940.1813586186763
4.365566730499268, 2907.2108307227245
4.462786674499512, 2894.0125591646647
4.511377811431885, 2841.3679430444463
4.803045749664307, 2816.451029854623
4.851621150970459, 2779.4617826361064
4.900286674499512, 2750.824958380661
5.143350601196289, 2712.49773073494
5.630584716796875, 2682.1842982605085
16.670093774795532, 2679.3432012264966
T19
2.7059786319732666, 4365.323667213917
2.8030922412872314, 4102.7665376386285
2.851673126220703, 3725.7199883160065
2.948873519897461, 3661.1206204120244
2.9975080490112305, 3426.701632091099
3.726839065551758, 3335.6375001893393
3.824101209640503, 3229.4934592033387
3.9699490070343018, 3160.687858931189
4.018619537353516, 3103.927849867214
4.067250490188599, 3085.555672688177
4.309941053390503, 3031.6573543655904
4.358474254608154, 3009.859325713769
4.552575588226318, 2911.3506490290238
4.601139068603516, 2814.688962400651
4.74668025970459, 2790.101463823419
4.989369630813599, 2768.1197598692743
5.086364030838013, 2701.6797545145164
5.231949090957642, 2684.0926220456095
5.863185882568359, 2682.700622534132
5.960391044616699, 2676.006116946497
6.494504690170288, 2628.760210805005
6.543063163757324, 2621.226145490873
6.640018701553345, 2604.783142326829
16.16923427581787, 2572.43164649509
T20
2.543484926223755, 3954.4994527426607
2.6891655921936035, 3303.664876388626
3.1265299320220947, 3224.4423794029717
3.709381580352783, 3199.0746885501794
3.757925510406494, 3195.031390921511
3.806447744369507, 3115.9079319671728
3.903489828109741, 3095.047384913465
3.9519758224487305, 3053.71059857995
4.097649574279785, 3010.7199602910114
4.1461708545684814, 2968.5198072783096
4.243186950683594, 2944.328029505443
4.340235471725464, 2913.9023824519827
4.388811826705933, 2895.9003205394692
4.437358617782593, 2892.6969822032843
4.485899925231934, 2881.134812849945
4.679914236068726, 2862.0319092983045
4.728551864624023, 2856.558539765072
4.7770912647247314, 2805.2230940739246
4.8256449699401855, 2803.1699999804623
5.068608283996582, 2799.8023718227123
5.117104768753052, 2782.0157457278183
5.311120510101318, 2754.3592285405684
5.456553936004639, 2751.7905843919943
5.6036152839660645, 2737.8943107459345
5.652354001998901, 2712.2912350132538
5.701033592224121, 2695.82631721862
5.749527215957642, 2685.5450259284626
5.943560361862183, 2637.8548453616604
6.429487943649292, 2629.5673261620686
T21
2.228522539138794, 3805.3203547206504
2.2771100997924805, 3680.340755952595
2.325659990310669, 3492.7935114729626
2.3743019104003906, 3486.0332780268945
2.4230105876922607, 3373.9789678860543
2.5202291011810303, 3267.657185930555
2.568739175796509, 3180.035266182924
2.6658849716186523, 3042.466484107281
3.151327133178711, 3009.1132107296
3.393977642059326, 2980.2418791736345
3.4424924850463867, 2941.165706964268
3.5880777835845947, 2940.3965850632303
3.636746644973755, 2922.706816234466
3.7339065074920654, 2906.2027776108225
3.8310039043426514, 2882.345927268245
3.9279654026031494, 2870.882532611082
4.025087833404541, 2864.917278243738
4.073712110519409, 2831.2581888379573
4.1222312450408936, 2821.239874231971
4.219252347946167, 2816.7133417577425
4.26798152923584, 2785.542419923142
4.3165833950042725, 2767.894646592169
4.365151405334473, 2749.0005691484766
4.413752555847168, 2731.3527958175036
4.65666651725769, 2730.0599216772534
4.753668546676636, 2717.1137074426733
4.851093053817749, 2716.452744163842
6.890597343444824, 2692.8302775175544
T22
2.6986093521118164, 3708.7015022622436
2.7471261024475098, 3637.8684454688046
2.892777681350708, 3561.3817587280573
2.9413726329803467, 3539.379233473017
2.989959478378296, 3453.3390048030415
3.0870912075042725, 3388.644050276038
3.1841721534729004, 3350.879435125622
3.2813327312469482, 3179.2344791798605
3.475785732269287, 3172.277891275233
3.5243847370147705, 3114.486247816254
3.6216976642608643, 3107.5296599116264
3.7188568115234375, 2982.0610328112452
3.8159162998199463, 2976.080013434148
4.010016679763794, 2965.32594172885
4.0586488246917725, 2926.3277822550153
4.155795335769653, 2850.779831085478
4.2043681144714355, 2807.523044753034
4.5440661907196045, 2774.0890680096636
4.592674255371094, 2720.0378159979737
4.641366481781006, 2707.383572323357
4.835577964782715, 2660.2591290853015
5.224212884902954, 2659.059497669965
T23
1.8897991180419922, 4131.182301803594
2.084078073501587, 3794.860151854962
2.132692337036133, 3597.1600885775842
2.1812901496887207, 3564.528320281206
2.4728400707244873, 3506.3829312216476
2.570256233215332, 3375.0287999816646
2.813055992126465, 3353.4993419269304
2.8617103099823, 3331.970511744221
2.9590814113616943, 3278.9907807220443
3.0076630115509033, 3172.8460125595084
3.0562705993652344, 3172.778057478259
3.1048576831817627, 3164.405406625403
3.153397560119629, 3120.331786949333
3.201936721801758, 3097.6865340395307
3.2990193367004395, 3030.861794965509
3.396092176437378, 3009.496977707495
3.5417611598968506, 2986.5054468465023
3.590345859527588, 2980.232133739759
3.7361724376678467, 2938.224563985823
3.784736394882202, 2938.175363225375
3.8332912921905518, 2854.834394707672
3.8818581104278564, 2832.1068677307267
4.027616024017334, 2827.345517674803
4.076186895370483, 2822.179506703622
4.221784591674805, 2789.5886588865033
4.270338773727417, 2748.7470444271385
4.464451551437378, 2729.329974133354
4.901578187942505, 2711.705562380994
5.1452317237854, 2680.786220875845
5.922223329544067, 2650.705855784843
14.94243860244751, 2642.6642394753144
T24
2.3488242626190186, 4057.1025579417546
2.4458870887756348, 3850.0789201694497
2.4944519996643066, 3756.135088760464
2.591701030731201, 3529.336521846468
2.7379257678985596, 3526.710759967762
3.1261749267578125, 3374.8679755482735
3.465855598449707, 3212.1956611446585
3.5143959522247314, 3190.5687930474014
3.611675500869751, 3121.571598813469
3.660236120223999, 3065.562467392556
3.708791971206665, 3038.647278607481
3.7573108673095703, 3024.8664424335875
3.805847406387329, 3011.156768622015
3.9030873775482178, 2983.9474356294813
4.000344514846802, 2946.678325637542
4.097432851791382, 2932.0548309297665
4.1459641456604, 2931.831637414063
4.194642066955566, 2919.5000137854004
4.2431135177612305, 2891.2593466852704
4.340389251708984, 2889.824360676539
5.068954944610596, 2889.4435076014997
5.651470899581909, 2865.3287474184544
5.845451354980469, 2847.8523021568835
6.039480686187744, 2820.6997723511813
6.282062768936157, 2799.2175484078325
6.42802619934082, 2784.763051975133
6.767913341522217, 2767.2314433821084
6.86511754989624, 2764.2509630411078
7.1078715324401855, 2743.8589721721073
8.570214748382568, 2730.0181032369
9.444932222366333, 2714.541600464625
11.146657943725586, 2705.7855444392335
11.243786573410034, 2671.0112602015943
11.340875148773193, 2654.30714089088
18.98660922050476, 2652.3606879778745
19.229358673095703, 2648.106101555335
19.27783465385437, 2631.158107038711
19.32641911506653, 2630.4292655649406
19.37499761581421, 2627.1367757242115
19.861393928527832, 2622.8161783118267
20.007080793380737, 2585.7238950691535
20.104174613952637, 2583.737819762726
T25
1.8933110237121582, 3887.9528045763
2.039203405380249, 3598.240417444773
2.185128688812256, 3584.409922196559
2.2822299003601074, 3490.4130142624344
2.33078932762146, 3450.2659026115944
2.476748466491699, 3263.418147054974
2.6721203327178955, 3174.815222582183
3.10986328125, 3122.6442315135355
3.158508777618408, 3072.8147729532866
3.450320243835449, 3051.7375058134203
3.4989407062530518, 2987.835385255057
3.5477426052093506, 2984.728572261105
3.5964834690093994, 2975.5411836470375
3.6452605724334717, 2896.9867665336715
4.2294533252716064, 2882.7550238148397
4.32694935798645, 2876.6784775268025
4.375742673873901, 2866.299766878168
4.473125219345093, 2807.3619791998863
4.522209882736206, 2733.92469283253
4.668706655502319, 2732.903798156076
4.815176010131836, 2714.8228613285028
4.863836765289307, 2699.4679852246627
19.932318449020386, 2686.0544606643307
T26
2.8664586544036865, 3893.8119247443174
3.012315034866333, 3670.9409498737878
3.1097729206085205, 3603.539248296125
3.1584181785583496, 3411.262519222866
3.20700740814209, 3340.544012667895
3.7899577617645264, 3261.296618250948
4.0330421924591064, 3197.2283797112323
4.324650287628174, 3183.8858774693363
4.56775975227356, 3076.9190267321683
4.616388320922852, 3048.649641458258
4.713678598403931, 3007.380853529852
4.8110339641571045, 2931.080441180886
5.151659727096558, 2879.997980941116
5.346074819564819, 2844.2128876884744
5.443172216415405, 2803.2622317401547
5.491718530654907, 2793.3428453787637
5.588909864425659, 2791.4850252334654
5.686113595962524, 2738.295648189749
6.0745322704315186, 2725.4401194097663
6.171822786331177, 2710.9279698160826
6.22062349319458, 2700.8954798836203
7.63179087638855, 2692.45349025842
7.68050479888916, 2681.486145867624
7.72929835319519, 2660.7092319579824
T27
2.811049222946167, 3804.2238388623227
2.956732749938965, 3668.0636695696885
3.0540356636047363, 3612.66118943943
3.1027302742004395, 3594.4992424931916
3.200096368789673, 3564.925785703461
3.248847007751465, 3538.39010441312
3.297495126724243, 3518.5887029139994
3.34613299369812, 3432.595525520781
3.6382904052734375, 3366.8494806687086
3.686947822570801, 3259.2524661977222
3.9785068035125732, 3201.722082573411
4.0271875858306885, 3061.6163818554123
4.075847387313843, 2921.1722039905508
4.173013210296631, 2892.5159773504492
5.1934731006622314, 2870.3517846406103
5.339223623275757, 2863.5997342503833
5.970865488052368, 2851.7315798628842
7.61435079574585, 2845.2440542703334
8.051604270935059, 2807.9710717783164
8.537896871566772, 2791.7931653666456
16.133825063705444, 2780.3267195149383
17.787680864334106, 2719.791214583878
T28
1.8531107902526855, 3623.8710773735
1.9016907215118408, 3440.3987337081417
1.9990713596343994, 3416.4906060129942
2.1930809020996094, 3395.6261744159783
2.2903788089752197, 3382.0340966330477
2.3875505924224854, 3381.0568011457653
2.484713077545166, 3243.537489376773
2.5332510471343994, 3225.0294540930117
2.581782579421997, 3155.7086596032605
2.6304216384887695, 3131.8963255010094
2.776201009750366, 3118.326042951783
2.82479190826416, 3110.129346785281
2.8733510971069336, 3068.732904018936
2.9219579696655273, 3016.9492557633057
3.0676002502441406, 2986.330123704254
3.1162331104278564, 2974.7247936041313
3.1648685932159424, 2965.426310714596
3.213391065597534, 2919.357121449386
3.3104593753814697, 2891.1294252859516
3.4076778888702393, 2879.806349248749
3.4562435150146484, 2846.759568198955
3.5047407150268555, 2770.8177228023924
3.5532782077789307, 2769.8957028396107
3.6990625858306885, 2744.228134897392
3.7963192462921143, 2734.127788735881
4.135973930358887, 2710.2628351573876
4.233007192611694, 2701.3229403998193
4.767255067825317, 2697.9761722276235
4.961638689041138, 2684.267526576048
8.55798888206482, 2682.6939808975585
T29
1.9868714809417725, 3685.629316858358
2.18062686920166, 3601.3593425412837
2.229182004928589, 3532.2111811457507
2.326308488845825, 3519.9771530536673
2.3749494552612305, 3457.5412363076975
2.4235830307006836, 3430.5141552311834
2.472135305404663, 3274.89655849502
2.666240692138672, 3215.249627284822
2.8120229244232178, 3168.208740453636
2.9575982093811035, 3067.3723223353954
3.0061771869659424, 3057.796596902648
3.1035900115966797, 3003.2338956161693
3.1523029804229736, 2996.493270186671
3.200929880142212, 2985.3712344141313
3.298046588897705, 2907.559613499594
3.3466227054595947, 2894.0873029977956
3.395242929458618, 2866.5120136393234
3.4438602924346924, 2862.309317242856
3.492428779602051, 2859.863432898208
3.541034460067749, 2857.53717078887
3.589627742767334, 2823.6957095219113
3.6382360458374023, 2821.369447412566
3.686786413192749, 2763.8148450446897
3.735448122024536, 2719.012477265176
3.7840163707733154, 2691.4118590088547
3.8325891494750977, 2665.295967571561
4.269668817520142, 2663.338887288446
4.318340539932251, 2642.0853301365714
4.366905689239502, 2632.7188293262225
4.415552854537964, 2614.016822901707
5.620416641235352, 2559.204768663396
T30
2.179027557373047, 4035.3748485846445
2.276123285293579, 4004.732083123461
2.3730790615081787, 3935.210190234844
2.4217426776885986, 3465.6167502212556
2.859792709350586, 3363.4609242418082
2.9084136486053467, 3356.9561146355773
2.9570469856262207, 3287.5621749154525
3.0056424140930176, 3270.777153879644
3.2000038623809814, 3187.1196041038056
3.2486684322357178, 3152.4734614758127
3.2972350120544434, 3098.1893256655603
3.345775604248047, 2952.8971171570884
3.5401692390441895, 2923.683688347992
3.637479066848755, 2890.7244596429373
3.7831356525421143, 2865.7506403402294
3.831632614135742, 2812.462699933356
3.928765296936035, 2761.646060652347
4.0259175300598145, 2736.8321853098314
6.843399524688721, 2733.016395812927
19.19533085823059, 2731.1131683643616
19.584027767181396, 2727.8518639374233
21.964383363723755, 2716.1252034036806
T31
2.8104023933410645, 3417.235683702427
3.052966356277466, 3391.0966144979902
3.1500420570373535, 3366.1594214013385
3.2471985816955566, 3268.1090313459354
3.344325065612793, 3243.1718382492836
3.392896890640259, 3085.791616384915
3.441448926925659, 3063.9790251044033
3.538700580596924, 3032.5193292337935
3.587297201156616, 3006.0634571185947
3.7816989421844482, 2996.5587849730073
3.878929615020752, 2987.5579486248826
4.025003910064697, 2986.353307497571
4.170519590377808, 2978.5317573884167
4.4617674350738525, 2947.8831620667406
4.753037691116333, 2917.2888496692176
4.850239992141724, 2880.712542776717
4.898831367492676, 2846.9455103104556
5.613049268722534, 2832.700763556466
5.661610126495361, 2829.803675642026
5.710255146026611, 2822.3584871874336
6.197106122970581, 2821.272242293562
6.732117176055908, 2749.6080444039835
7.072067975997925, 2706.174343735649
7.217916488647461, 2682.9065687808834
7.266509294509888, 2647.8902237717193
7.9956841468811035, 2628.3981678627024
8.093152046203613, 2618.663413151422
8.58003854751587, 2611.6216958102523
8.677129745483398, 2593.774478823587
8.725738525390625, 2535.6081642715217
13.6359121799469, 2503.9599060802357
T32
2.613175392150879, 3936.2731560413304
2.8074562549591064, 3609.5063017374123
2.904660701751709, 3484.2537094184663
3.050581693649292, 3397.7751732088873
3.0992023944854736, 3375.45323787869
3.147782325744629, 3282.576548215766
3.439859390258789, 3051.2538567314186
3.683015823364258, 3033.032747737656
3.780169725418091, 2956.9200400838745
3.9258615970611572, 2904.2196560789744
4.022887945175171, 2859.561167593638
4.1199705600738525, 2749.378594941969
4.362486839294434, 2743.4261633979913
4.896507024765015, 2727.2782565534726
5.090638875961304, 2696.6699823907693
5.333632707595825, 2693.659322327192
6.402670383453369, 2684.499150249474
6.499913454055786, 2669.603595601635
6.64542555809021, 2660.4385896467356
10.143378496170044, 2655.134635234026
T33
2.850369453430176, 3968.684369587405
2.898958683013916, 3830.3667787857557
2.9961864948272705, 3806.4359138042637
3.0448479652404785, 3679.0944878746814
3.142082691192627, 3645.030673181245
3.190664529800415, 3549.7962626037406
3.2878992557525635, 3492.9408271968205
3.871171712875366, 3404.8029510850392
4.016962766647339, 3060.6131491891065
4.454364061355591, 3034.980413815334
4.551535129547119, 2991.3314062583886
4.600123405456543, 2974.0828583324546
4.648732662200928, 2926.440907527278
4.697458982467651, 2892.2459690953183
4.794642210006714, 2876.063104979963
4.8917858600616455, 2860.177262365716
4.988990783691406, 2841.472875048552
5.086050271987915, 2827.1789776482838
5.183163404464722, 2822.6752911409785
5.280208349227905, 2792.8731931450384
5.377253293991089, 2763.220565765543
5.425776481628418, 2739.1340244812527
5.474414825439453, 2726.500044869288
5.5229620933532715, 2706.5988281144528
5.620141506195068, 2703.431657639798
5.765761613845825, 2683.5184795209716
5.814350366592407, 2653.187385745936
5.862853050231934, 2633.2742076271024
6.154329538345337, 2598.3606288861047
6.446094274520874, 2590.608432214234
6.543149709701538, 2586.41411060658
6.737622499465942, 2578.8102336159936
6.786282777786255, 2576.3041153282975
6.931963205337524, 2552.3392795049294
7.126260280609131, 2539.8201655953744
T34
2.809051513671875, 3652.234871796987
2.954472064971924, 3565.315703363027
3.0515224933624268, 3491.0232221883343
3.100114345550537, 3302.4091703884114
3.7796833515167236, 3125.8171998172475
3.9741384983062744, 3076.346270720307
4.023075342178345, 3038.0203455718947
4.120339632034302, 3006.004249208985
4.1689348220825195, 2952.820364925996
4.314683437347412, 2915.274548128087
4.363255977630615, 2875.754427478103
4.702978134155273, 2854.9438162504666
4.751477479934692, 2805.8643771141215
4.897099018096924, 2801.0478357248066
4.945682764053345, 2791.150348838615
5.042858839035034, 2785.094193693112
5.285745143890381, 2756.5183806372006
5.528609991073608, 2730.8262833852714
5.5772178173065186, 2707.250765377372
5.625741004943848, 2681.0542668058115
6.013946533203125, 2666.6061896051106
6.111130714416504, 2660.060062319506
6.159703731536865, 2654.4695187807156
6.20825719833374, 2642.7879880116234
T35
2.3733229637145996, 3573.2873118099014
2.664975166320801, 3541.3768507896675
2.713815689086914, 3500.114040880442
2.8597772121429443, 3445.025692417301
2.9570343494415283, 3327.9783187010325
3.201613187789917, 3297.1938983312866
3.542473316192627, 3107.9081747550663
3.6882715225219727, 3105.2394340213577
3.736902952194214, 3068.2624171612915
3.7854416370391846, 3027.743261980293
3.88271427154541, 2992.0354696666764
3.9798521995544434, 2970.4439819123218
4.028575420379639, 2929.7375011727563
4.125646114349365, 2915.3786238019384
4.174251556396484, 2887.1289460262997
4.2713942527771, 2872.7700686554817
4.320016860961914, 2849.440157195444
4.368630886077881, 2835.081279824626
4.514317989349365, 2811.959453057236
4.611478805541992, 2788.503126251715
4.660083055496216, 2784.685643901008
4.95163631439209, 2755.5486347608967
5.00018835067749, 2726.2308375150096
5.048748016357422, 2721.779593577041
5.3890180587768555, 2699.0553623441665
5.729626178741455, 2697.202411257007
6.864748001098633, 2685.8799351112684
7.059300184249878, 2670.28707588806
7.1565515995025635, 2637.442019466929
T36
2.083609104156494, 3809.7341279436732
2.2291152477264404, 3774.4855328116173
2.3263275623321533, 3641.292121149818
2.423530101776123, 3579.0958943611186
2.472121000289917, 3503.027525361613
2.5693423748016357, 3468.2841108628927
2.7154617309570312, 3433.994555424084
2.764141321182251, 3426.934538897447
2.861494779586792, 3400.1636317075463
3.0073883533477783, 3294.183536067765
3.056110382080078, 3128.7486267399
3.201982021331787, 3107.2914253444615
3.2992851734161377, 3080.8502161838405
3.3479695320129395, 3007.0676629368318
3.445199489593506, 2900.186862550916
3.4938607215881348, 2898.678403149155
3.542491912841797, 2825.163906163718
3.834468364715576, 2819.0731281773915
3.9804418087005615, 2809.354930143192
4.029132127761841, 2802.3414717488413
4.077713966369629, 2736.097626346287
4.369463920593262, 2734.1800272689507
4.4666664600372314, 2702.483051377494
4.855667591094971, 2669.859405509167
T37
1.988121747970581, 4169.455420208666
2.133958101272583, 3812.2836915012304
2.182654857635498, 3753.2044156851407
2.2313151359558105, 3692.127991277477
2.3285539150238037, 3620.1816869637914
2.4746360778808594, 3583.0799789044904
2.5718653202056885, 3487.5729235522667
2.669135093688965, 3486.4415083504573
2.863604784011841, 3486.19982096069
3.0580945014953613, 3185.9739929670613
3.3981564044952393, 2990.9641590456667
3.592622756958008, 2976.043745326868
3.6412339210510254, 2941.656402350047
3.689962863922119, 2913.2254988882196
3.787336826324463, 2898.4515067784305
3.884894371032715, 2892.786165315687
3.9821085929870605, 2837.625449718158
4.0795135498046875, 2827.975807435854
4.128140926361084, 2724.512992186261
4.1768481731414795, 2724.1295549796705
4.419751882553101, 2684.812326669795
4.662777900695801, 2671.1851650075914
4.71133828163147, 2647.1882795678393
4.857016324996948, 2636.32959967418
5.294325351715088, 2634.0076384714557
5.343090772628784, 2622.269299906213
6.16952657699585, 2609.380976899847
6.218106508255005, 2602.5704762064124
12.878367185592651, 2579.952360849915
13.023890018463135, 2523.1298300160124
T38
2.616299867630005, 3631.702730180783
2.6649270057678223, 3467.4691114153393
2.8595213890075684, 3436.0398756240393
2.9081480503082275, 3408.5928007522816
3.005409002304077, 3321.133487803454
3.2000536918640137, 3201.7326121554506
3.491816520690918, 3197.8288040255866
3.6861073970794678, 3197.2807654721837
3.9294381141662598, 3106.7668482638255
3.978255033493042, 3016.0626521081576
4.075520038604736, 2910.3555932052404
4.221513509750366, 2873.284672085887
4.318763494491577, 2827.3890976824623
4.658692121505737, 2825.0057558087938
4.707395315170288, 2797.9984326964695
4.8044984340667725, 2783.0625455912814
4.853037595748901, 2778.495700334126
4.950407266616821, 2742.5247054993524
6.070351839065552, 2742.057805734221
6.751323461532593, 2719.2228286008976
6.799945116043091, 2707.9210673718335
19.120466947555542, 2701.999578829331
23.492727756500244, 2694.3396234571483
23.832885026931763, 2670.562683291515
T39
2.2898454666137695, 3853.7416834815886
2.484410285949707, 3790.615055215494
2.5330634117126465, 3746.9516748754177
2.581685781478882, 3691.086249144493
2.630255699157715, 3688.2689172539394
2.678886651992798, 3476.583525293572
3.067627191543579, 3070.343459678814
3.213428497314453, 2969.319184119544
3.310718059539795, 2967.1202432521677
3.4080207347869873, 2925.541464945927
3.505321741104126, 2923.9440074857994
3.748199939727783, 2912.6665026706833
3.796844244003296, 2894.0847699700244
4.088625192642212, 2853.9398039318767
4.3313703536987305, 2844.0227275077123
4.380066633224487, 2828.3273392444753
5.548442602157593, 2813.351563135984
5.694327354431152, 2796.234188990471
5.742891311645508, 2713.4482395736777
5.888578176498413, 2707.033473698837
6.132156133651733, 2704.1397018193456
6.5213823318481445, 2695.9835281658306
6.764183044433594, 2687.7638357393444
7.542134523391724, 2679.0214404626386