T0
2.6711320877075195, 3664.3024261429964
2.8653697967529297, 3533.240033805785
2.913942813873291, 3500.200098754198
3.01115345954895, 3409.1847547954167
3.2544877529144287, 3379.21101382887
3.4969959259033203, 3283.3246002148953
3.6425325870513916, 3283.1806419453787
3.691087007522583, 3121.1921480080273
3.739546298980713, 3069.85660922066
3.788090705871582, 3031.3031615071886
3.885207414627075, 2897.4525346097
3.9822652339935303, 2868.4713100028894
4.1764421463012695, 2854.650891325371
4.225029706954956, 2818.0511210333643
4.419716835021973, 2777.402393268516
4.516744136810303, 2765.327898829564
4.710952520370483, 2666.1928515113614
5.148418664932251, 2655.637651607929
5.439938545227051, 2645.4513034592346
5.925029039382935, 2642.2156080933237
6.313180446624756, 2607.2250354988646
9.229358196258545, 2605.7302961204405
12.678300857543945, 2604.2297147475183
12.82420563697815, 2584.7851022217073
12.872802257537842, 2572.8244378943164
T1
2.8960189819335938, 4301.409818339031
3.186797618865967, 3889.0159511442253
3.283759593963623, 3814.575874678063
3.3322763442993164, 3751.5148137998476
3.3809564113616943, 3724.212176439949
3.47794508934021, 3608.1475059560325
3.5265746116638184, 3396.2724180854348
4.254987955093384, 3353.3682872675417
4.352252960205078, 3075.926125161335
4.4008941650390625, 2984.780683994133
4.594878911972046, 2968.6442135807956
4.691845893859863, 2916.729170807841
4.7888805866241455, 2912.6551804845367
4.885988473892212, 2853.086974880149
5.031501054763794, 2830.0005053014975
5.128747224807739, 2729.7321159136372
5.177551507949829, 2678.7714323710825
5.371408700942993, 2665.670397788668
6.536649465560913, 2648.348039482855
6.828030109405518, 2641.105361917693
6.876599550247192, 2631.9450236512166
T2
2.227881908416748, 3916.183741506349
2.276414394378662, 3725.125610799383
2.3249151706695557, 3672.9658863710793
2.3734986782073975, 3470.9802323786207
2.4706485271453857, 3314.680074969372
2.616152048110962, 3247.5232298339615
2.761549234390259, 3234.976325301657
2.8585102558135986, 3213.9025925399546
2.9554812908172607, 3152.586341777911
3.0525715351104736, 3114.9290840025133
3.1499903202056885, 3074.674207048767
3.1985180377960205, 3074.370938990942
3.2470550537109375, 3069.5844846201144
3.2955782413482666, 3047.1801060227226
3.3442111015319824, 3045.015320563769
3.3931660652160645, 3022.610941966377
3.441641330718994, 3010.849498761214
3.5386486053466797, 2973.807834255509
3.6359174251556396, 2910.3129286779513
3.879190683364868, 2892.0642278104933
3.9277772903442383, 2871.8159919422833
4.02470588684082, 2870.602252221237
4.267842531204224, 2862.65524799766
4.364896059036255, 2848.4720150354697
5.53002142906189, 2839.9572558825093
5.675674915313721, 2839.706978342947
6.40300726890564, 2838.642612730051
6.500075817108154, 2821.456713841995
6.548584938049316, 2797.297091395012
8.054163932800293, 2766.4629991642178
T3
2.8668599128723145, 3976.059243987067
2.915524482727051, 3909.591955630647
3.1589181423187256, 3824.7037498603313
3.2075181007385254, 3684.574410895999
3.3046445846557617, 3623.748969364955
3.4018447399139404, 3616.412501859857
3.4991354942321777, 3497.2779341477
3.8395886421203613, 3108.9534656774995
3.9858832359313965, 3033.2797540128377
4.13176417350769, 3019.056379847454
4.180419445037842, 2994.317334165775
4.277663230895996, 2957.211889163591
4.3752171993255615, 2940.7964255794723
4.423875093460083, 2888.0370101849694
4.569775581359863, 2807.724629122371
4.715508937835693, 2804.835891310533
4.958373308181763, 2794.585603939122
5.006955146789551, 2792.4771235776425
5.055545091629028, 2768.295509355179
5.687000513076782, 2763.378295868166
5.735672235488892, 2746.7153837294863
5.784269571304321, 2694.5809706171713
5.832916259765625, 2657.7430667877525
6.65906548500061, 2636.8232675221698
6.8047285079956055, 2616.557287564501
7.533878803253174, 2601.853734725144
T4
2.0808229446411133, 3955.2981714414855
2.2748968601226807, 3428.2056758922845
2.5665123462677, 3249.6005679818627
2.7123048305511475, 3108.0818907069042
3.150038480758667, 2975.8602693137655
3.393109083175659, 2966.0758210697386
3.441659688949585, 2959.560775052967
3.5387556552886963, 2916.9565020858645
3.587350368499756, 2904.981949562258
3.6359567642211914, 2853.8025937736675
3.684541940689087, 2844.24530133362
3.7331488132476807, 2838.2803963993065
3.7817318439483643, 2802.5930951893897
3.8303287029266357, 2796.6281902550836
3.8789093494415283, 2791.0404304417607
5.432209253311157, 2770.7869415140667
5.626508951187134, 2753.221384125667
6.697033882141113, 2742.2132996095206
6.988387823104858, 2727.8420274056225
13.55001711845398, 2700.1612804463075
13.88986849784851, 2690.5459736549856
T5
2.6615982055664062, 3790.042376864534
2.8071649074554443, 3614.5910553435024
2.8556809425354004, 3539.7613249863425
3.001234531402588, 3521.790409819965
3.049741506576538, 3388.098722552779
3.098262310028076, 3376.782501265159
3.146806478500366, 3343.768894752662
3.2922468185424805, 3316.4920944053665
3.3407435417175293, 3293.086474702359
3.3892641067504883, 3207.5657697485804
3.486384153366089, 3154.10881663319
3.5836665630340576, 3153.7393167436458
3.63226056098938, 3100.2823636282556
3.680816173553467, 3086.7976768269364
3.875143051147461, 3046.914159510219
3.92372465133667, 3020.2944504280895
4.020850658416748, 2981.653033329705
4.069402456283569, 2981.186397209087
4.166512489318848, 2960.494812016099
4.215014934539795, 2930.985659988226
4.2635369300842285, 2929.242852976604
4.312022686004639, 2886.301173651038
4.6029767990112305, 2884.363889631466
4.699946403503418, 2856.5625749410465
4.748473644256592, 2854.033848190702
4.797145843505859, 2805.042618451196
4.894129037857056, 2798.6946144326503
5.137030601501465, 2794.7861564589766
5.282859563827515, 2747.8463557404866
5.33132004737854, 2725.9184220712923
5.5251240730285645, 2703.6889140905914
5.864715099334717, 2700.9073335283574
6.640541315078735, 2692.5971903536883
6.689093351364136, 2672.6512720895735
6.737666130065918, 2665.9054688893266
7.190474271774292, 2642.4037483043867
8.211137294769287, 2624.826180500506
9.328444480895996, 2613.8986785483794
T6
2.4245855808258057, 3873.244420492083
2.571077823638916, 3779.6891340966176
2.619752883911133, 3635.0406543618374
2.716916084289551, 3575.091721176701
2.863008737564087, 3465.6818660909266
3.0088205337524414, 3425.105265611164
3.2032248973846436, 3392.8626341760682
3.2517893314361572, 3330.1162065168173
3.348851203918457, 3316.1697314269913
3.397589683532715, 3299.9910933738865
3.4462220668792725, 3211.728563281904
3.640592098236084, 3203.849792307541
3.68915057182312, 3122.926528052303
3.7377371788024902, 3115.0477570779403
3.78627610206604, 3082.3375359389684
4.029557943344116, 3058.400314047183
4.175539255142212, 3047.7362117877274
4.224043846130371, 2985.985042647706
4.27256965637207, 2967.6777094350036
4.466816425323486, 2961.1402499641554
4.515398025512695, 2929.875975978095
4.563943147659302, 2911.7594126613694
4.612493276596069, 2907.2546836617257
4.661138296127319, 2894.5957398602986
4.758213043212891, 2883.920484006645
4.903850078582764, 2868.7953083923567
4.9524171352386475, 2858.120052538703
5.097941160202026, 2853.847945993868
5.5834431648254395, 2836.097717976678
5.6320812702178955, 2803.220631806893
6.412846565246582, 2798.443834861304
6.461450815200806, 2773.8536741001008
T7
2.182398557662964, 4002.0465397392327
2.328167200088501, 3549.1758510560394
2.4253010749816895, 3476.3478121788867
2.5710678100585938, 3390.6356526538075
2.9115443229675293, 3390.0662260047175
2.9601311683654785, 3307.231594870551
3.155022621154785, 3286.5675722249725
3.2523155212402344, 3175.2997742579682
3.3981621265411377, 3141.198221832514
3.446812868118286, 3051.2990584454237
3.641167402267456, 3040.9193972334615
3.6898200511932373, 3038.524064102501
3.738414764404297, 2971.5140477630994
3.7869338989257812, 2909.318872504082
3.8355207443237305, 2895.950154473663
3.884129285812378, 2892.348642780933
3.981234550476074, 2889.473957371505
4.029780626296997, 2884.3978519399607
4.078341007232666, 2835.6295834309567
4.127128601074219, 2802.725262388558
4.56450343132019, 2799.274206513488
4.661640405654907, 2772.2047919671095
4.710359811782837, 2768.7537360920396
4.953778982162476, 2766.619105893169
5.051398515701294, 2763.021812119805
5.24478816986084, 2740.919411287927
5.778917074203491, 2737.7142524609917
6.168086528778076, 2737.52002533037
6.313725471496582, 2736.977125560694
7.141015529632568, 2725.314241295204
7.238738298416138, 2725.2883922533438
7.287442445755005, 2718.472235532943
7.336199045181274, 2710.9578275505264
9.619715452194214, 2699.319863443525
10.154489755630493, 2688.667126584114
10.300345182418823, 2679.5648625296344
10.397510290145874, 2678.610200331186
10.494614362716675, 2672.5756630339565
10.640354871749878, 2666.532867064052
11.56235933303833, 2650.7123369508263
13.310949325561523, 2644.5510180146157
13.359564781188965, 2634.021789796385
13.845479249954224, 2624.2516516172727
14.815849542617798, 2622.2233308482682
T8
2.3742103576660156, 3910.590650124359
2.4712929725646973, 3889.5039364966506
2.5684781074523926, 3557.8706576176846
2.6170949935913086, 3509.1219523555555
2.7143900394439697, 3434.610588471136
3.2009408473968506, 3345.5618941655557
3.443822145462036, 3221.8118518595948
3.5410139560699463, 3119.8944148684895
3.638165235519409, 2994.5652918288106
3.6866910457611084, 2965.530903570485
3.73525071144104, 2950.4482833968286
3.7837634086608887, 2865.582642201305
4.026925325393677, 2838.5305270109457
4.124192237854004, 2828.1699036342325
4.269882917404175, 2819.1593115411233
4.557265996932983, 2793.8126971207384
4.605861186981201, 2776.765214348343
4.654486894607544, 2751.4185999279543
4.70305609703064, 2745.4673583974254
4.751633644104004, 2743.7771457396375
4.800183534622192, 2723.7890842828856
4.848709583282471, 2720.1951463080295
4.897262096405029, 2714.6455509354637
4.945836305618286, 2712.386167239005
5.091765880584717, 2705.010973045184
5.188869476318359, 2683.382637550978
5.577717542648315, 2655.006717980439
9.17395544052124, 2651.383984908851
11.45519471168518, 2632.0449266806354
T9
2.1820762157440186, 3694.3568478764937
2.2791786193847656, 3692.672369822423
2.327770948410034, 3531.04229467173
2.376371383666992, 3530.763739815651
2.42492413520813, 3306.1710727130703
2.6681504249572754, 3226.319584121935
2.8139567375183105, 3187.0270509823968
2.960083246231079, 3103.3816226034323
3.057319164276123, 3024.8571756246674
3.1059744358062744, 2973.8963677295396
3.2030348777770996, 2870.7010142679646
3.300089120864868, 2852.901827325957
3.3486175537109375, 2838.9929439870684
3.397254467010498, 2826.117156261542
3.629915952682495, 2787.0250302937056
3.775602340698242, 2782.552119092157
3.872718572616577, 2738.85345340626
4.019026041030884, 2728.753567377931
4.213667392730713, 2718.766844538346
4.408220291137695, 2675.7171170729816
5.429118633270264, 2607.013810293138
5.672792434692383, 2602.9826624940615
6.451234340667725, 2601.2181742578687
9.563612937927246, 2592.6773700697922
11.362652063369751, 2586.869758251083
11.605651617050171, 2585.1590101006514
13.063823461532593, 2576.4902948978415
13.647141695022583, 2562.6768835611874
T10
1.9846794605255127, 3695.175322048053
2.1302454471588135, 3686.731517908578
2.2272894382476807, 3526.5979238606524
2.2757866382598877, 3524.90950587899
2.324479103088379, 3352.8243130077244
2.3729751110076904, 3342.2172880308935
2.615264415740967, 3304.5428088619738
2.8234684467315674, 3029.8090139473716
2.9691927433013916, 2979.066167529927
3.0666074752807617, 2944.429541092104
3.2123372554779053, 2938.4680427766652
3.3093268871307373, 2905.4141191515373
3.503363609313965, 2886.568362646103
3.600391149520874, 2859.476719578837
3.6489481925964355, 2841.0824647811824
3.7947230339050293, 2824.7670377507093
3.8433032035827637, 2795.8176692438283
4.085906028747559, 2791.8641841817953
4.134436368942261, 2766.488042519886
4.183042764663696, 2754.282926480235
4.572323799133301, 2753.4449169124237
4.62088418006897, 2716.171619869281
4.717939853668213, 2715.2589990802953
7.194390296936035, 2708.425161839361
11.27056336402893, 2702.5675941926893
11.367575407028198, 2665.2836010662213
14.621907234191895, 2664.3372618572175
T11
2.2002673149108887, 3945.4599674475976
2.394247055053711, 3740.582221238328
2.442887306213379, 3704.274614435526
2.4915122985839844, 3611.8825233220705
2.540109395980835, 3592.9133451738817
2.588642120361328, 3568.550728031376
2.685929536819458, 3442.746118622177
2.880337953567505, 3399.0631861430957
3.123124599456787, 3218.238538875681
3.3179991245269775, 3127.5020171204815
3.463670253753662, 3113.267899176324
3.5122592449188232, 3105.7943060489633
3.5609560012817383, 3077.7314324506588
3.609978199005127, 3070.2578393232907
3.7558059692382812, 2849.552107574251
3.998345136642456, 2825.993404753979
4.046979665756226, 2798.3113528546237
4.193109750747681, 2785.725105842612
4.24167275428772, 2779.0440035060383
4.435802936553955, 2758.8375841786255
4.484339237213135, 2744.385763775059
4.581573963165283, 2722.3433021920646
5.166113615036011, 2708.477065453604
7.109312057495117, 2691.96259357889
T12
2.657127857208252, 3713.4696482853105
2.8026342391967773, 3705.496651331843
2.8511970043182373, 3662.0934125217536
2.9484035968780518, 3569.0843030103933
2.996994733810425, 3484.6446264033875
3.045677661895752, 3439.970288847704
3.1916348934173584, 3413.2579489766795
3.240247964859009, 3359.0163128768836
3.288846969604492, 3246.5931976532593
3.4346468448638916, 3238.4082155639626
3.4832065105438232, 3223.635225222446
3.531789541244507, 3216.944312016516
3.6290194988250732, 3168.0586000997573
3.6775968074798584, 3160.8523603388167
3.7261388301849365, 3118.5106095656447
3.7747244834899902, 3093.493778704862
3.8717732429504395, 3079.169799067873
3.920433759689331, 2934.2553622087653
4.066558122634888, 2896.596307473148
4.115361452102661, 2894.894883825087
4.164015054702759, 2880.4480373955084
4.212671756744385, 2807.481212343926
4.261246681213379, 2768.120733960255
4.309782981872559, 2735.3704066680802
4.358320713043213, 2723.7002744615747
4.503962278366089, 2700.439224427326
4.601080894470215, 2697.145766982776
4.746716022491455, 2674.934861498172
4.892611980438232, 2665.315997971935
5.038712978363037, 2657.813192817266
5.4280126094818115, 2651.898428419543
6.108224153518677, 2649.765073706196
6.2054102420806885, 2592.756696668501
9.078987121582031, 2570.6184533063206
T13
1.8504343032836914, 3844.7104889743932
1.9963524341583252, 3414.6145116376065
2.045027732849121, 3337.756375455756
2.0937931537628174, 3296.4080537762566
2.2880780696868896, 3293.954363464298
2.3851335048675537, 3198.703429953588
2.4821906089782715, 3176.196298323128
2.5307819843292236, 3147.068460153183
2.579352855682373, 3115.4638661153003
2.6280040740966797, 3058.5333185088675
2.822097063064575, 3012.5042688121393
2.870687484741211, 3006.7130887341627
2.919342041015625, 2963.993366378614
3.0166709423065186, 2954.4084153528675
3.162740707397461, 2950.2119262419583
3.3084535598754883, 2908.4120090599463
3.55130934715271, 2897.1564848873095
3.599827289581299, 2868.9727026120017
3.745323657989502, 2818.664122676615
3.842372179031372, 2719.2638795541898
4.279719114303589, 2712.603059237401
4.376781225204468, 2710.719885457049
4.425341606140137, 2704.05906514026
4.814230680465698, 2696.37616361264
5.299875259399414, 2694.5406187205263
6.561481475830078, 2666.7857457778264
T14
2.6131174564361572, 3789.2379682966275
2.661909341812134, 3779.5185840384074
2.7104716300964355, 3653.865183789647
2.807607650756836, 3402.8218578665837
2.8561694622039795, 3364.911746705111
2.9537012577056885, 3283.9405568470174
3.1967554092407227, 3210.379740140146
3.3909692764282227, 3129.9212260775384
3.439610242843628, 3023.0450858029
3.488170623779297, 3022.021589887714
3.5852441787719727, 2992.52002974652
3.682286024093628, 2923.418450092766
3.7308011054992676, 2902.0963420620465
3.9732980728149414, 2875.8224429574475
4.021771430969238, 2815.9731833106634
4.313183069229126, 2759.343952686286
4.701234579086304, 2687.722845422548
5.234825372695923, 2674.1819483335057
7.661471366882324, 2669.045221855922
7.709955215454102, 2664.780815052498
10.37952709197998, 2662.2146695706106
T15
2.1333630084991455, 3689.397388723366
2.2305047512054443, 3340.186040098306
2.5214552879333496, 3245.0134871894115
2.570050001144409, 3229.8356536525826
2.61857008934021, 3188.322358790094
2.6671130657196045, 3166.1854263624336
2.958036422729492, 3144.8335636932316
3.006605625152588, 3046.5523291294157
3.103576898574829, 3035.8941255261525
3.2005679607391357, 2986.5234684452153
3.2490787506103516, 2956.79250831269
3.2975430488586426, 2948.8534498604276
3.3945252895355225, 2915.785063309224
3.5400078296661377, 2911.5524707862933
3.588499069213867, 2905.854537287596
3.6854448318481445, 2891.9778881117018
3.7339322566986084, 2879.357848415246
3.7823967933654785, 2873.2220517634996
4.02485466003418, 2845.8085382063437
4.1703879833221436, 2838.63183244878
4.219003677368164, 2811.7986379522845
4.607407569885254, 2788.451256659988
5.190465688705444, 2783.315310476988
5.238960027694702, 2777.364654484685
5.287493467330933, 2775.1624806789405
5.33598518371582, 2759.013117585011
6.597400426864624, 2755.7371814290673
6.694340467453003, 2721.7538396693344
T16
2.131503105163574, 3867.872520914483
2.1801953315734863, 3477.22968103303
2.2287402153015137, 3421.787720499313
2.374173641204834, 3360.237011103105
2.4711647033691406, 3307.9993864310163
2.5196635723114014, 3224.242128076032
2.858989715576172, 3221.9780055419906
2.9560482501983643, 3122.6928283226734
3.0531466007232666, 3120.808125150783
3.150261163711548, 3093.5240985213677
3.2472786903381348, 3084.9704002981744
3.392676591873169, 3000.8107419344014
3.4411633014678955, 2955.6318201377435
3.5872180461883545, 2940.6537640972383
3.635870933532715, 2909.512387339826
3.9761524200439453, 2885.7078217694507
4.073410749435425, 2851.4413594648504
4.461559772491455, 2848.9958354309783
4.752460241317749, 2829.182431015477
4.849446773529053, 2814.28616301703
4.897960424423218, 2755.0418696175
6.209872484207153, 2750.0823998472115
6.258381128311157, 2737.1849627593438
12.23221731185913, 2735.343049328654
12.280754566192627, 2715.190125192268
T17
2.325063943862915, 3868.9867929032407
2.3736464977264404, 3857.3609401508074
2.4223217964172363, 3718.9722238590184
2.470870018005371, 3716.098311655558
2.5679352283477783, 3611.089092725473
2.6166157722473145, 3514.2121960010845
2.6651668548583984, 3456.507243735796
2.713632822036743, 3437.8945766445613
2.8107447624206543, 3437.1880768730407
3.053668975830078, 3184.947654673415
3.394073963165283, 3074.722220714015
3.491219997406006, 2982.4095759398333
3.8314387798309326, 2940.2168286648084
3.928649663925171, 2916.99996028193
3.9772403240203857, 2905.0682037964943
4.025956869125366, 2836.6391187126574
4.074571371078491, 2803.5703515886635
4.608670473098755, 2793.6973125118093
4.851611137390137, 2767.8854185023956
4.949174880981445, 2759.616726165954
5.678605079650879, 2757.139125379894
5.7273008823394775, 2737.1851032793784
5.775973081588745, 2711.094789777708
5.824747323989868, 2691.1407676771923
5.922185182571411, 2662.252198483715
6.457016706466675, 2570.2815723888343
T18
2.4768383502960205, 3750.601967358263
3.0102827548980713, 3401.501825299114
3.0588457584381104, 3339.47577200472
3.107436418533325, 3332.3110179510986
3.156062602996826, 3260.3764824059035
3.2045271396636963, 3226.375556445775
3.3499152660369873, 3180.3439278755686
3.4469828605651855, 3168.251937990477
3.4955379962921143, 3138.18622483495
3.5927228927612305, 3137.646850798723
3.641253709793091, 3112.6993301355396
3.7870073318481445, 3111.2650118823585
3.835557699203491, 3089.1401225424415
3.932908058166504, 3080.0937101768504
3.98160982131958, 3026.6822289742922
4.030151605606079, 3018.123465528959
4.078662395477295, 3010.321777863981
4.127133131027222, 2982.3790508888123
4.17589807510376, 2960.5690102665467
4.272918224334717, 2940.11512156605
4.321562051773071, 2893.6632731909413
4.4186084270477295, 2881.4774217498634
4.564111709594727, 2864.007431284954
4.709831953048706, 2790.2039049877058
4.758383274078369, 2757.2601580416776
4.952949523925781, 2749.624629088372
5.5853660106658936, 2707.4486279692937
7.772599220275879, 2706.0495185067775
9.716794967651367, 2701.5663983510203
10.202460765838623, 2699.7002442964585
11.903089761734009, 2670.9354471276383
T19
2.2285218238830566, 3704.6469854600873
2.2771241664886475, 3657.294473444199
2.374094247817993, 3624.0869407096034
2.4226067066192627, 3601.5266880915515
2.4711079597473145, 3580.158223841405
2.5196456909179688, 3548.4539456981147
2.5683183670043945, 3478.842822369348
2.762385368347168, 3247.8373761530092
2.8112010955810547, 3186.3211906387805
3.1512320041656494, 3182.553604977613
3.2484471797943115, 3146.064319212557
3.296935796737671, 3122.8303420836382
3.394061326980591, 3028.0046820720745
3.442598819732666, 2980.8919164882973
3.539663553237915, 2953.098880585261
3.5882515907287598, 2912.1570588992035
3.6367931365966797, 2818.965507204368
3.976308584213257, 2813.9475719959373
4.268290996551514, 2805.7227391900306
4.850834608078003, 2773.991209668551
4.947936773300171, 2763.0131667723253
5.287955284118652, 2755.514892437335
5.3365983963012695, 2707.9393448906994
5.385138034820557, 2680.155972884626
8.688040256500244, 2651.4363435566593
T20
2.8099589347839355, 4109.858722880934
3.0040924549102783, 3528.8589438188355
3.1989247798919678, 3436.0005215720157
3.5388998985290527, 3410.4399011776404
3.5875227451324463, 3334.1902328088763
3.7819225788116455, 3175.5274913727626
3.97646164894104, 3144.62337972175
4.025018930435181, 3139.0251840173587
4.122102499008179, 3052.122793637842
4.170720815658569, 3032.5969079017013
4.219362020492554, 2994.9125506486816
4.413781642913818, 2985.7400384707
4.462362289428711, 2981.3937588056215
4.559370756149292, 2973.355415462531
4.607959985733032, 2917.074229015787
4.656567335128784, 2883.2955637425766
4.996740102767944, 2869.8450500024337
5.288537979125977, 2867.1840301378543
5.434223890304565, 2825.808272361821
5.482777833938599, 2823.147252497234
5.531591892242432, 2804.497658002547
5.580386638641357, 2765.6905671657223
5.9202797412872314, 2755.068659952958
6.942171573638916, 2752.487436108673
7.954363584518433, 2750.323874853115
8.100205183029175, 2734.210603302916
T21
2.3733503818511963, 3880.058420564921
2.615889549255371, 3623.991955200683
2.7130260467529297, 3580.9044899578366
2.7615559101104736, 3578.080970734518
2.810086727142334, 3410.7594733678634
3.0041942596435547, 3344.913676025739
3.1498355865478516, 3237.8539519159385
3.1983532905578613, 3210.834343140923
3.3437366485595703, 3191.210800400542
3.3923075199127197, 3102.036685466861
3.4893689155578613, 3079.492039500641
3.732079267501831, 3056.7243875487256
3.829153299331665, 3030.858945341781
3.87770676612854, 2871.6220332345038
4.3154754638671875, 2866.6731071185495
4.363994836807251, 2848.1594006020678
4.461923837661743, 2844.8734609317253
4.607651710510254, 2822.707498243559
4.704660177230835, 2822.237181970886
4.802220106124878, 2815.969227922018
4.996634244918823, 2806.3871296594807
5.093985080718994, 2800.7934644073684
5.142545700073242, 2796.303165327299
5.2394959926605225, 2795.9210941041965
5.433971881866455, 2749.6621804304486
5.482440948486328, 2748.6676524092836
5.579474687576294, 2740.9961907541147
5.628223419189453, 2712.4314173746316
5.773984432220459, 2698.0755990768594
5.871296167373657, 2646.4456677088783
11.472566604614258, 2644.31373683946
11.666626453399658, 2624.6224256805945
11.715113639831543, 2579.7280857164515
12.152458190917969, 2569.765850868622
12.249435186386108, 2557.652711737177
T22
2.613013505935669, 4201.9041801510175
2.6615400314331055, 3784.8819964347495
2.8554959297180176, 3782.347897761574
2.903975486755371, 3310.6395712687518
3.243785858154297, 3288.061462567697
3.4860775470733643, 3082.313321231173
3.631514310836792, 3025.278417320602
3.7285101413726807, 2982.1105657282533
3.7771377563476562, 2970.6387161647144
3.9225757122039795, 2963.827397792731
3.9712085723876953, 2953.0504261221577
4.019914150238037, 2894.341711792091
4.0685789585113525, 2876.753421749534
4.165578126907349, 2860.816992156346
4.214079141616821, 2854.0749544775754
4.456211566925049, 2786.9864400188235
4.60158634185791, 2765.561802322398
4.746955394744873, 2764.5606867578717
4.94148325920105, 2750.4353184734246
5.426139831542969, 2732.833450721366
5.5230700969696045, 2717.9194852729124
5.571640491485596, 2705.2141209588444
5.765590190887451, 2703.8444499331163
5.81418776512146, 2686.5600734505642
5.862706184387207, 2671.065034140389
T23
2.178643226623535, 3447.4148023238013
2.3725814819335938, 3357.7057520295057
2.4212214946746826, 3336.2381084418666
2.4697742462158203, 3333.7655765903182
2.5183424949645996, 3172.881346916867
2.5669167041778564, 3137.0314191288417
2.7611329555511475, 3134.535766185232
2.9066896438598633, 3097.0226410093164
2.955321788787842, 3064.5741503733443
3.0040206909179688, 3000.1296111128395
3.101255416870117, 2996.5379226468067
3.1497435569763184, 2972.508550599654
3.2466790676116943, 2925.6387063749644
3.2951502799987793, 2923.543053269226
3.3921759128570557, 2886.9700126522876
3.440788745880127, 2878.7751203842126
3.4893076419830322, 2877.6039218104997
3.586397647857666, 2877.0958209781675
3.683336019515991, 2869.5562241102016
3.731904983520508, 2811.5784211595965
3.8778069019317627, 2805.237165179584
3.975034475326538, 2800.92202544889
4.364471912384033, 2796.6525016628802
4.4616858959198, 2764.574560518424
6.961216688156128, 2748.617849418257
7.009945869445801, 2741.9535613799053
7.058605670928955, 2695.816556653972
7.39840030670166, 2695.495868441354
7.495518684387207, 2678.755912582128
7.544039964675903, 2648.9482553636335
8.710202693939209, 2647.15545909882
8.953253030776978, 2620.056037693834
10.022122383117676, 2604.175858768227
10.119361639022827, 2582.0977301402236
10.216332912445068, 2581.556454887723
11.429199457168579, 2566.143634287302
11.865679502487183, 2544.0810205846137
13.85999059677124, 2537.9691382279234
T24
1.2130351066589355, 3638.7213321467934
1.3099777698516846, 3609.1507402955613
1.358532428741455, 3498.7956663583827
1.4070618152618408, 3459.120758186633
1.4557256698608398, 3384.0903709509366
1.5042757987976074, 3376.3468126452863
1.5529091358184814, 3331.507179150183
1.6499016284942627, 3232.058818261503
1.6984424591064453, 3166.036212872721
1.8437838554382324, 3156.038617353406
1.8924038410186768, 3125.657532326317
1.9410388469696045, 3086.6286378533696
2.0384345054626465, 2993.2967560373872
2.0870282649993896, 2978.570294478668
2.7174901962280273, 2947.6971986883
2.76603627204895, 2906.2511847880305
2.814696788787842, 2894.2567736002457
5.145815849304199, 2886.6797392958833
5.3404388427734375, 2861.2587251754376
5.388985872268677, 2854.568370240122
5.486019134521484, 2808.228165954024
5.534597396850586, 2795.8998460095463
5.825777530670166, 2777.8245568386337
13.76156497001648, 2740.272661570103
14.392476797103882, 2703.0211679873755
T25
3.014847755432129, 4146.9973121488365
3.1609275341033936, 3894.0276164636816
3.25840163230896, 3628.2212279412342
3.3556785583496094, 3625.975572701638
3.5499513149261475, 3404.739870710051
3.7443103790283203, 3327.0600818960374
4.230375051498413, 3303.127745177626
4.37628173828125, 3284.328110948445
4.424986124038696, 3037.799955640883
4.764925718307495, 2930.4141028054655
4.81352972984314, 2879.417744808263
4.910664796829224, 2820.816413986162
5.00784969329834, 2804.6368122756976
5.056469678878784, 2795.0859237279874
5.250813245773315, 2791.180033696728
5.299405336380005, 2770.5799991316308
5.493595838546753, 2754.5947016026657
5.542134046554565, 2739.9728310726787
5.590683698654175, 2731.6119654295107
5.736544847488403, 2714.6642047131063
6.562904596328735, 2699.427121787445
6.757225275039673, 2698.7270941317074
T26
2.387058973312378, 3885.0629200443946
2.4357080459594727, 3845.1030354703107
2.4843342304229736, 3798.01640769808
2.532937526702881, 3758.0565231240034
2.6300265789031982, 3515.790911939752
2.7272799015045166, 3413.3938983472326
2.7758569717407227, 3406.89539194393
2.8244190216064453, 3380.055270709163
2.873150110244751, 3357.202896884308
2.9217350482940674, 3340.333417242211
2.9704530239105225, 3272.3314256042795
3.165236473083496, 3079.27141394464
3.3112382888793945, 3045.44508308683
3.4086897373199463, 2919.4548395015154
3.4572689533233643, 2888.602878958911
3.505819082260132, 2866.836307342135
3.651740789413452, 2834.4811993506737
3.7003300189971924, 2803.350364898244
4.040430784225464, 2784.54094103432
4.0889856815338135, 2782.688484871309
4.1860511302948, 2778.729244627124
4.33171010017395, 2773.467246918117
4.477326393127441, 2758.6090379010893
4.622940540313721, 2729.2840437238156
5.011439561843872, 2725.242837171252
5.1571550369262695, 2710.3799565375084
5.205741882324219, 2695.363684141961
5.254278182983398, 2685.2275866732634
T27
1.9541749954223633, 3555.5432791298663
2.051692485809326, 3443.86322071006
2.148914098739624, 3244.884919868491
2.245995283126831, 3241.7198031121006
2.4400999546051025, 3228.52978193327
2.6342835426330566, 3221.7668106505225
2.6828277111053467, 3149.131469931621
2.7313733100891113, 3029.011426929341
2.779872179031372, 3022.737099012753
2.8283872604370117, 3006.2575744895876
2.8769750595092773, 2977.3403102346856
2.974048376083374, 2894.931060945346
3.022578716278076, 2884.315441023835
3.071073293685913, 2848.194787702145
3.2166037559509277, 2822.637626577445
3.459228038787842, 2815.420767682568
3.5078020095825195, 2811.316383521327
3.604731798171997, 2800.5957949240255
3.653604507446289, 2761.543889409768
3.750748634338379, 2757.5428231150872
4.333462715148926, 2756.009418307214
6.713361978530884, 2731.783278201481
6.859115839004517, 2609.149410682083
6.907649278640747, 2591.108817317174
T28
2.5193467140197754, 3738.7733232225146
2.616441011428833, 3735.3074107949433
2.762125253677368, 3672.237520444709
2.810704469680786, 3416.6416700286354
2.9077720642089844, 3351.9391385451745
2.95629620552063, 3344.536064114538
3.150514602661133, 3264.493738739082
3.3448448181152344, 3169.7879118895944
3.3935980796813965, 3148.5224215290873
3.442309617996216, 3136.560636395385
3.4910361766815186, 3026.5957566074576
3.539630174636841, 3015.7345384798246
3.5881998538970947, 2989.2035530785142
3.6368749141693115, 2925.2859620240342
3.733954668045044, 2906.2594871508118
3.8309426307678223, 2885.3856260047905
3.8794636726379395, 2874.987916479753
4.0251145362854, 2871.6765881291576
4.073755264282227, 2850.465171159987
4.122448444366455, 2721.930457364393
4.17121148109436, 2671.4672736385073
4.21993350982666, 2656.2614892586826
T29
2.8061158657073975, 3725.779204510567
2.9032163619995117, 3466.1848308267436
2.95174503326416, 3430.3005921919685
3.0492000579833984, 3403.9501096725726
3.1466755867004395, 3290.8196402327303
3.292311191558838, 3258.6923203241167
3.3408215045928955, 3184.486736201521
3.486309051513672, 3169.8945324499728
3.5348873138427734, 3141.00465412654
3.5834591388702393, 3020.009981526411
3.777707576751709, 2933.385899075707
3.97176194190979, 2830.3227499109926
4.068785190582275, 2780.1458535960555
4.1658995151519775, 2778.133459235818
4.214407682418823, 2755.6743329500387
4.359851360321045, 2730.2945109462307
4.650747537612915, 2721.9246639517332
4.747817754745483, 2719.0619534618963
4.844846248626709, 2718.7487612820587
4.893909931182861, 2698.9764785326042
4.9425904750823975, 2696.198477998347
4.991251707077026, 2671.9625740246047
T30
2.3248291015625, 4274.483352266601
2.4218740463256836, 3933.8787029782106
2.4704415798187256, 3723.2620783582315
2.519012928009033, 3691.690411391857
2.567591905593872, 3521.2400619385153
2.713292360305786, 3447.331100059673
2.7618408203125, 3385.589208631718
3.2473556995391846, 3170.229406493374
3.3930845260620117, 3152.405604441119
3.4416985511779785, 3133.4318910892034
3.538797378540039, 3127.8230504877793
3.587498903274536, 3122.243740062091
3.7335290908813477, 3098.2327578215263
3.830594539642334, 3074.466377640383
4.0395660400390625, 3029.507297618191
4.088183403015137, 3007.4387786432853
4.136787176132202, 2997.6359057174996
4.185390472412109, 2994.6962257470295
4.23397159576416, 2943.111629194813
4.331110715866089, 2904.1257641113843
4.57388710975647, 2871.149870299065
4.670885324478149, 2858.2748177952817
4.719578742980957, 2845.2939399736497
4.7683491706848145, 2833.596740514702
4.962771415710449, 2769.7047976048416
5.205552816390991, 2759.3562267640737
7.099794149398804, 2749.1498971132896
11.716727495193481, 2740.1544152409406
T31
2.5665359497070312, 4500.354763971234
2.761216402053833, 4006.190523610341
2.8097777366638184, 3965.563375977319
2.981388568878174, 3935.196268199208
3.0300087928771973, 3486.1099555215696
3.321286916732788, 3473.6827388730308
3.6613545417785645, 3446.4779828899264
3.7100796699523926, 3415.825360273033
3.758820056915283, 3373.222974799559
4.001688003540039, 3152.2733477080255
4.19595742225647, 3136.9155302687577
4.244507312774658, 3126.195831646597
4.341867923736572, 3105.154037254484
4.390454530715942, 3058.1914894160072
4.439087629318237, 3041.8402319569577
4.536174535751343, 2997.3434550944803
4.730361700057983, 2895.7857533381903
4.974300146102905, 2831.7759724866264
5.168419599533081, 2817.083775023195
5.459346294403076, 2794.8924099960495
5.507895231246948, 2791.635046939875
5.653787851333618, 2727.6978160717154
5.751134872436523, 2726.8708672383254
5.9454991817474365, 2690.331827428512
5.994025468826294, 2670.437819587518
6.091262578964233, 2643.1963365746196
6.772054433822632, 2638.0811318033193
11.144893646240234, 2633.1086837428993
11.290534496307373, 2625.584117388262
11.339080810546875, 2595.0541075492256
11.484689712524414, 2593.799250731103
T32
2.3076186180114746, 3698.9950005714054
2.501727342605591, 3479.9019305825786
2.550287961959839, 3283.9962602055894
2.8909435272216797, 3193.9676775642583
2.939488172531128, 3132.4604446796
3.133615493774414, 3122.7493780444493
3.2309722900390625, 3090.8308931716965
3.2796313762664795, 3044.17222358875
3.376762866973877, 2983.503686679658
3.6195783615112305, 2934.1312014748837
3.668149709701538, 2904.085471122642
3.76531720161438, 2885.2642206872406
3.910951852798462, 2859.551105778897
3.9595704078674316, 2810.684124991247
T33
2.2520246505737305, 3583.3955578542955
2.3491623401641846, 3579.431702258422
2.397794246673584, 3538.5900773886897
2.4463558197021484, 3339.7003583312908
2.6405889987945557, 3280.827788541392
2.689173936843872, 3153.235045162335
2.7376930713653564, 3051.009335714589
2.7862637042999268, 3005.491388885246
2.9317896366119385, 2996.5833324150663
2.9803643226623535, 2905.538626879963
3.0297279357910156, 2835.7131699417296
3.078268051147461, 2821.666116384011
3.1752333641052246, 2787.5358601137705
3.22377610206604, 2787.280877383768
3.272287607192993, 2749.2129938581056
3.320985794067383, 2712.3895080704096
3.369532823562622, 2682.438092581262
3.4180588722229004, 2659.176213425013
3.4665613174438477, 2634.274497795657
3.5636284351348877, 2630.6699512297455
4.195092439651489, 2590.623633548883
5.311997890472412, 2588.355854381887
7.253843069076538, 2584.0028672921326
7.884721755981445, 2583.7659885447283
8.176315069198608, 2577.6789376816523
11.625095129013062, 2556.611539515812
14.00499153137207, 2555.3378104977746
14.393283128738403, 2539.9788718539457
T34
2.626049041748047, 3749.5798084238486
2.772367238998413, 3697.0320651096117
2.821237564086914, 3662.2944825145314
2.9186723232269287, 3579.4605004599653
2.9672694206237793, 3492.1751745506554
3.015878200531006, 3463.637981963715
3.112928628921509, 3298.2520964206706
3.258653402328491, 3239.130246851819
3.30720853805542, 3213.367967813494
3.404273748397827, 3115.9233833045873
3.501283645629883, 3099.5336949452394
3.5984761714935303, 3088.8505493309494
3.744550943374634, 3064.167167095722
3.793257713317871, 3031.917451457295
3.890314817428589, 3014.19611244063
4.035832643508911, 3009.4249146203365
4.08443021774292, 2973.257917459443
4.132997274398804, 2913.7989505391233
4.27879786491394, 2782.1981372205555
4.327474594116211, 2762.6906675630016
4.570661306381226, 2737.0542518135117
4.668136119842529, 2719.0167909206502
4.716845989227295, 2705.009556600242
5.008572578430176, 2691.154983050117
5.591346740722656, 2687.926095984705
5.63995099067688, 2676.4746028726076
5.882953643798828, 2659.8996074693605
5.931511640548706, 2653.9266190076123
6.708328485488892, 2639.6846421677474
6.756866216659546, 2634.6047278041115
12.007608413696289, 2629.167064546713
T35
2.617225408554077, 3753.414632015214
2.763540744781494, 3467.238785990543
2.86102557182312, 3423.314224255526
2.95859956741333, 3376.613137447217
3.2990431785583496, 3358.407598060294
3.347987651824951, 3300.85092101559
3.5428354740142822, 3296.931762079992
3.640521287918091, 3058.895617729111
3.9334943294525146, 3056.170218119092
3.982250690460205, 3053.3422607497487
4.030931234359741, 2931.206454249761
4.176815032958984, 2921.7655801394867
4.371993780136108, 2897.181931131163
4.663686513900757, 2885.723374320987
4.858126163482666, 2878.055033351702
5.1505584716796875, 2853.4099656514154
5.199324131011963, 2824.836320065675
5.442853689193726, 2805.375353407406
5.735074996948242, 2777.454796308375
5.978281259536743, 2763.9488294596886
7.298989295959473, 2734.3662330605657
7.3479204177856445, 2733.485382914405
7.396879196166992, 2732.251633954591
7.933140277862549, 2702.6200475745354
10.171602725982666, 2678.9396026897593
10.317398309707642, 2665.408677302581
10.414593935012817, 2648.882647200684
11.92136526107788, 2599.8503755506026
T36
2.76241135597229, 3865.182318852101
3.1075453758239746, 3674.1063793345675
3.2533955574035645, 3671.227495880172
3.3995413780212402, 3454.1703758008152
3.593532085418701, 3416.775271821265
3.787513494491577, 3415.174323567291
3.932955265045166, 3323.908879379407
3.9814624786376953, 3247.721193959791
4.126923561096191, 3068.3827608885185
4.175417423248291, 3031.685158309221
4.272397518157959, 3007.9318364485807
4.320927858352661, 2999.575480562984
4.51488184928894, 2970.304574127418
4.708925485610962, 2953.522837708224
4.7574450969696045, 2947.5952081005453
4.805953502655029, 2946.9964997840943
4.902964353561401, 2911.7158599611794
4.999921798706055, 2902.98397477634
5.048398971557617, 2886.06739049319
5.242550849914551, 2868.975088250125
5.630924224853516, 2857.630207635426
5.67961311340332, 2822.565382497436
5.728154182434082, 2811.220501882737
5.873546838760376, 2802.7598046745625
6.11598014831543, 2802.1320009459378
6.164418458938599, 2780.43205348801
6.212862491607666, 2767.09910635469
6.600383043289185, 2713.718091261635
7.152338027954102, 2709.9731564794565
7.249313116073608, 2683.8798917611784
7.297894239425659, 2673.544621025674
7.443483591079712, 2667.9807806999524
7.735328197479248, 2659.0909847969488
7.832505464553833, 2658.320677942578
7.881051540374756, 2608.9777862821356
8.02661681175232, 2593.1740071169334
8.26963186264038, 2533.9567370409095
T37
3.101672887802124, 4105.321124437469
3.247175455093384, 4035.019658260433
3.3443453311920166, 3684.0091337788253
3.3928956985473633, 3660.5077405157426
3.489978790283203, 3520.0365241165127
3.8787214756011963, 3487.5342353416054
3.975839138031006, 3485.002350848503
4.072995185852051, 3385.4520244182568
4.218721866607666, 3353.956818439845
4.461438894271851, 3178.816010446193
4.558550834655762, 3126.652187788277
4.704620599746704, 3117.684566728123
4.850218296051025, 3010.0397971117927
4.995978593826294, 2994.056912918488
5.044640064239502, 2962.850480799658
5.093216180801392, 2916.037775169054
5.190377712249756, 2886.184197750248
5.287404537200928, 2877.6823578736803
5.335988998413086, 2856.101065833165
5.530066251754761, 2814.37711803626
5.675700902938843, 2763.935887781623
5.8213982582092285, 2754.2029943160123
5.870216608047485, 2749.8488842419138
5.967337369918823, 2744.771713836766
6.404703378677368, 2695.9095396225966
6.6968090534210205, 2684.2227504668626
11.51348614692688, 2682.0761220375134
11.805426836013794, 2671.8682533817664
13.256051778793335, 2662.2873297388687
T38
2.6161913871765137, 4028.627793762964
2.7620224952697754, 3410.780019997619
3.0534603595733643, 3398.1622887963313
3.1020801067352295, 3355.32863369587
3.2966625690460205, 3168.122826974628
3.4424080848693848, 2970.5572579570726
3.5395865440368652, 2955.1291264932443
3.6856396198272705, 2831.012699131563
3.7341909408569336, 2804.880212674754
4.025710344314575, 2703.489939353869
4.851115942001343, 2701.093295046212
9.955389022827148, 2699.962533629776
10.149635791778564, 2683.775132687424
10.246589183807373, 2648.0695325689085
10.343575477600098, 2647.4204893726564
10.39216423034668, 2632.903750430887
10.635710954666138, 2613.819222361806
T39
2.4883012771606445, 3970.2802218818033
2.5370476245880127, 3743.844974687374
2.585853099822998, 3729.6675796652926
2.6345701217651367, 3634.7743936420957
2.731828212738037, 3593.290760183103
2.7803938388824463, 3570.2216124823535
2.877626419067383, 3436.68390873693
2.9749577045440674, 3342.345944260778
3.0722250938415527, 3327.0823915977817
3.169440746307373, 3274.2134938219606
3.363935708999634, 3159.319906009827
3.55849289894104, 3055.3726578226124
3.6071584224700928, 3037.927040264265
3.704416275024414, 3015.736618416646
3.801555633544922, 2962.609258854929
3.9959731101989746, 2913.3034381885373
4.141807794570923, 2907.7387452800176
4.239625930786133, 2893.916030129476
4.288211822509766, 2856.72193409624
4.385493278503418, 2845.627878787782
4.434306621551514, 2790.993963040688
4.5318310260772705, 2789.0150325403083
4.580426454544067, 2776.544942688619
4.629028081893921, 2753.2262811514956
5.017842531204224, 2742.934745830473
5.115044593811035, 2734.481473304637
5.4069976806640625, 2726.6241153185765
5.602054595947266, 2719.6492897622666
10.70178484916687, 2715.670289371279
10.847655773162842, 2698.189172548482
12.943397283554077, 2697.2399017026983
13.234768629074097, 2686.0486211758944
13.331982374191284, 2684.9549422505916
T40
1.697361946105957, 4022.2108650803566
1.7944633960723877, 3849.69646474404
1.8430407047271729, 3547.584883537442
2.0860228538513184, 3237.874446751295
2.231826066970825, 3176.1587850378273
2.474769353866577, 2998.368356695697
2.5234375, 2968.626332469663
2.66908860206604, 2878.1414185072645
4.029651403427124, 2865.254909527772
4.126725673675537, 2848.670718898924
4.175767183303833, 2846.6612245159486
4.224328994750977, 2835.9521171793604
4.321597576141357, 2815.599172684073
5.246677398681641, 2799.1793851010516
5.34381103515625, 2774.3687844788146
5.440943956375122, 2752.1608186156154
5.635151386260986, 2730.029925099312
5.781191110610962, 2719.314906220039
5.829915285110474, 2714.275631007371
5.878549814224243, 2710.394884538273
5.975910902023315, 2690.2258434233845
6.420619964599609, 2681.7652853528307
8.318254470825195, 2675.097501647153
8.366985559463501, 2646.6046331448524
12.303866863250732, 2642.199609983105
14.10354733467102, 2641.847323662543
T41
2.761021375656128, 3504.0586894018343
3.003647565841675, 3183.6712348463116
3.246318817138672, 3101.088648340068
3.391911029815674, 3001.2116251308544
3.489281177520752, 2954.5644503455624
3.7807767391204834, 2920.279803641337
3.829421043395996, 2905.666953417094
3.8780810832977295, 2893.6177983629386
3.9266886711120605, 2891.3553391158275
3.9753220081329346, 2866.910891994841
4.0723557472229, 2831.825278562239
4.120977401733398, 2815.750126026862
4.753181457519531, 2805.125012795026
8.543224096298218, 2777.1407941442158
T42
2.7116918563842773, 3604.7982355519707
2.7604379653930664, 3590.0870345412404
2.9059197902679443, 3418.9139683544417
3.1969640254974365, 3365.0695945610933
3.2940549850463867, 3247.5598473527934
3.391125202178955, 3139.9080457799937
3.439631938934326, 3113.14879001004
3.4881672859191895, 3108.2337088034183
3.633695125579834, 2996.3983033816694
3.682220458984375, 2991.705961494241
3.8279075622558594, 2893.620492605871
3.876546621322632, 2860.5935420955793
4.022234678268433, 2817.738916334936
4.167789459228516, 2803.8975082309626
4.654083967208862, 2788.198145274924
4.702648162841797, 2777.900501072887
4.799665927886963, 2756.851230813081
5.77197527885437, 2755.416760484819
8.628917694091797, 2741.0389218035452
8.871853351593018, 2694.249891114345
9.26012921333313, 2668.1716021839566
9.406044244766235, 2652.513178671059
12.367523670196533, 2638.4511624179686
12.464654684066772, 2632.9767986953484
T43
2.566741943359375, 3860.2486145773146
2.809600591659546, 3828.924471427461
2.858182430267334, 3672.3313892583465
2.9552764892578125, 3569.287902411568
3.1495087146759033, 3546.5845217609167
3.3441758155822754, 3506.2450395697306
3.6847941875457764, 3163.9563264032695
3.7334413528442383, 3106.029189809429
3.8793294429779053, 3056.899775226455
4.073627233505249, 2968.331125641649
4.219240665435791, 2926.326557819215
4.316730976104736, 2906.50868944417
4.36555027961731, 2881.075023957077
4.414267063140869, 2868.5256597383923
4.511425733566284, 2851.5766172217263
4.705598831176758, 2834.4143642588315
4.996905326843262, 2814.2844938631824
5.23999547958374, 2810.2884253690063
5.28865385055542, 2805.8708391899418
5.337194204330444, 2788.8269596677565
6.600059986114502, 2778.8040760007207
6.697160959243774, 2736.177474866239
6.794268846511841, 2733.3250393148664
6.842911005020142, 2713.835454609267
10.887040376663208, 2710.7977172727115
T44
1.986509084701538, 3786.767480134469
2.0350732803344727, 3762.5868305090407
2.1322624683380127, 3703.38678512325
2.229395866394043, 3534.79664216128
2.2780792713165283, 3206.277701200881
2.472778081893921, 3195.4920136398505
2.5698511600494385, 3166.675031708539
2.618487596511841, 3151.154092484896
2.66719651222229, 3011.1299869791037
2.764352798461914, 2956.2282951578454
2.8129429817199707, 2952.9088328610014
2.8615267276763916, 2936.7866884535906
2.958601236343384, 2926.6405047196386
3.007193088531494, 2898.3324225549586
3.055757761001587, 2867.7334464897576
3.1043407917022705, 2858.432199713294
3.1529293060302734, 2857.9195016573067
3.2501134872436523, 2813.1842875159928
3.347625970840454, 2808.742639832388
3.4447717666625977, 2793.25239422053
3.6388609409332275, 2726.149480381835
3.6873936653137207, 2714.6296137455065
3.735936164855957, 2710.410845535349
3.9300339221954346, 2669.1475795314145
4.07569694519043, 2666.0142815089785
11.939449787139893, 2656.024801500338
12.085109233856201, 2641.902326842319
12.230705499649048, 2598.2426397083545
12.376725196838379, 2594.713192943662
12.42528510093689, 2587.3031177018274
T45
1.8905360698699951, 4102.975682436125
2.084679365158081, 3695.8262375005215
2.181832790374756, 3584.9387525492493
2.3767411708831787, 3416.151253636257
2.4253861904144287, 3413.491528637016
2.5225863456726074, 3401.715105991054
2.716996192932129, 3329.835041054983
2.7655885219573975, 3229.748859187639
2.9598050117492676, 3159.180281685047
3.1055397987365723, 3122.8383437534794
3.1543147563934326, 3101.9214342824926
3.2031471729278564, 3043.9990003877683
3.251739263534546, 3027.635897035121
3.3975653648376465, 3020.6167924630718
3.446173667907715, 2913.1290458699877
3.6404521465301514, 2900.712242818132
3.7375030517578125, 2895.8100411813357
3.786055326461792, 2887.166674438464
3.8347058296203613, 2860.969414869476
3.9804439544677734, 2832.8224039511188
4.029069900512695, 2793.7185868222005
4.272115230560303, 2779.306481226071
4.369497060775757, 2767.785319774881
4.418154001235962, 2754.327715171723
4.466876983642578, 2742.8065537205293
4.564026832580566, 2729.944373276976
4.709991931915283, 2717.3866230340354
4.904269218444824, 2689.2751185392335
5.001495361328125, 2685.7612874232145
5.050106763839722, 2661.617999103488
7.632641553878784, 2655.760388684401
7.729858875274658, 2635.8576128435197
7.778417110443115, 2631.9852046812994
8.216249704360962, 2620.7395884627476
T46
1.8932461738586426, 3874.1856732362357
2.1849234104156494, 3629.100447928271
2.233595371246338, 3624.920142174429
2.3307206630706787, 3445.1778818054663
2.3792736530303955, 3322.128380731614
2.6223175525665283, 3239.8750006006085
2.7193777561187744, 3141.4026951049236
2.7679195404052734, 3094.503632092892
2.86503267288208, 3082.435522198619
2.962088108062744, 3022.193738552887
3.1562516689300537, 3021.852311496077
3.204763889312744, 2959.0883643920242
3.2533152103424072, 2900.7949053166885
3.3019165992736816, 2879.722481007251
3.4477598667144775, 2796.9105860537675
4.74426794052124, 2784.4264100446017
5.1332666873931885, 2742.468724990151
5.23033881187439, 2739.858870668293
8.09922194480896, 2720.8877572354977
T47
2.569605827331543, 4235.114635853286
2.7636778354644775, 4132.556079537164
2.8123912811279297, 3883.3965489222974
2.860992670059204, 3781.3612630633143
2.9581053256988525, 3707.3106090064975
3.0067362785339355, 3496.2890784111514
3.589632272720337, 3489.1682921255997
3.638258457183838, 3352.218197908085
3.9299206733703613, 3298.357854285816
4.027044296264648, 3168.9746641739184
4.172845125198364, 3101.7894118833574
4.328242540359497, 3092.504848597411
4.37688684463501, 3062.682870540244
4.52269983291626, 3049.4153998458714
4.668370723724365, 3038.478374276121
4.71692967414856, 2976.396782933567
4.862529277801514, 2945.0477013953423
4.911112070083618, 2943.1093068432237
5.00840163230896, 2916.684659477418
5.056998014450073, 2856.9064500914756
5.105611324310303, 2774.595976304474
5.154326915740967, 2737.8728221676065
5.349198579788208, 2714.658165993962
5.446363687515259, 2702.6392516848864
5.543465852737427, 2686.0477903719875
T48
2.6913187503814697, 3677.7485280440305
2.8853535652160645, 3554.9035498615267
2.9338908195495605, 3545.045508170617
3.030974864959717, 3523.4022741484005
3.128092050552368, 3479.099038241249
3.3715014457702637, 3452.7677027625177
3.46865177154541, 3408.382565590029
3.5658040046691895, 3372.4848057851195
3.663041591644287, 3306.282480246533
3.8087191581726074, 3166.827668959122
3.8573060035705566, 3086.168011766902
4.003286838531494, 3051.7181463516827
4.051832675933838, 3043.3988625403144
4.100408554077148, 3038.137530434651
4.246035814285278, 3016.0238326232866
4.3918986320495605, 2980.8483726289633
4.4404473304748535, 2961.890746429759
4.586123943328857, 2893.108626185225
4.63468337059021, 2861.9928839698114
4.6832263469696045, 2838.9597552414198
5.753021717071533, 2815.2120283860786
6.141516208648682, 2781.2210401352786
6.336292743682861, 2778.648131596834
6.38493013381958, 2777.43068673979
T49
2.7619776725769043, 3755.179143662943
3.0150463581085205, 3719.685935345893
3.0636985301971436, 3433.4996725298843
3.1123440265655518, 3398.0064642128345
3.5012052059173584, 3261.0510757436277
3.59867787361145, 3202.6593900511725
3.6958670616149902, 3090.8871416889087
3.9877798557281494, 3035.7321924670105
4.08553409576416, 3008.0355523009275
4.231609106063843, 2954.649286437314
4.280190944671631, 2906.9557653970114
4.377331495285034, 2880.1372629688412
4.4259257316589355, 2839.1831062993588
4.523107051849365, 2806.8788622940847
4.620671272277832, 2783.3193679092947
4.767081260681152, 2709.049122153556
4.815832138061523, 2708.947487182715
4.8646464347839355, 2666.752159843665
5.059729337692261, 2660.756286001899
5.206090450286865, 2643.522067497932
11.147017240524292, 2639.2652250845676
11.390311002731323, 2632.8735423858925
11.536149024963379, 2617.043147058641
T50
2.3664798736572266, 3792.4777316321997
2.4150922298431396, 3686.3329451366153
2.5121822357177734, 3625.4908247843487
2.5608208179473877, 3604.5790289397046
2.6095049381256104, 3581.0990943315337
2.6581971645355225, 3502.8160685917755
2.706786870956421, 3484.324450645996
2.755401372909546, 3363.463102523019
2.8040874004364014, 3337.603356965941
2.9507482051849365, 3291.187575920092
3.0481252670288086, 3133.3597061495384
3.242830514907837, 3132.4413217098627
3.291551351547241, 3002.958023019186
3.43772554397583, 2945.0593380418213
3.7294931411743164, 2897.6742673824047
3.778083086013794, 2887.5965521926264
4.0695960521698, 2886.7099768245025
4.118160247802734, 2875.3580698352525
4.264507293701172, 2875.058682289062
4.313086271286011, 2867.920768649783
4.361649513244629, 2830.180847887692
4.653195858001709, 2810.7602400908436
4.701890468597412, 2786.0223520706204
4.7991814613342285, 2717.3128461688902
5.432142734527588, 2714.1869072222653
5.480739116668701, 2691.5878824413594
5.577823638916016, 2674.2285986042334
5.626381874084473, 2648.503634876699
5.869930028915405, 2628.3362379979117
6.211577892303467, 2618.790077044545
7.233509302139282, 2617.785598438186
T51
2.5613720417022705, 4017.0350458043104
2.7069997787475586, 3717.7097323396374
2.8042190074920654, 3443.3261169904363
2.9500160217285156, 3365.1575863242324
3.2420780658721924, 3165.9187824344626
3.583028793334961, 2992.7561933325633
3.6802728176116943, 2914.7973893293965
3.7288856506347656, 2786.970908303316
4.068700313568115, 2767.1991968510556
4.214426517486572, 2762.905176356864
4.602707147598267, 2708.745253777539
5.08821964263916, 2704.8772298551485
T52
2.4704604148864746, 3628.9601775667106
2.6163172721862793, 3494.706267223024
2.7135796546936035, 3460.92628125567
2.762190818786621, 3450.0665644280452
2.859421491622925, 3406.794655283018
2.956587076187134, 3273.628830554735
3.005103826522827, 3231.154322895556
3.0536370277404785, 3176.0526448462406
3.1022403240203857, 3143.5448776503836
3.199699640274048, 3107.7792964031905
3.2501556873321533, 3054.3098919607437
3.347491502761841, 2983.6455558615635
3.3963065147399902, 2982.9722100132494
3.4935595989227295, 2963.8903085703787
3.6392364501953125, 2942.058550150912
3.785435199737549, 2916.475759041554
3.931349992752075, 2903.289397278997
3.9799587726593018, 2897.52150827687
4.028479814529419, 2869.381206799422
4.077023267745972, 2851.876810065034
4.1257688999176025, 2818.973265838358
4.611937522888184, 2808.743745898144
4.6605119705200195, 2801.9857023887453
4.709209680557251, 2781.8134746435826
4.757812261581421, 2781.4763466849254
4.85493016242981, 2767.860580920369
4.903510808944702, 2755.477830891359
4.952043056488037, 2715.4900835741973
6.119032382965088, 2704.0632729492245
10.445568084716797, 2693.6465539907913
T53
2.6450748443603516, 4012.4182077992737
2.742161273956299, 3487.771888828509
2.7907509803771973, 3441.538668211826
2.8878579139709473, 3345.5544709007227
3.0336978435516357, 3255.5290543409938
3.1308367252349854, 3171.054214893229
3.374171257019043, 3164.6874641093527
3.422774076461792, 3149.324131420537
3.4713451862335205, 3065.7969749979675
3.617131233215332, 3048.354086989566
3.665703058242798, 2943.309551934595
3.7144250869750977, 2934.744822515895
3.763040065765381, 2919.1350297932368
3.8118581771850586, 2889.893320172836
3.8603782653808594, 2871.923720103696
3.9089572429656982, 2832.6467790968163
4.1524269580841064, 2757.2063628527176
4.2012717723846436, 2727.8198601303484
4.250011920928955, 2713.234368241454
4.298770189285278, 2697.8859482447588
4.347503662109375, 2669.225498211792
4.396134853363037, 2660.4061946978763
4.444717884063721, 2647.5959015474873
4.541922330856323, 2638.3040757740455
T54
2.4738030433654785, 3591.628301213932
2.8137855529785156, 3537.4899448135984
2.8623995780944824, 3407.839620752391
2.9110007286071777, 3385.259101504147
2.959545373916626, 3268.1326019351472
3.008317708969116, 3241.937720802838
3.056968927383423, 3194.5562500086526
3.1057088375091553, 3085.364033670812
3.3003990650177, 2949.5524844963875
3.4460957050323486, 2941.823144601003
3.5433809757232666, 2912.2385618500266
3.591973304748535, 2793.5528249079216
3.883612871170044, 2734.8943043437685
4.175382375717163, 2731.484986977459
T55
2.666982650756836, 3906.82993837908
3.153333902359009, 3787.345662928099
3.2019994258880615, 3586.2054778725433
3.396233320236206, 3506.7890612524207
3.4447991847991943, 3371.229028659378
3.6879639625549316, 3304.100740209462
3.7848944664001465, 3173.0776889025146
3.8334763050079346, 3150.404474937968
3.9791600704193115, 3116.4696481315405
4.464590072631836, 2968.161089666093
4.561743974685669, 2965.8768534278424
4.707479953765869, 2930.9716780439194
4.853460311889648, 2927.158972866797
4.999233245849609, 2894.30613240994
5.096311807632446, 2886.887470776688
5.144901990890503, 2881.4931641918374
5.291095733642578, 2815.9108822695416
5.339659929275513, 2798.565982040178
5.436760663986206, 2755.531957474839
5.679295539855957, 2724.968335498943
5.776432037353516, 2699.3768862718425
5.971132278442383, 2684.519740509455
6.019855737686157, 2624.639637538763
6.214620113372803, 2623.1321671653313
7.186144590377808, 2592.6709460175807
T56
2.4759533405303955, 3554.05639259093
2.6216840744018555, 3528.5564261910113
2.718836545944214, 3354.071480867562
3.0592055320739746, 3298.9714738844923
3.156270980834961, 3201.4546944718386
3.253390312194824, 3196.6394722942277
3.301929473876953, 3159.681311510234
3.3990392684936523, 3153.5860309775817
3.496271848678589, 3142.575749080912
3.544874429702759, 3112.869004572982
3.5935158729553223, 3084.9025043716465
3.64211368560791, 3083.135983883956
3.6906991004943848, 3056.797511031953
3.7891416549682617, 2991.3829383102566
3.8378238677978516, 2947.560771375516
3.886364698410034, 2928.920489885655
4.0321760177612305, 2909.4424704745034
4.17774772644043, 2909.392831996862
4.226311922073364, 2905.4845765843784
4.32347559928894, 2879.2622138028382
4.372054576873779, 2870.048295869965
4.420625448226929, 2834.628805009801
4.517806529998779, 2823.995308717611
4.6635706424713135, 2808.05659152467
4.712526559829712, 2776.7107160963787
4.858252286911011, 2731.6029577744084
5.199135780334473, 2724.704108921287
5.344709634780884, 2701.671941557688
T57
2.085981607437134, 3765.705684876484
2.231477737426758, 3385.232647522578
2.280027389526367, 3349.4598335599003
2.3771796226501465, 3327.716663932275
2.4257099628448486, 3278.8403458632674
2.5228328704833984, 3267.4291488191884
2.5714001655578613, 3218.027759564575
2.6199262142181396, 3189.8637524184305
2.814185380935669, 2989.144487865451
2.862865686416626, 2966.83582413986
2.959912061691284, 2916.4517722832825
3.057096242904663, 2896.002522296061
3.1056008338928223, 2882.275178578384
3.154127359390259, 2869.086120936423
3.3001837730407715, 2855.12931507927
3.4985063076019287, 2833.8589969816385
3.6442017555236816, 2833.2789985214404
6.267967700958252, 2828.352163166848
7.628143072128296, 2822.796347955409
7.676810264587402, 2779.347404028318
12.995692491531372, 2775.5044253295346
13.530394554138184, 2729.400237237027
T58
2.664675235748291, 3760.446858319352
2.8107426166534424, 3704.371858614184
3.054037094116211, 3604.855424667796
3.1997435092926025, 3536.3919056716913
3.248297929763794, 3501.5680012511293
3.2968733310699463, 3363.140694083937
3.3455047607421875, 3341.303667587861
3.3940343856811523, 3335.953111228424
3.4426028728485107, 3328.9988392323066
3.588146686553955, 3320.357803938605
3.6368589401245117, 3295.743951986835
3.783156633377075, 3214.8142526820084
3.8803725242614746, 3173.274869659792
3.929046154022217, 3147.741057768144
4.026135683059692, 3089.862456490242
4.1722283363342285, 3043.2563927255615
4.22087025642395, 3023.8661871933145
4.269482851028442, 3017.7535914204927
4.366556882858276, 2987.6339182789743
4.415130853652954, 2957.399792901495
4.4636390209198, 2955.2773712650815
4.5121705532073975, 2945.450545440617
4.560770750045776, 2923.4292513821565
4.609490156173706, 2910.630230218092
4.658004522323608, 2878.1867484035756
4.706734895706177, 2856.7392782125025
4.804340839385986, 2825.394375521406
4.853022813796997, 2798.1624721082044
4.998993396759033, 2762.561357238381
5.144474029541016, 2734.417640606858
5.3389976024627686, 2687.9262490733527
5.436176776885986, 2683.2100389404295
5.484721899032593, 2642.608441002154
5.63085675239563, 2595.3929160664447
6.167004346847534, 2574.2743740999904
6.215573072433472, 2544.9687068658823
6.848058462142944, 2538.5024328856525
7.284841060638428, 2530.2244851748983
9.083780765533447, 2528.3081761014073
10.105618000030518, 2525.0442968870157
13.095025300979614, 2520.7138224672162
T59
2.426311492919922, 3823.522851934489
2.572144031524658, 3800.746063231898
2.6207709312438965, 3697.213380697074
2.7179114818573, 3527.7298924400093
2.9122843742370605, 3489.506716458687
2.9608535766601562, 3348.437587170367
3.1064703464508057, 3290.733332909833
3.30065655708313, 3232.3015960894336
3.349330186843872, 3116.496869408089
3.3978943824768066, 3033.874648164092
3.54347562789917, 2994.161258197877
3.6406397819519043, 2965.9705346242117
3.835625171661377, 2936.8699874177037
3.9815149307250977, 2898.3539590514047
4.2244791984558105, 2823.3297884490094
4.321769952774048, 2808.9054734109814
4.613663673400879, 2777.9763565780377
5.440715074539185, 2769.1391454205223
5.489496469497681, 2748.8750865425136
T60
2.714735507965088, 3803.0631455499897
2.860652446746826, 3701.58652567798
2.909261703491211, 3418.9951044573027
3.054875612258911, 3364.1772471302465
3.2491331100463867, 3342.022027403138
3.3463823795318604, 3332.962723217308
3.540876626968384, 3314.6723131095205
3.589500665664673, 3211.960714194938
3.6381654739379883, 3148.5109456012724
3.6868069171905518, 3064.9676400167664
3.8814821243286133, 3053.2621116941373
4.027481555938721, 2959.22356471065
4.0761072635650635, 2947.718886061215
4.124835252761841, 2933.3920391771826
4.270624160766602, 2907.9901272462375
4.416629076004028, 2852.1453287959157
4.465255975723267, 2835.09292763313
4.513968229293823, 2828.946397231659
4.756877899169922, 2813.542589347635
4.8054704666137695, 2811.2964149732143
4.902545690536499, 2806.6006823027565
4.9510884284973145, 2806.3145206986665
4.999635457992554, 2791.994806821531
5.048284292221069, 2754.9406934430335
5.096879243850708, 2744.078747898682
5.242661237716675, 2737.4826955241333
5.388516426086426, 2734.0012615283085
5.631548881530762, 2732.364902646008
11.741429805755615, 2717.58177711186
T61
2.085484266281128, 3811.8510224346537
2.2314136028289795, 3550.3341445163605
2.328606128692627, 3432.9305379693906
2.3772811889648438, 3394.1101765959174
2.523062229156494, 3258.0147915134876
2.5716636180877686, 3257.2529851077197
2.7175326347351074, 3237.4928890671945
2.815180778503418, 3218.1694633976877
2.8638765811920166, 3138.7358504872245
2.961087465286255, 3103.054375539825
3.0096938610076904, 3030.2410592185915
3.1070055961608887, 3010.2421495610906
3.204373836517334, 3003.309498692739
3.253014326095581, 2925.523040533757
3.3016369342803955, 2874.2964059594815
3.399110794067383, 2817.98791451173
3.4963507652282715, 2792.8993862932184
3.544959545135498, 2787.530972425091
3.690732717514038, 2736.071000277614
4.1284589767456055, 2727.5635124581822
4.177156686782837, 2707.3050049366248
4.468788385391235, 2695.1925797757576
4.5659167766571045, 2691.1611581796824
12.586189270019531, 2679.326673177042
T62
2.1844584941864014, 3850.00223867203
2.2816002368927, 3674.93343175434
2.378662109375, 3654.1279621187714
2.42728590965271, 3535.3605093052756
2.4759089946746826, 3499.249206948305
2.5730655193328857, 3445.648509987259
2.913144826889038, 3377.3971412367246
3.0103871822357178, 3317.3046485539016
3.059011936187744, 3143.8342443708752
3.2535359859466553, 3125.597031474259
3.4483835697174072, 3113.8521342140084
3.4970998764038086, 3104.9752177226546
3.5456998348236084, 3102.5239597510663
3.5944559574127197, 3061.0607067792153
3.6431736946105957, 3027.733212910309
3.6919679641723633, 3000.466230840466
3.838132619857788, 2934.7522117352564
3.886741876602173, 2874.507824220942
3.983916759490967, 2865.980538911339
4.081021785736084, 2834.6651525452544
4.178435564041138, 2812.0834561706215
4.227677822113037, 2789.454902753023
4.373690605163574, 2765.80235728584
4.422323942184448, 2739.7366735081523
4.812134504318237, 2729.512874072323
8.547320365905762, 2701.981992947425
8.692952871322632, 2665.3699023667104
T63
2.0346460342407227, 3971.1147462572626
2.1802151203155518, 3806.950108660865
2.228710412979126, 3701.438287318415
2.277334213256836, 3670.16910276976
2.325934648513794, 3185.094913032779
2.9085888862609863, 3105.2782183605887
3.005553960800171, 3100.649376678455
3.0541975498199463, 3057.875370314956
3.1512396335601807, 3057.6504992077535
3.1997766494750977, 3031.6940108219424
3.2484188079833984, 2910.601606189797
3.3948075771331787, 2884.221488218187
3.5410819053649902, 2871.1113232294083
3.5898501873016357, 2846.276622432786
4.076933145523071, 2807.026602403377
4.661757230758667, 2803.5472681367755
T64
2.427412509918213, 4004.5922482229653
2.5731170177459717, 3981.052833635098
2.6219160556793213, 3586.380172835532
2.670701503753662, 3544.9599200606026
2.7195546627044678, 3374.8238671654326
2.86533784866333, 3327.1471064982907
2.9139456748962402, 3311.619525510512
3.4009509086608887, 3277.5709218558986
3.4497385025024414, 3231.4420300546917
3.5472559928894043, 3149.7459840726515
3.6444931030273438, 3120.6183476613587
3.6931076049804688, 3087.783611549101
3.7416861057281494, 3072.776348421816
3.790339708328247, 3006.2289994666353
3.984865665435791, 2967.9016399432585
4.082093238830566, 2964.1288054891993
4.130691289901733, 2941.07332617457
4.179322719573975, 2891.852388877509
4.324941158294678, 2862.800122595283
4.422138452529907, 2856.191291954492
4.470692157745361, 2830.2361414157276
4.7133989334106445, 2771.9462725603225
4.908015012741089, 2766.6817056254476
5.005123138427734, 2733.163957767054
5.199758529663086, 2726.8101721101593
6.075240135192871, 2724.660244407285
7.7945075035095215, 2721.337873519893
7.891575336456299, 2713.236109880425
10.275046825408936, 2712.7771483753495
T65
2.136117935180664, 3838.7533879462135
2.281719207763672, 3686.974057096384
2.3303024768829346, 3670.754063125867
2.37888503074646, 3517.5638785677584
2.670963764190674, 3500.050058515473
2.7195661067962646, 3368.977414196961
2.7682464122772217, 3309.0313807147904
2.8168282508850098, 3215.288370504517
3.0111494064331055, 3159.825557575292
3.2052810192108154, 3109.1586211491667
3.2539806365966797, 3089.4420162939423
3.399726152420044, 3032.232588147883
3.4967987537384033, 3030.112590831268
3.5454187393188477, 3003.515734882414
3.642808675765991, 3002.9377298560576
3.6913881301879883, 2986.7609778352635
3.7399957180023193, 2958.044124569795
3.7885501384735107, 2936.598099718234
3.934910535812378, 2897.6143782081344
3.983527421951294, 2850.6344526037137
4.275187730789185, 2847.9847419423313
4.615398406982422, 2845.60576042709
4.6639931201934814, 2827.2076244335403
4.712671756744385, 2823.82826699016
4.955889701843262, 2811.6980864422876
5.101709365844727, 2750.4665020340253
5.247801780700684, 2743.8434697047232
5.296582937240601, 2727.2357083199167
5.491318225860596, 2678.1147937330716
5.988368272781372, 2677.1395224071493
6.036967515945435, 2666.006628502684
6.134723424911499, 2643.9361510699164
6.329200983047485, 2620.7158078762623
6.717782497406006, 2611.110008868869
T66
2.7608091831207275, 3870.5942430313735
2.9064109325408936, 3866.7183794296725
2.955139398574829, 3650.3716470260333
3.1009323596954346, 3419.5045761772562
3.6351451873779297, 3303.683652685075
3.7808308601379395, 3266.833488632503
3.878044366836548, 3145.8839575374295
4.023743629455566, 3091.6028313073402
4.072320461273193, 3046.3855401517576
4.460684061050415, 2994.2311300563524
4.509274244308472, 2977.0619983007637
4.55794358253479, 2964.046247230239
4.655310392379761, 2913.179747397793
4.8009703159332275, 2851.4746502284397
5.201077222824097, 2839.611634791887
5.589229583740234, 2805.2457001632356
5.686319351196289, 2787.8177996943487
5.734825372695923, 2774.150003728253
6.512164831161499, 2772.725159639529
7.338123083114624, 2764.2310634297173
7.435213565826416, 2762.6340296393173
7.726876258850098, 2738.570335033706
8.067197322845459, 2718.855129665375
T67
2.8097057342529297, 3933.326849218385
2.8583407402038574, 3930.791912304907
2.906919240951538, 3792.360311000797
3.0041754245758057, 3685.009403536489
3.1013870239257812, 3342.3630491137083
3.3928637504577637, 3339.0625617078913
3.5389842987060547, 3271.1324867976145
3.7337405681610107, 3178.2445511534097
3.8309073448181152, 3163.291908764899
3.8795111179351807, 3122.2628605151476
3.976640462875366, 3112.2049448509424
4.025221109390259, 2992.307148547472
4.171005725860596, 2935.869153691703
4.219884157180786, 2886.7660206227447
4.414299726486206, 2878.3836072022095
4.511403560638428, 2834.990333626629
4.80266547203064, 2816.9834438189937
4.899796485900879, 2809.745159056605
6.09578275680542, 2790.313593686813
6.192997694015503, 2775.3993417337697
6.24158239364624, 2729.452746450541
11.105160236358643, 2728.0808569846486
11.250848293304443, 2699.455726711534
11.396467208862305, 2684.0796078104795
11.493560791015625, 2681.1805303272085
11.736239910125732, 2661.3377330887415
T68
2.434159755706787, 3964.6475896864067
2.628819465637207, 3826.0572747194747
2.677370071411133, 3721.4227590638693
2.726036548614502, 3625.3556124062306
2.8232083320617676, 3510.38793514586
2.920492649078369, 3488.7650732148395
3.0175962448120117, 3478.478293573695
3.1147820949554443, 3417.6403738025765
3.163416624069214, 3366.935019881159
3.2119972705841064, 3353.196419868771
3.260575771331787, 3259.4175852238113
3.309138774871826, 3103.207302621311
3.357689380645752, 3097.5212927425746
3.4062435626983643, 3049.684054962665
3.551858901977539, 2957.301739741859
3.8436899185180664, 2946.162440203567
3.9413671493530273, 2942.4223978157825
3.9901630878448486, 2829.886724030119
4.087257385253906, 2786.215448654664
5.641943454742432, 2761.130848795692
12.637927055358887, 2754.9798109736366
12.783418655395508, 2747.8458514504964
12.929064512252808, 2729.6556679192145
12.977614879608154, 2711.56749267572
14.046127557754517, 2698.2684226023266
T69
2.9627864360809326, 3844.2689219735403
3.05997371673584, 3820.2971297383992
3.1572134494781494, 3627.541801854837
3.2059218883514404, 3603.570009619696
3.2547268867492676, 3520.6660514689574
3.3523659706115723, 3483.5576598019907
3.4010636806488037, 3466.800099849592
3.449678897857666, 3343.5450556641736
3.8385190963745117, 3268.0337108819585
3.9357450008392334, 3146.294283265175
3.984382152557373, 3081.4462027039626
4.130282640457153, 3077.80461356305
4.276236295700073, 3052.5605276106653
4.324920177459717, 3051.8447214321786
4.422497034072876, 2954.5982234044204
4.471299171447754, 2890.2997523680315
4.519989252090454, 2884.903180266687
4.665940761566162, 2835.850896365446
4.957900524139404, 2807.873458238246
5.201097249984741, 2727.159439944051
5.444164276123047, 2687.932428688913
5.639077425003052, 2678.6155382342695
5.736327648162842, 2665.8171853691565
5.784960746765137, 2643.6815051217563
5.833718538284302, 2630.8831522566434
5.882293939590454, 2630.1704989436803
6.174221754074097, 2626.54208806275
6.319972038269043, 2621.6115438971865
6.6119608879089355, 2611.0249006628437
6.660619735717773, 2579.5666237369187
6.757791519165039, 2545.826192140805
T70
1.94008469581604, 3585.8571934911015
2.086042642593384, 3470.207179641766
2.1348159313201904, 3443.00786872804
2.183415412902832, 3442.964703822785
2.377575159072876, 3315.4513227600473
2.4262189865112305, 3141.6492437466804
2.5234336853027344, 3072.7964389885965
2.6207189559936523, 3028.1315902532733
2.7663216590881348, 3011.5358785976714
2.8148951530456543, 3007.9573155970866
2.8637192249298096, 2992.451243962947
2.912412405014038, 2969.377525026335
2.961048126220703, 2957.76968111084
3.0095906257629395, 2899.823418770873
3.1066417694091797, 2868.0443020975144
4.807272911071777, 2862.4201658565653
7.287407159805298, 2859.576046447277
9.428133010864258, 2858.4097530523723
9.525306701660156, 2808.392173367123
T71
2.3338778018951416, 3846.5855003221805
2.6254193782806396, 3845.6065361307847
2.6740856170654297, 3748.5352626874374
2.722702980041504, 3658.874125733222
2.8202106952667236, 3588.2396106230008
2.9174017906188965, 3490.645441321147
2.966046094894409, 3465.9605176165496
3.0632483959198, 3313.279160486316
3.160580635070801, 3192.3440672115903
3.4036762714385986, 3043.396399115947
3.4523589611053467, 3010.9341013937446
3.5495829582214355, 2991.5283830759654
3.6466264724731445, 2946.293569376525
3.79262375831604, 2945.427826932173
3.8412928581237793, 2904.2754536299544
3.938589334487915, 2874.121376810821
4.132895469665527, 2856.072296774335
4.181555271148682, 2853.7084303140437
4.424961805343628, 2850.474951169592
4.473552942276001, 2845.156549262305
4.570610284805298, 2827.107469225819
4.619139671325684, 2784.3698615336325
4.813449382781982, 2778.242944026948
5.153613328933716, 2762.727123943183
5.834021806716919, 2753.400642057073
5.931230545043945, 2749.0365517187565
6.077291965484619, 2733.0063909055134
6.223045587539673, 2719.6010727226167
6.271666765213013, 2709.156537663941
7.098958492279053, 2702.9659149889085
7.487558603286743, 2695.9781678457257
7.633455753326416, 2670.4106331925577
7.779332399368286, 2663.85060430062
7.8767712116241455, 2635.4544934779224
8.071167230606079, 2604.5690594066327
T72
2.1836628913879395, 4204.138659507422
2.3777239322662354, 3846.2549752594787
2.426323413848877, 3512.12631659607
2.891726016998291, 3469.4252504769684
3.1834943294525146, 3185.5048384517577
3.280935525894165, 3169.526476154766
3.4754884243011475, 3114.985782285534
3.5241243839263916, 3103.373472507439
3.6699376106262207, 3036.07317124532
3.7673051357269287, 3030.2051073705006
3.81596040725708, 2996.321681679081
3.8646087646484375, 2963.587938234763
4.010146856307983, 2936.424504945797
4.107523441314697, 2923.6063246723716
4.156339168548584, 2914.755274029594
4.205165386199951, 2868.343871337798
4.351174592971802, 2845.514677188279
4.4973509311676025, 2815.677053491294
4.886426687240601, 2807.1412930451916
4.935002326965332, 2800.557113215269
4.983630895614624, 2741.185483695208
5.275248765945435, 2710.724544030025
5.3727874755859375, 2693.5964930739246
5.421374320983887, 2692.7548754127492
5.518911838531494, 2687.3371428033715
5.616040945053101, 2650.7375129438115
5.810646057128906, 2643.3023269371442
8.536996126174927, 2631.6745986287206
8.73121428489685, 2620.2245374346385
T73
2.13481068611145, 4092.4954642005105
2.183573007583618, 3960.1876414625585
2.232351541519165, 3788.535954597777
2.281027317047119, 3766.320790867918
2.3295738697052, 3557.0162464754103
2.8155202865600586, 3523.594695349435
2.9127113819122314, 3328.3760787529027
3.155926465988159, 3018.196851554181
3.3505165576934814, 2937.562559983926
3.4963290691375732, 2841.1603957133775
3.7392354011535645, 2714.917711056016
3.8365790843963623, 2702.099788581312
4.08019757270813, 2694.6929085240336
4.226159334182739, 2666.1137724065266
4.760106563568115, 2661.320473098647
T74
2.45908784866333, 3728.3141248045504
2.7017157077789307, 3696.8321803767612
2.7502779960632324, 3635.745164755732
2.8477861881256104, 3559.875246302894
2.896580457687378, 3511.9404652039884
2.945370674133301, 3427.97113084211
3.042508840560913, 3282.3825347078164
3.091197967529297, 3157.3068270257063
3.237084150314331, 3151.117880976213
3.2856340408325195, 3136.3618709838847
3.3342018127441406, 3098.8050148222756
3.3827953338623047, 3069.877110088055
3.5285866260528564, 2972.217686442731
3.67441463470459, 2959.382487814146
3.7230770587921143, 2934.479107075633
3.772099494934082, 2913.912253155533
3.820741891860962, 2866.662022006749
3.8693110942840576, 2840.3842597650873
4.306705713272095, 2792.1961487678927
5.521616697311401, 2778.5757434001134
5.715885162353516, 2776.3122722279004
5.910499334335327, 2750.6144677345146
6.202786922454834, 2662.359220392529
6.591901063919067, 2658.5525324264054
6.640446186065674, 2634.2978966168157
6.68898868560791, 2620.0214581852633
6.7375171184539795, 2589.469286016236
6.786303758621216, 2569.3317309584854
6.883620023727417, 2554.964170656851
10.872440576553345, 2550.1836845862854
10.921070098876953, 2524.157196366683
T75
1.9410467147827148, 3978.447685674473
1.9896447658538818, 3864.4756253361993
2.038210153579712, 3786.8944981826935
2.0867421627044678, 3514.6871498010005
2.135376214981079, 3397.861932971653
2.621366262435913, 3301.34718556358
2.669957160949707, 3226.828920581007
2.718595027923584, 3156.5494952748195
2.8643479347229004, 3093.5829454541745
2.912978172302246, 3066.239130216709
2.961552143096924, 3050.2900342136854
3.01010799407959, 2969.4317555416346
3.05873441696167, 2946.2807988822096
3.107299327850342, 2903.817654907354
3.3016357421875, 2861.705556857196
3.447533130645752, 2849.0716516299217
3.5934057235717773, 2814.2004329505507
3.7876901626586914, 2746.1588946302763
3.8362514972686768, 2722.668102656131
3.982147693634033, 2708.8018157461556
4.128082275390625, 2708.493478586326
4.9538469314575195, 2699.333690226187
5.099995374679565, 2669.2423671578726
12.052803993225098, 2656.366840565235
12.441543340682983, 2624.122953416114