T0
1.930173635482788, 870.3178801345421
2.1285505294799805, 759.9241593588085
6.676282644271851, 739.7496417987713
T1
1.5480470657348633, 869.9586070502628
2.456461191177368, 850.6999586098318
2.9113047122955322, 747.9085591157491
3.912848711013794, 699.3127997454649
6.8101606369018555, 634.0149951003186
T2
2.4851417541503906, 849.7909964858845
3.237769603729248, 752.637953771824
6.356071949005127, 726.1234640342227
6.804108619689941, 712.8077497138875
7.14579176902771, 673.2895092120598
T3
1.6274135112762451, 852.5728820591467
2.5855650901794434, 700.3136608845525
3.444626569747925, 699.2728388912437
4.351244688034058, 633.5756543235766
T4
2.049145221710205, 904.6282486471682
2.5035715103149414, 786.5582277720387
3.8810040950775146, 717.6286365609776
4.085730314254761, 696.0178852014287
6.111772537231445, 678.4325478654937
T5
2.092665433883667, 1181.850030625239
2.2928311824798584, 677.714737655624
T6
1.74821138381958, 841.6679568607069
2.5081520080566406, 809.5203428843233
3.765294313430786, 780.3354751291263
3.966670274734497, 748.369852756543
4.719077110290527, 701.9971056216455
T7
1.7367794513702393, 960.578350705
2.2874722480773926, 793.805582940644
2.939673662185669, 746.6313577094988
T8
2.385103940963745, 857.9769991826761
2.7367279529571533, 755.6839868563911
5.667048931121826, 654.9466220977847
T9
1.4445996284484863, 730.7482071173727
2.4622743129730225, 717.8008016019448
2.9184412956237793, 711.3498727333354
3.125202178955078, 677.463378301567
T10
1.2335457801818848, 765.3817215867093
2.037501096725464, 724.2156054528532
3.493464946746826, 695.7260221894176
3.798267364501953, 660.8540267486169
T11
1.5933201313018799, 782.3691496409665
2.5659773349761963, 772.0253296267474
3.791994094848633, 764.8616606607029
4.555844783782959, 706.8596533299278
T12
1.8392536640167236, 934.2001644446573
1.993523120880127, 823.7068417950068
2.1984972953796387, 805.1469454240141
2.708371639251709, 662.0035924020267
T13
1.6338250637054443, 903.4948201977822
1.8893945217132568, 784.457319866895
3.307623863220215, 774.5722644466223
7.251800298690796, 720.3446553395916
T14
1.8075120449066162, 732.4935543914835
3.716958999633789, 703.7617541925792
T15
2.189603328704834, 848.0614606172821
2.7999777793884277, 805.9672591747149
3.363274097442627, 741.5284695107475
3.61722993850708, 739.0255331733715
3.7212588787078857, 613.3653234541416
T16
1.80281400680542, 837.1784357924189
2.4052574634552, 821.3306451375975
2.8647830486297607, 720.5652528450155
3.8665928840637207, 682.8842791075804
5.815981388092041, 682.0173527095758
T17
1.5961217880249023, 1044.3770240713638
1.849736213684082, 801.540088314905
2.9057271480560303, 674.7582166271823
T18
1.9600028991699219, 1091.0372273138637
2.8153414726257324, 947.7732007128143
2.8650074005126953, 853.4032451224775
3.1750600337982178, 832.5682058469756
3.7246334552764893, 811.1684064534202
3.876729965209961, 793.7623841645182
4.1253662109375, 740.2325056997288
8.504253387451172, 683.7488737382955
12.031688928604126, 626.6208860719489
T19
2.285703182220459, 995.9272016229879
2.485891103744507, 820.8101737239922
2.6832168102264404, 776.9829059111216
2.889679431915283, 759.1079820503073
3.949101448059082, 756.1013715730296
4.306122303009033, 667.0808570009394
T20
1.786942720413208, 1052.5369088133375
2.0887250900268555, 829.44750197135
2.294074773788452, 746.4697783435477
3.6182541847229004, 697.1523495484653
5.42188572883606, 585.1458317780925
T21
1.73221755027771, 748.9786281971392
2.1360979080200195, 731.2210405217775
2.583968162536621, 647.5364604677598
T22
2.2382960319519043, 756.5878224429543
3.503894329071045, 755.8935273465177
3.902162790298462, 747.8540157150928
4.55627965927124, 730.9435615773546
5.161404848098755, 712.0617501381203
T23
2.087475299835205, 941.9704324450213
2.2914419174194336, 878.7189220594082
2.3458306789398193, 773.3861511553187
5.069082736968994, 761.6796390699601
6.261155605316162, 676.2956069553256
T24
2.083587408065796, 733.8124792571252
7.051421403884888, 725.0246869356779
T25
1.6310274600982666, 774.5345725613588
2.8418519496917725, 762.5119859238548
4.614076137542725, 688.212983751946
7.368747234344482, 674.808942969059
T26
1.1885275840759277, 685.86333796697
4.214669227600098, 647.6551700639902
5.917079925537109, 630.6565145297718
T27
1.1391170024871826, 902.6127271665537
1.495908498764038, 789.113850495778
1.6451032161712646, 702.318629958143
3.8724985122680664, 684.8907466681121
T28
1.7925593852996826, 692.6515113739952
3.626521110534668, 657.6396495856898
T29
2.0866401195526123, 829.0662275227078
2.444913148880005, 826.3432666718363
2.702288866043091, 773.0608349445756
4.6150267124176025, 721.3423996047059
T30
2.2018613815307617, 901.13717767872
2.7593722343444824, 787.8050441745509
3.3655779361724854, 783.9810635997928
3.866137742996216, 720.7090113181766
T31
2.2772185802459717, 877.1795225090755
2.585754156112671, 646.2262154475538
T32
1.6337766647338867, 913.8043690626218
2.092088222503662, 723.4902183678569
4.076237678527832, 664.0722354827449
T33
1.8340201377868652, 915.433359420218
1.9336721897125244, 882.1069091553363
2.5850512981414795, 749.696195583303
3.1909070014953613, 668.826121117716
5.344367027282715, 655.5276181309091
T34
1.7955622673034668, 696.2187067341074
2.9242310523986816, 621.7497565352023
T35
1.5902893543243408, 867.9826645706926
2.1611788272857666, 747.1234490693241
3.022373914718628, 708.8456525938382
3.3276455402374268, 703.9332285642304
5.941369533538818, 587.4354473865751
T36
2.2324917316436768, 855.648639965948
2.5895469188690186, 855.0539863847516
2.6438117027282715, 765.5761076695344
3.159693717956543, 744.4597553205604
3.2580277919769287, 677.5427386062074
5.165843486785889, 623.6746981716205
T37
1.5371789932250977, 780.5216052664618
1.8972854614257812, 740.5268140520566
4.146522521972656, 679.2256892261503
5.415986061096191, 625.2961306702418
T38
1.6836190223693848, 970.4707550803942
2.2976438999176025, 777.0538661346654
3.3757236003875732, 682.5142439779011
T39
1.6435940265655518, 852.2607991320547
1.7443163394927979, 832.8137129242386
2.403348922729492, 724.5016020459225
2.611480951309204, 648.6974027802862
T40
2.2116029262542725, 856.7450987398333
2.3100745677948, 774.2194982863366
2.7666053771972656, 762.4546936842744
3.174143075942993, 751.0904954948492
3.8375818729400635, 739.1119892798379
4.290387392044067, 661.6616610304845
T41
1.7809720039367676, 858.3314966115577
2.7888834476470947, 818.4686235666159
3.195038080215454, 752.6430468395702
4.1032350063323975, 697.6295178419459
5.603605031967163, 695.5111066031895
7.394768476486206, 679.9042942649539
7.641881704330444, 616.0158507422675
T42
2.181767463684082, 744.4255127175275
4.012009382247925, 731.5859780743194
7.8074750900268555, 637.3823345733545
T43
1.9822986125946045, 1023.8686315412124
2.1346147060394287, 934.3994901001424
2.1872646808624268, 927.1103830818611
2.4435176849365234, 878.906779265606
2.642641544342041, 873.0229122682358
2.794429302215576, 788.8310956560817
2.843428373336792, 773.0596725000214
2.893479347229004, 739.2347179553617
3.9508895874023438, 713.548061289468
4.555028915405273, 691.2939917707918
4.857080936431885, 689.7681720578621
T44
1.4360182285308838, 968.921632345533
1.5408568382263184, 756.1506276076107
4.300400018692017, 688.9327762137327
5.399791240692139, 634.2021270872137
6.055923938751221, 627.7383470407876
T45
1.2915334701538086, 876.9925768011453
2.3949482440948486, 769.9033988580632
3.9226415157318115, 758.3007140767659
5.179836273193359, 746.1204764635622
5.231194734573364, 726.2315271701518
T46
2.0536584854125977, 873.2781090813805
2.86386775970459, 850.1326409829708
3.982105016708374, 832.008167555301
4.39194130897522, 768.5367402558695
5.94010591506958, 760.3122386930045
T47
1.7385504245758057, 832.5694168282207
2.8022375106811523, 632.9638756602799
T48
1.539539098739624, 965.6085846162168
1.8873627185821533, 750.055477236856
2.1435651779174805, 741.6900639571686
2.3470330238342285, 737.7955224730467
5.26045036315918, 655.6032455595632
T49
2.139517068862915, 971.6470152015609
2.5004875659942627, 834.9923378340463
2.804999351501465, 789.5604000188105
4.215551137924194, 773.9066230479948
6.33173394203186, 729.2266948535907
T50
1.8370575904846191, 1316.0627868124866
2.1369025707244873, 852.7926911880859
2.436532974243164, 843.2056896939175
2.899824619293213, 735.499799843441
3.466182231903076, 608.848919112228
T51
1.3459300994873047, 867.5873371680427
2.1049046516418457, 716.6136679498377
T52
2.238231897354126, 830.5401118933805
2.79272198677063, 714.2898903893438
T53
1.5987548828125, 637.8802074185369
4.658637285232544, 616.5125103882747
T54
1.7446460723876953, 712.5047662059878
2.349602460861206, 595.3619316396362
T55
2.1910829544067383, 831.6123407228297
2.3944451808929443, 773.8792175219569
2.9996073246002197, 727.6934808982842
5.172634124755859, 719.3958594465803
7.707825183868408, 687.7456378669813
T56
1.8408203125, 1174.5866325061943
1.8920867443084717, 981.5734804956883
1.9930157661437988, 970.1439467901946
2.243814706802368, 889.2777370531549
2.3411293029785156, 720.5695504269606
2.5924391746520996, 717.2981340216575
4.951966762542725, 637.4004205006495
T57
1.3728129863739014, 855.2582152916075
3.4393014907836914, 851.6038925277899
3.489025354385376, 827.132148852601
3.5430169105529785, 817.3699124079649
3.9913694858551025, 807.5606378411248
5.740739345550537, 669.3209357874512
T58
1.4428746700286865, 863.1742176754851
1.5410640239715576, 820.4955697718033
1.944474697113037, 809.7229442262615
2.863447427749634, 764.2691291364681
4.474883794784546, 757.6446146991148
5.579940319061279, 660.3957898177177
T59
2.1930766105651855, 1022.7276606461019
2.4933550357818604, 869.8064338182157
3.4130048751831055, 772.4001156639642
3.7117366790771484, 700.0643117209329
4.328109264373779, 699.2207870161292
6.001594066619873, 663.8704286088832