T0
3.454174518585205, 125.71628608085511
5.505258321762085, 112.18324128456413
7.556459665298462, 74.79266261773739
T1
2.476274013519287, 104.92253766580784
4.527544260025024, 87.90563452378125
35.29513335227966, 66.14085329416713
T2
3.2735743522644043, 122.33808520277563
5.324779748916626, 38.879696072072605
9.427197694778442, 34.875509103882855
T3
1.0214359760284424, 71.4276926092523
T4
0.9229919910430908, 45.06744887095397
T5
2.179748296737671, 112.34223813798896
6.2820353507995605, 111.49405899649858
10.384281158447266, 93.14567653185782
18.589038610458374, 86.09279156701908
24.742412328720093, 86.01144350880091
37.04936337471008, 79.51225925631195
T6
3.7497241497039795, 125.18359283488405
9.902740001678467, 120.30900010348824
16.05647325515747, 93.07302752431274
20.158819675445557, 88.46869747299841
30.414927005767822, 87.82629457700985
32.46602511405945, 83.28759643662731
T7
3.5854783058166504, 77.48389273027173
40.50644278526306, 75.47399236047428
T8
4.071142911911011, 118.61202785424743
8.173180103302002, 94.87552685123613
14.326707601547241, 72.12793329855648
32.78721880912781, 52.12270140220157
T9
7.103459596633911, 121.26954222814828
19.408312559127808, 117.89264190270332
27.61258053779602, 106.51576064338151
T10
1.165281057357788, 68.37742824861132
5.267704010009766, 50.71037009715131
T11
5.291260719299316, 77.64184391138605
29.90524125099182, 62.75145206852207
T12
4.07873272895813, 129.39832666758855
6.129857778549194, 61.95800174258578
T13
1.848074197769165, 105.16128434943599
5.95032000541687, 80.47634250824704
22.359350204467773, 74.78221007260532
T14
3.3018107414245605, 120.48536825658468
5.3531129360198975, 118.9792882056035
11.506927013397217, 92.8878736951469
29.967496156692505, 89.05588520369288
T15
6.057026624679565, 138.7253513302603
8.108246803283691, 106.50847530653056
10.159423828125, 67.8907560468026
34.77310085296631, 66.12206760582309
T16
4.739655256271362, 158.87949153115935
6.790845155715942, 91.24809623560542
12.944329261779785, 84.0087101270183
T17
3.1377217769622803, 111.94781848489984
5.188802242279053, 64.45874606993064
T18
2.911058187484741, 92.95597374997222
13.166622161865234, 73.30762667089138
T19
0.9244599342346191, 70.84898669788326
5.026885986328125, 66.88412618295077
T20
3.882042407989502, 94.8198251472337
20.291548013687134, 56.592046605356
T21
3.1535990238189697, 131.75682431758437
5.204678773880005, 95.63322338303136
35.97253942489624, 49.39411075915551
T22
2.3810315132141113, 98.16502768896478
4.432189226150513, 80.9561793051313
16.73896098136902, 78.22005193335592
31.097524642944336, 77.67944076666282
39.30204653739929, 77.09138150262613
41.353312253952026, 73.25666679391867
T23
1.1163077354431152, 55.24751745513309
T24
5.524937391281128, 121.0769699536641
21.93418288230896, 87.33801952251558
T25
1.2958769798278809, 101.23494959302673
3.347003221511841, 63.83760380293502
15.654183626174927, 33.71457381017569
T26
0.6808450222015381, 29.4860088562017
T27
4.406291723251343, 52.63968412570421
35.173478841781616, 42.54784980466373
T28
4.793745994567871, 103.04952294226025
12.997838020324707, 89.74458466616119
31.458128213882446, 79.82334415281409
35.560548543930054, 75.98496826051358
T29
10.743314266204834, 131.87098033187652
12.794521570205688, 124.15908933383064
14.845736026763916, 79.46657057985091
33.30651330947876, 71.66170752466721
T30
1.1163604259490967, 48.65543894556003
T31
1.8439006805419922, 123.07024247246869
3.895087480545044, 116.75483855114616
10.048460721969604, 111.74313733339056
14.150624513626099, 109.35189712603209
16.201833724975586, 89.87573796412205
T32
2.6651840209960938, 141.22933547254917
12.92033076286316, 137.9890388890325
14.971436262130737, 129.95462031744364
21.124775171279907, 44.30908101499328
T33
5.327773809432983, 86.2634583443889
15.583362579345703, 81.03767366796411
T34
0.5345907211303711, 32.75507609480714
T35
8.727478981018066, 124.16881056842571
12.829562187194824, 117.08194085361622
33.34121370315552, 115.72027439161003
T36
2.047940969467163, 129.2589872399682
6.150160789489746, 125.46950725637328
8.201347827911377, 113.7215488331342
20.508435487747192, 103.89781443855077
32.815431356430054, 82.44518878946747
36.91782569885254, 66.72197812717316
T37
5.025362253189087, 133.49743522407258
7.076537847518921, 129.25208958792228
9.127843141555786, 121.90229327239733
27.58821725845337, 108.84917249332352
29.63941192626953, 69.98386108716272
31.6907000541687, 61.28664522433873
33.74178194999695, 61.213263774950875
T38
8.290637731552124, 104.45583892775203
20.597306728363037, 75.37207395343982
T39
2.981050968170166, 89.96766928729889
11.185562133789062, 74.41385992369598
13.23681902885437, 73.42023015082162
T40
1.8892035484313965, 86.40679797744046
20.349348545074463, 80.47193681099216
T41
3.051445722579956, 148.78999568325625
9.204632043838501, 101.67486029604517
11.255711317062378, 87.55017070217632
13.307058095932007, 86.29624432969045
19.460705041885376, 51.66807193470413
T42
4.876200437545776, 147.84021730044563
6.9273295402526855, 104.90673575500401
8.978509902954102, 79.23689566258712
T43
0.9239511489868164, 62.528746119912434
T44
8.843075513839722, 123.22846208662095
12.945428371429443, 122.62281907532517
14.996488809585571, 83.93701273926625
T45
7.017642974853516, 136.42645167792733
11.119802951812744, 129.27260610747527
13.170875310897827, 95.79705869257846
23.42688822746277, 90.60227530051328
35.73392295837402, 90.05433516920894
T46
3.729767322540283, 141.50531185056235
5.780857801437378, 71.05941280318828
22.189730167388916, 61.2559203952138
T47
6.958142995834351, 135.6678535958389
9.009456634521484, 97.51405361249265
13.111612558364868, 96.7640519741454
25.41819143295288, 83.82515968952839
T48
1.986755609512329, 115.94932092321079
14.293174982070923, 99.88114988186243
20.446626663208008, 96.5314293768901
26.599958419799805, 86.13984453904897
32.753270864486694, 84.22145956798629
36.85563850402832, 79.94675444730282
38.90688967704773, 58.98316250558591
T49
1.2627005577087402, 93.03592704669485
7.415582180023193, 66.82810957559428
11.517816305160522, 63.660541650361004
21.773173570632935, 60.61448760653112
T50
9.073196411132812, 137.39102477072652
13.175658464431763, 105.31968157731272
29.584864139556885, 84.62132062687324
33.68717408180237, 62.15425634825934
T51
3.1692285537719727, 117.29300514785673
7.271340847015381, 117.09694140094042
13.424778461456299, 113.57366245953916
15.476055145263672, 108.86462748414617
17.527225971221924, 103.12988006375004
23.68062663078308, 99.88169243302488
35.98744606971741, 96.15056108885534
T52
3.6813998222351074, 151.83022708080858
5.73252534866333, 131.65329604680505
7.783659219741821, 123.26781310367926
11.886008024215698, 117.06917094020008
18.039385080337524, 116.15107021100663
20.090625762939453, 112.24781904840384
24.1930410861969, 89.37277157154307
30.3461811542511, 81.79303653843206
34.44765663146973, 78.20283152787289
T53
6.183823823928833, 94.51766336104333
14.388111352920532, 71.26954577288707
T54
2.3266592025756836, 67.01348981603007
39.24627923965454, 60.92487133588973
T55
5.764322757720947, 104.95494154670222
22.319052696228027, 104.79487485781384
32.57489633560181, 74.48323257631807
T56
2.2279868125915527, 123.89110033952271
6.330095291137695, 112.28108020646944
8.38135838508606, 104.8759796676809
10.432488203048706, 96.61085659464408
20.688581466674805, 88.31489255979282
30.943849563598633, 80.48983748978253
T57
2.1783154010772705, 102.1869736296782
8.331500053405762, 77.3738635473988
T58
2.6211559772491455, 59.28685446131346
12.876222610473633, 58.061673986339954
T59
6.296610116958618, 91.82530277703722
28.858656883239746, 76.25877592956418
T60
6.22973895072937, 130.29412228376495
8.280783653259277, 101.96780555696012
10.332016944885254, 101.73877441593028
12.383195877075195, 97.8201285245449
14.434333324432373, 97.33687195311414
16.48561120033264, 93.0345101817451
20.58798384666443, 92.88598419403871
24.690471649169922, 83.45695468413197
30.84390354156494, 53.997607633640094
T61
1.4544899463653564, 37.29768209291989
T62
4.212104320526123, 97.60882712917231
22.672505855560303, 72.66622864853801
30.876943349838257, 65.4894752313468
T63
4.120258569717407, 102.33118701368724
6.171232223510742, 69.40925019676132
T64
1.840773105621338, 91.34453546084472
30.555583000183105, 41.5477579958075
T65
4.354734420776367, 106.72230467226916
6.405791997909546, 101.81561132254731
10.50817322731018, 97.93984131334976
33.070653200149536, 60.39080084413541
T66
0.9219648838043213, 65.23016943277811
T67
6.9950292110443115, 106.85496508738579
15.199539422988892, 106.73963334711857
40.062254190444946, 64.26264757413364
T68
6.235332727432251, 144.16337194223783
8.286406517028809, 117.40553933238749
12.388590812683105, 109.12721127694574
14.439719915390015, 81.98137703797914
T69
1.7963593006134033, 62.39581973841558
T70
1.5022549629211426, 105.89236848906995
3.5533502101898193, 84.82393834027874
5.604631185531616, 83.63645625126941
7.863592863082886, 40.9517615077298
T71
4.01828932762146, 139.78563008998626
6.069411039352417, 73.67008492187657
14.273925304412842, 67.98587579424364
T72
1.1156086921691895, 55.5776954207805
T73
2.953819751739502, 100.51945326317143
17.312142848968506, 98.326917278465
33.72128367424011, 87.87147918967523
35.77241635322571, 80.97982393025713
T74
15.189440965652466, 75.45633558888267
T75
7.774656772613525, 153.51866447266335
9.825860977172852, 83.78122824054762
15.979542970657349, 58.61098773728963
T76
1.216245174407959, 116.44378841605814
3.2674028873443604, 96.88235402429181
9.420852422714233, 78.36003933885557
T77
2.385652542114258, 28.171249326222018
T78
2.5819802284240723, 139.96126634608845
6.684305667877197, 118.67706060479881
8.735563039779663, 88.54115190626129
12.837968349456787, 81.46668135140746
25.145272970199585, 80.54178598298235
T79
2.9521329402923584, 127.61721992328754
5.0034003257751465, 66.30367755776103