T0
1.0904393196105957, 78.79906398057594
3.141551971435547, 28.80514744346713
T1
9.923427820205688, 174.61508841405066
11.97475790977478, 81.31295069775638
16.078142881393433, 56.63404273038921
18.129283666610718, 37.78761660409516
20.180506229400635, 35.36433055798229
22.23162531852722, 31.71365498788246
36.58938694000244, 29.16279448424018
T2
3.594149112701416, 77.29796785012921
5.645351886749268, 38.8231868455387
T3
1.8434655666351318, 118.27140305663218
3.894728183746338, 61.66961615970324
5.945971965789795, 58.64631200903306
7.997101545333862, 57.45634537094692
T4
1.5529389381408691, 72.75481573854555
3.604349374771118, 51.13185739428022
5.65554666519165, 49.77689142415411
7.7067039012908936, 38.93507964343472
11.808875322341919, 15.733017832739112
T5
9.421008825302124, 83.85527513543781
11.472232580184937, 64.9751759858155
17.625633001327515, 61.99885785784189
25.829840660095215, 45.14297992581641
T6
7.850917816162109, 128.05943986907684
9.902064085006714, 72.2548764191213
11.95331072807312, 43.68050861518717
14.004571914672852, 42.871534624728355
20.158080339431763, 42.46396604228521
28.363844871520996, 41.92945248247021
34.51785445213318, 39.86723717663685
T7
4.989232063293457, 146.81607864607608
7.040487766265869, 69.40036001317947
9.091840028762817, 57.33138566400145
11.143205642700195, 47.549644983030795
15.245716333389282, 22.9298043699605
T8
2.759469985961914, 45.32233547885308
T9
5.625253200531006, 107.62164629909293
7.676413059234619, 64.38081661895674
9.727700233459473, 45.63435691273587
40.494933128356934, 12.651837178105033
T10
2.580108165740967, 113.47812331169455
4.631099462509155, 39.18266080028964
8.732075929641724, 37.33906090748619
23.089791297912598, 33.27123940466302
T11
1.8402183055877686, 91.04496053683559
3.8913235664367676, 55.80700848808995
5.9425294399261475, 45.67622617346945
20.299884796142578, 41.74543829567411
24.40206265449524, 37.45399646856528
T12
6.293824195861816, 187.0422044925936
8.345110416412354, 47.589696909835396
10.396240234375, 36.62348518967143
28.85675358772278, 18.666830917916762
T13
4.161452054977417, 81.8681176058617
6.21240496635437, 79.0281654637835
8.263504266738892, 65.83761648681221
T14
2.280787467956543, 122.68769118737777
4.332085847854614, 60.61591168642199
6.383432388305664, 32.31466290122267
10.485545873641968, 27.771692218533428
T15
2.6694886684417725, 162.6882235222293
4.720654010772705, 46.11805569556621
6.771761178970337, 41.56190858455699
T16
2.711188316345215, 92.46023063222358
4.762366533279419, 43.7321650517067
6.813645124435425, 41.81110117116712
8.864822387695312, 39.598269924183455
15.018065929412842, 34.41371382860878
17.0692298412323, 33.28788493328314
19.120333909988403, 32.21088653942492
31.426750421524048, 30.989633608971175
39.63100218772888, 30.863913454566728
T17
3.7339797019958496, 126.19527767299154
5.785232067108154, 48.88620886010492
20.143452405929565, 46.94351444921699
32.44917702674866, 46.06484753647739
T18
1.3595635890960693, 66.50907672867653
3.4107723236083984, 56.90110434281653
5.461756467819214, 45.572288267559536
19.819335460662842, 25.741356841354296
T19
12.150080680847168, 114.06204200409364
14.201189756393433, 39.082880329124954
16.25228214263916, 30.803127971782303
20.35446548461914, 17.32833940772155
T20
1.8923189640045166, 90.63758286323497
3.9434525966644287, 51.21619018721969
T21
2.1331818103790283, 117.57649959800895
4.184519290924072, 47.76501537328011
12.389093399047852, 23.17936618101449
20.593939304351807, 18.355879672530005
T22
1.840205430984497, 98.28270453819339
3.89133620262146, 41.92829130954518
T23
3.680478811264038, 62.6336502047994
5.73143196105957, 59.010762711139044
7.782604217529297, 51.79585619648484
T24
5.022653102874756, 212.6397908130931
7.073834419250488, 73.66998723326519
9.125138759613037, 66.22815848375869
35.789635181427, 58.678120593171826
37.840819120407104, 46.48303947172753
39.891931772232056, 39.18175687889164
T25
1.600862741470337, 117.3941875462389
3.652118444442749, 54.617946827576546
5.7032248973846436, 51.42153689140575
T26
10.118648290634155, 119.3997016112979
12.16981053352356, 79.99307560109169
16.272247314453125, 74.65776259840689
18.323607444763184, 65.29534720956164
20.374746561050415, 59.43464910058305
T27
3.780755043029785, 118.79957779650785
5.831866025924683, 74.00021437068928
7.883058786392212, 41.58841031516519
14.036641120910645, 24.626962046655798
22.241209983825684, 17.799620414904165
T28
6.486356496810913, 133.38324666852884
8.537607192993164, 68.40120761148033
10.58887767791748, 51.12592826989244
14.691394805908203, 49.69644147497079
24.9473819732666, 47.65335344025931
26.998574018478394, 43.096503540860134
29.049747228622437, 39.08511200123134
33.15211009979248, 36.44287620535016
37.254608154296875, 32.82117952316696
T29
5.870336055755615, 128.9597849468795
7.921480894088745, 81.47089651912043
9.97283411026001, 73.18390142421235
12.023937702178955, 64.11717403554542
14.075190305709839, 52.147632756724846
22.279776573181152, 42.92772419381649
30.484522104263306, 38.87929856203091
T30
8.972325801849365, 119.20758546483059
11.02364993095398, 48.02067755978842
13.074805498123169, 40.771136352833395
15.125828504562378, 39.42993664981585
39.73938322067261, 32.34128738268875
T31
2.5650432109832764, 70.25226293531146
4.6162755489349365, 34.452210540818506
T32
8.913645505905151, 95.77583937709835
10.964890956878662, 61.41291594870835
13.016069412231445, 31.416234132717307
T33
4.063836336135864, 122.89575242840168
6.115027904510498, 78.03924107375911
8.16623854637146, 62.96268117944566
10.217296838760376, 51.98255016784289
T34
2.8690099716186523, 75.48699657645251
4.920174837112427, 61.74020210489452
T35
1.2592875957489014, 110.11251628548824
3.310354232788086, 59.06678034429304
5.361440658569336, 26.550759450689178
T36
2.372518301010132, 115.49411112552565
4.423663377761841, 77.9645639385063
6.474672317504883, 75.57448648569753
18.781237363815308, 57.809780040578545
20.83235454559326, 39.484959509987064
T37
5.228097915649414, 107.80405228411404
7.279250144958496, 82.5293004686943
9.330399751663208, 62.338896792878174
11.381679058074951, 48.97692743395666
17.53503131866455, 45.283677965460114
31.89306354522705, 34.76508507460198
33.944138526916504, 30.89608686092015
T38
2.665168285369873, 108.00826040530623
4.716355323791504, 37.278027282326505
T39
2.0325398445129395, 98.95148780583534
4.083742141723633, 67.10313343630762
8.185786008834839, 34.77674732565575
T40
1.4551236629486084, 57.822158532751686
3.5061566829681396, 31.35057178671269
38.3753387928009, 21.132183644282147
T41
2.3728950023651123, 105.94445356447481
4.424016237258911, 49.60271351466359
16.73095440864563, 20.698115250912345
T42
2.065199851989746, 102.57900907506983
4.116261959075928, 37.82632208367476
T43
3.946475028991699, 123.14929326028255
5.99770712852478, 44.04603124329279
8.04880666732788, 41.081511610817635
T44
0.5828258991241455, 42.90575033692148
2.633937358856201, 37.824328556368705
4.685084342956543, 35.630196308320684
T45
2.1344034671783447, 123.12881317645048
4.185481548309326, 67.75147550973193
T46
5.484281539916992, 118.91222812008193
7.535525798797607, 37.85620657367228
T47
5.788538932800293, 68.83393093869971
9.889441728591919, 63.00063357153404
13.991538763046265, 56.379936457647986
T48
3.5875821113586426, 125.309092517794
5.6387810707092285, 62.05470276664041
7.689795017242432, 45.69344199351768
17.945319890975952, 19.152977551150805
T49
6.633911848068237, 154.30873030580298
8.685095310211182, 93.44390293738662
10.736129522323608, 68.49766993233077
12.787306308746338, 64.07750084785037
16.889477252960205, 24.92448425853126
T50
3.1543121337890625, 117.94375290450479
5.205534934997559, 58.27839344031089
7.2567408084869385, 51.507005664272846
9.307828426361084, 51.31520060597764
13.42299199104309, 47.086881645680485
19.576539993286133, 32.43450007537476
T51
5.0379884243011475, 145.2353770169821
7.089231014251709, 60.92441553769267
9.14058256149292, 42.13939284025142
T52
1.4107887744903564, 103.00892131937773
3.46193790435791, 65.37824993677152
5.513143539428711, 55.39876718497176
7.564319372177124, 34.05146990188522
T53
12.139707326889038, 123.75727025847969
14.190792083740234, 51.053783718675724
16.24188756942749, 41.31159761945899
T54
6.917719602584839, 48.599949239013135
8.968918323516846, 40.447712197063886
T55
0.8281903266906738, 76.16654519434435
2.879363536834717, 53.280673375048735
T56
2.326002359390259, 102.833905058311
4.377150774002075, 29.709812268560455
T57
4.307869911193848, 128.0914909886425
6.359056234359741, 61.71313462298731
8.41015100479126, 41.13276579869434
10.461160659790039, 40.529921632249284
16.614316940307617, 17.656578675653222
T58
4.354206323623657, 126.0857894754532
6.405349254608154, 60.882664972306415
8.456560850143433, 58.293139996059146
10.507779598236084, 52.92838347344958
14.610187292098999, 38.247119151653415
16.66144037246704, 29.425435266946078
T59
0.9239704608917236, 36.17557569126953
T60
1.186511516571045, 88.52797196598469
3.2376160621643066, 67.55297648301519
5.288647651672363, 26.31628734082763
T61
2.235396385192871, 144.91044150041066
4.2867677211761475, 40.89061357010766
6.358121156692505, 29.97216527745907
18.664674282073975, 20.261233463842824
T62
3.7310500144958496, 96.85619638763447
5.782232761383057, 42.91660850593732
7.833389043807983, 40.867334274987364
9.884798526763916, 40.58392612723236
24.243918418884277, 39.19204746696703
T63
2.2789111137390137, 113.2648829600449
4.3307085037231445, 34.09802095541234
T64
8.72605562210083, 88.16081431334692
10.777308464050293, 47.21201407068866
12.828339099884033, 46.60177425364178
23.084325790405273, 35.5157387799316
T65
5.550626754760742, 101.77336952537203
7.601725339889526, 72.62696018938593
9.652878761291504, 59.015519824786104
11.704055547714233, 56.88597200458666
36.317246437072754, 56.251783636502175
T66
2.6647589206695557, 110.09964682612568
4.7158567905426025, 72.66763865274018
14.97163200378418, 58.980913447854746
17.02281403541565, 53.10668193867728
19.07391929626465, 49.91600017627514
23.176032781600952, 19.472326665169994
T67
3.6838300228118896, 106.1406781979025
5.734949111938477, 45.52756720407925
13.939496517181396, 31.76340495646816
36.50148320198059, 29.245173713580332
T68
9.015157222747803, 88.95632610396947
11.066370964050293, 48.57521526451515
13.117512702941895, 44.19684202472973
15.16883134841919, 40.205468684815884
17.220077753067017, 37.19651819105118
39.78345441818237, 28.803026582163973
T69
4.4097888469696045, 155.61922054153513
6.4610044956207275, 53.32419454857549
8.512126684188843, 44.15161124533812
24.921231508255005, 17.259160540346585
T70
1.7483084201812744, 53.342826317842366
3.7995071411132812, 36.436420032286584
T71
5.055732011795044, 118.60770116782882
7.10712456703186, 37.123586306849916
9.158616304397583, 33.79162213360506
13.261048078536987, 29.167145102095645
T72
2.373955726623535, 126.45193773297314
4.425105333328247, 36.37395515381091
T73
3.8740921020507812, 96.12765642054396
5.925117015838623, 53.979546223939955
7.976290941238403, 45.69560736579919
10.027467489242554, 28.183060653460018
T74
12.033700466156006, 193.258836971216
14.084988117218018, 60.45775915178901
18.187458992004395, 59.27456036503674
20.23867654800415, 48.95665054287438
22.307265996932983, 33.95138043851354
28.4606773853302, 32.687370882228045
T75
5.997867584228516, 117.8093077431967
8.049055099487305, 60.021663882351106
10.10026240348816, 56.645891771565104
32.66186022758484, 37.77795895380771
T76
1.7934000492095947, 139.6098591533636
3.8445756435394287, 57.83074101569554
7.9448301792144775, 51.43796649828374
9.996248960494995, 21.402052801496787
T77
2.2305610179901123, 84.78544530953829
4.28197717666626, 33.84157570232354