T0
0.7766983509063721, 87.06400960051892
17.185741901397705, 47.11612377110615
T1
0.4977095127105713, 37.62188947798921
T2
0.19504189491271973, 68.50139765450191
T3
0.4861769676208496, 59.60739227690227
T4
0.7925615310668945, 86.13920488381957
13.099823713302612, 81.97981348107564
23.356273889541626, 79.94787361824497
T5
0.4843623638153076, 49.87528767754561
T6
0.19542312622070312, 61.13994990359036
18.656909227371216, 52.9299413308088
T7
0.4875171184539795, 82.62327964445353
14.844980716705322, 80.38074987697306
T8
0.1972789764404297, 120.88259564446605
2.248345136642456, 72.3145536652917
T9
0.1955859661102295, 85.11992242447529
T10
0.1952528953552246, 27.704557461114113
T11
0.19508862495422363, 90.62833198092615
4.297330856323242, 76.33540519709878
6.348387002944946, 69.3933600263259
8.399507284164429, 61.61499276788328
T12
0.1955568790435791, 89.75627203133085
4.297790288925171, 86.00906138713903
8.400105953216553, 66.22777362114981
T13
0.19503331184387207, 32.34394099741157
T14
0.19569969177246094, 81.24511486977745
T15
0.1951148509979248, 76.24282837481587
12.501775026321411, 63.75489173421268
T16
0.19509005546569824, 51.34787617621883
T17
0.19499611854553223, 92.75374095915234
2.2461953163146973, 34.957882801293565
T18
0.19452524185180664, 88.1857892966635
16.602824687957764, 84.41961936500154
20.70519781112671, 80.69223794929871
T19
0.19546294212341309, 69.11522878799741
2.246586799621582, 54.220828109260744
T20
0.19483327865600586, 64.02801665497299
T21
0.19560933113098145, 32.77034321050172
T22
0.19620680809020996, 27.94681978339826
T23
0.19550514221191406, 90.358027486371
10.450192928314209, 63.5319899569872
T24
0.19469165802001953, 102.50176878169407
8.39852499961853, 98.00259210678438
16.602890968322754, 91.65780492113079
22.756019592285156, 88.67251115901765
T25
0.19489812850952148, 65.99076830410463
12.5013267993927, 49.641793046514785
T26
0.19518113136291504, 83.92344930832145
6.348376750946045, 78.60014103231408
12.502151489257812, 71.70718431066008
T27
0.19477248191833496, 96.24221178229863
2.2457423210144043, 81.01037636081891
T28
0.19510984420776367, 113.6538614965796
2.2462337017059326, 108.48393750983453
4.297392129898071, 108.05490038521766
8.399447202682495, 85.40680634558936
10.450756788253784, 75.40504831004714
T29
0.1948397159576416, 57.41294277045189
10.449894189834595, 52.90803866729627
T30
0.1950228214263916, 123.59152062146656
4.297130823135376, 79.18417876405458
22.79826045036316, 74.93980330738283
T31
0.19516348838806152, 47.39763060398276
T32
0.19516229629516602, 90.80221422913202
2.2462258338928223, 88.49046499378781
6.348664999008179, 77.30878037922348
10.451181411743164, 51.24077084372392
T33
0.19546914100646973, 99.74335787628839
4.29770565032959, 67.07270994331205
T34
0.19508576393127441, 76.30211048089673
2.246162176132202, 67.46174882866418
8.399824142456055, 58.68126091838651
T35
0.19506192207336426, 71.57748825192792
T36
0.19476819038391113, 155.20064963106714
2.2457964420318604, 68.47721613794836
4.296810626983643, 46.69522886940017
T37
0.19584965705871582, 64.30914640995721
8.400259733200073, 18.305342114381528
T38
0.1952342987060547, 99.4479116364311
2.2463207244873047, 32.696572021632065
T39
0.1949625015258789, 85.46512963328269
2.246121883392334, 81.62607156827977
6.348598480224609, 74.15626919475946
T40
0.19525790214538574, 78.01966804659577
2.246370553970337, 70.25874602180508
T41
0.19487905502319336, 75.52947757767946
8.398950338363647, 74.88359838245876
16.603511571884155, 72.02787445096314
T42
0.1953425407409668, 92.67681700590849
10.45120358467102, 61.760485595749195
30.963695287704468, 52.92231365840215
T43
0.19555163383483887, 85.1834614275723
4.297785520553589, 82.91095269757076
14.553337812423706, 78.16009746143055
20.706902503967285, 75.47747093025737
T44
0.19479012489318848, 100.21475796537993
2.2459394931793213, 91.50702498685862
4.29694128036499, 80.18008558022686
6.348049879074097, 64.15440808114953
T45
0.1949455738067627, 53.353081899611155
T46
0.19501137733459473, 63.81959686633451
T47
0.1948835849761963, 84.21652174395655
20.706077337265015, 40.72216335392905
T48
0.19451451301574707, 106.81015490386771
12.500163555145264, 93.7286723870416
22.75523352622986, 87.94351136315709
24.806405305862427, 64.58450648961085
T49
0.19518423080444336, 107.98082895236152
6.348032474517822, 92.68592858926753
22.75696301460266, 84.55569827129344
T50
0.1948089599609375, 114.56147657890779
2.2458548545837402, 111.67396960777681
4.297181844711304, 97.69657531613501
10.450916528701782, 94.7273963906364
24.80910587310791, 84.30596473347865
T51
0.19486093521118164, 50.769086278715335
12.50147795677185, 36.78792579739804
T52
0.19490766525268555, 51.36100189267073