T0
4.040128469467163, 148.30510922510936
8.142231464385986, 119.64851307070393
12.243854522705078, 112.65501477789257
16.3457772731781, 106.87109999609294
20.447424173355103, 101.73717113211337
36.854450941085815, 89.28131119109344
40.956409215927124, 42.28555253183892
T1
1.6939287185668945, 91.45446557219378
3.744856119155884, 91.07111623852234
7.846580743789673, 41.632443174212455
16.050347805023193, 23.351896024165832
T2
4.371302366256714, 81.06052396821963
6.422134876251221, 73.56231326589712
59.74331521987915, 65.50561855816508
61.79422378540039, 20.29399132771078
T3
0.43633103370666504, 46.27240791967603
T4
2.128936767578125, 122.2341137814025
4.1798319816589355, 101.66889211779636
6.23067307472229, 96.50312404814863
10.33236050605774, 88.20134143807347
12.383182764053345, 81.48800228966574
59.552696228027344, 63.858152384818084
T5
2.420567512512207, 82.82087037244716
33.183640480041504, 81.02922819811755
T6
6.478684186935425, 97.89949904465803
12.631657838821411, 86.85542235171025
18.784622192382812, 85.21219674916678
31.09001588821411, 68.27678758935158
53.64958167076111, 65.72688426720956
T7
3.725144147872925, 121.54420563764825
9.877695560455322, 105.63812925833892
28.33561897277832, 49.73528201180061
T8
4.16402792930603, 128.53243106029413
6.214919805526733, 120.13957745504094
10.316790103912354, 117.6227705331151
12.367815971374512, 104.85395361002762
14.418876886367798, 46.654301602496126
T9
3.7265658378601074, 133.1249428599204
7.845076560974121, 99.30738510677398
13.99757194519043, 55.571192956929984
44.76007533073425, 40.49150050280551
46.8111629486084, 35.24106617784946
T10
2.227222204208374, 127.06921980346635
4.278090476989746, 79.22429005612315
18.63384437561035, 70.1109444536503
T11
1.1635749340057373, 130.43570743699115
13.468957424163818, 104.95769421647779
29.876047372817993, 92.03337003271034
40.130805015563965, 87.1316214915426
48.334622859954834, 83.40226731766639
T12
2.470047950744629, 133.8825296592013
6.571877956390381, 119.02029802801879
12.724717140197754, 80.85799076641267
16.82662320137024, 61.74610763881016
T13
4.307276725769043, 117.2581061368592
18.704577207565308, 107.61696387542054
20.755577325820923, 88.18831970436756
22.806627988815308, 43.1479731475422
T14
3.04801607131958, 83.82061318313943
9.20076847076416, 81.20190788096602
21.50596261024475, 69.12769369668764
46.1165497303009, 65.20105065853377
T15
1.6947588920593262, 70.12851221888566
3.7457101345062256, 45.56084155406903
T16
2.7228658199310303, 78.68124199835167
25.282976150512695, 78.18237876016879
39.63905453681946, 73.18391656255625
43.74098825454712, 71.53755981740639
47.8426878452301, 51.8907941231024
T17
6.193648815155029, 131.22759322750179
8.244569301605225, 95.93778071930717
22.600727796554565, 85.47986369813582
28.753300666809082, 60.77001714961566
T18
5.3650853633880615, 103.8211502931657
11.517662763595581, 47.78311467022494
T19
3.9478073120117188, 144.61469142157927
5.9988625049591064, 129.91769883421674
12.15151309967041, 91.01022750274502
16.2532742023468, 69.28320714092915
T20
4.536278247833252, 136.63743567475558
8.638000249862671, 117.84081402581403
16.84188961982727, 102.40544929876589
25.04568362236023, 95.0781032685614
49.6564404964447, 77.70159982902724
T21
1.1623821258544922, 91.05273479507069
11.41668438911438, 85.0732537314324
27.823556184768677, 84.40716167563616
31.925254821777344, 82.15740813162128
44.230817794799805, 60.92151135517869
50.38341569900513, 60.0902188767507
T22
1.3570737838745117, 85.19151723703602
3.4079065322875977, 63.72102361639258
T23
5.6622560024261475, 112.91961559750095
7.7130773067474365, 110.30655897372941
11.814988374710083, 101.71492970719997
13.865807294845581, 93.62582576867825
15.916773080825806, 77.36348984136362
17.96767830848694, 75.11765752890126
20.01856231689453, 65.86748383286341
T24
3.14408540725708, 176.23321099871757
5.194916725158691, 101.83423608745308
9.296793937683105, 88.10841332378358
11.347838878631592, 72.32495198117529
33.90717530250549, 67.91905055310082
T25
2.4684360027313232, 138.66092697580933
4.519389629364014, 84.05142154373128
22.977145433425903, 74.43569679373401
27.07902240753174, 34.317934037842974
T26
5.275894403457642, 48.24081071098044
T27
3.291058301925659, 138.5305704210075
5.341946125030518, 90.82371481000179
21.749213218688965, 90.74351354685686
48.41062641143799, 88.95983961518913
50.4615433216095, 65.03122765838815
T28
4.279954195022583, 140.39532659855556
6.330833673477173, 90.17574738046217
22.737497329711914, 86.4446913170047
28.890286207199097, 78.03715628427791
T29
3.4504830837249756, 153.50347359183834
5.501335859298706, 144.81912121494358
15.755608081817627, 111.92848216571659
17.806501150131226, 104.27602093527702
21.908396244049072, 88.99477890646874
30.111807346343994, 87.55797099288492
32.162874937057495, 46.58275963867531