T0
3.748724937438965, 116.94246701795012
5.799906492233276, 55.2232656856496
7.851065397262573, 43.40733782479553
28.362416744232178, 31.26135331143694
T1
6.062256336212158, 139.97096220753807
8.113416194915771, 63.346963348556635
10.164516687393188, 44.34374786070131
12.215582132339478, 40.70635622306082
14.26671838760376, 33.65371917888817
T2
3.8008170127868652, 92.36061973258613
5.851989269256592, 27.478143000973866
T3
2.922142505645752, 98.27168755687829
4.9733216762542725, 61.02751250110703
7.024415731430054, 59.315180437885566
15.228847980499268, 57.59086806450523
19.331117868423462, 45.78838795444738
21.382359266281128, 40.81806644901455
T4
2.3807995319366455, 49.51394300581619
22.891939163208008, 43.703959627742435
24.94311237335205, 34.897786880561824
26.99438190460205, 33.12380330637253
T5
7.9557414054870605, 126.04363551927571
10.006935358047485, 70.5172503552028
12.058096647262573, 63.708258908569576
14.109488487243652, 55.78558180817392
16.160665273666382, 49.80113779955439
18.22041964530945, 37.16655089611274
T6
6.957212209701538, 87.76460872718985
9.008387804031372, 54.87343394836944
T7
9.206484317779541, 123.29027484863826
11.257866621017456, 55.273304069438915
13.309022426605225, 44.85763518201898
T8
0.9242231845855713, 50.88399823531694
T9
2.3793787956237793, 103.88064357907577
4.430575847625732, 46.3558225851947
6.481826543807983, 41.456053231826104
T10
4.7139198780059814, 43.213389477840835
6.764999866485596, 24.33381740603422
T11
2.529229164123535, 97.03286812208118
4.580384016036987, 42.82391777128095
35.347238540649414, 38.4478950095911
T12
1.4604542255401611, 81.2331702404863
3.511646032333374, 35.82632090997272
5.562934398651123, 35.45619707897188
T13
0.9737892150878906, 39.79298694420918
3.024923801422119, 31.736397020665937
T14
7.5308518409729, 179.31251105699056
9.582158327102661, 63.697279006820125
11.633388042449951, 57.95139935597055
15.735613822937012, 56.359718128617956
21.88910222053528, 50.821056923517546
34.19578671455383, 48.623688995429674
T15
0.6250395774841309, 47.29195520504806
2.6761844158172607, 27.75348660575615
T16
0.9253790378570557, 43.55290538654499
2.9765477180480957, 41.44740058695728
T17
5.6852312088012695, 52.01701367493848
7.736330986022949, 41.662946592469865
T18
1.364089012145996, 47.406500099369474
3.4151649475097656, 26.19596849672639
32.130934953689575, 22.02328759448335
T19
3.837355852127075, 129.45336155669983
5.8885416984558105, 53.839556761442736
7.939658880233765, 50.68896246479299
9.990824460983276, 47.69924836799673
14.093046426773071, 31.825953391329556
32.55274677276611, 28.914297771457182
38.706188917160034, 20.31782527532968
T20
6.120674133300781, 147.4014413006123
8.171865224838257, 73.10221993413599
16.376341342926025, 55.56746728546837
18.427467107772827, 39.080957702256356
32.78536605834961, 37.62145692590099
36.88760781288147, 27.897774608545106
T21
12.725786447525024, 149.54696157574296
14.776989698410034, 75.42140810905317
16.828221797943115, 50.28103702281467
25.03275728225708, 49.188075812465314
33.23739814758301, 41.97344335240905
35.28863501548767, 41.277274431460334
T22
4.372649908065796, 137.84795437742486
6.423773527145386, 74.02601695183401
8.475127935409546, 61.97788105716069
12.577383518218994, 54.29748734141078
T23
3.8874142169952393, 123.63010780032043
5.9386210441589355, 52.01189209413457
10.040939092636108, 51.83868619859194
20.296785831451416, 50.83852568601917
30.552595138549805, 41.18020113518108
32.603851318359375, 31.405752122847204
T24
3.0775675773620605, 142.43992828649084
5.1287970542907715, 44.963102597179315
7.179984092712402, 40.129324642761986
9.231161832809448, 27.42296763678243
T25
9.608790636062622, 126.30949187631407
11.659922122955322, 79.17696243493172
13.711217403411865, 73.38349101367197
17.813462018966675, 68.14629747008512
28.069066524505615, 64.57779293552052
30.120255708694458, 57.60603930555524
36.27357196807861, 57.28652668912096
T26
6.411336898803711, 78.93501950173103
8.46246337890625, 45.281743256138114
T27
1.4104526042938232, 45.252190700874976
36.27945947647095, 36.76174808003529
T28
2.2836496829986572, 127.71807103641169
4.334835529327393, 45.459748135079295
8.437257289886475, 44.95654899387918
14.590581178665161, 44.25449801337233
T29
6.262419939041138, 122.07205751947164
8.313588857650757, 58.798440453892056
10.364796876907349, 52.893818546450646
24.72258996963501, 49.42179063544609
26.77378559112549, 36.96319069889867
34.9780855178833, 27.72835348365753
T30
7.067927837371826, 157.1741875350773
9.119125604629517, 55.869208652327785
19.374648809432983, 31.2664547408559
33.73239994049072, 20.763065304912494
T31
4.614156723022461, 143.08574014572733
6.665340900421143, 52.6542247283885
10.76762866973877, 49.10897146630485
16.92097520828247, 46.46162861986832
18.972129583358765, 45.29939657978211
T32
3.5408425331115723, 158.2462653782047
5.59198784828186, 46.62681610389671
T33
6.167229890823364, 97.9685918597689
8.21844482421875, 40.23760917865961
10.269615888595581, 38.59756587001577
T34
3.7222769260406494, 111.23671112799427
5.773397445678711, 47.3942240154632
T35
4.079630613327026, 83.74056741876652
6.130795955657959, 45.22171402859972
8.18192982673645, 39.72266175443882
T36
4.12946891784668, 117.75909779420583
6.180678606033325, 77.49468896675782
8.231845378875732, 65.65183964953096
20.538514852523804, 48.227316439899674
26.69171667098999, 31.597232161748828
28.742908000946045, 21.007457238741072
T37
1.2664473056793213, 55.1388761587674
3.3175692558288574, 34.03089198865531
7.419880628585815, 31.17198196973069
T38
5.146099805831909, 135.44316887446885
7.19725227355957, 61.2807929701647
9.248390674591064, 55.45392582023767
23.60472297668457, 41.79203879504611
T39
1.0695858001708984, 76.17968901837183
3.1207590103149414, 56.49101500402643
5.171948194503784, 48.584134323617306
11.325221061706543, 35.05518260298854
T40
3.4026994705200195, 67.28656723327393
5.453784465789795, 50.85437923653819
7.504827260971069, 47.87406903754557
11.692798852920532, 26.487486487572745
T41
8.67956280708313, 87.31153657019574
10.7307870388031, 57.59724403165934
12.78192663192749, 49.059370878985696
14.833080768585205, 44.786911400054024
31.24227213859558, 39.43438066115297
T42
3.612797737121582, 98.2993999872036
5.6639697551727295, 53.947732853910445
7.715147256851196, 45.329861935108276
9.766325235366821, 40.66019588539288
11.817487001419067, 40.200866651160545
22.073224544525146, 35.64920571163218
T43
1.5095775127410889, 85.2846634510241
3.560852527618408, 67.82272238333641
5.612019062042236, 39.64631595455272
T44
3.889314651489258, 100.3398343083268
5.940735340118408, 45.019929604313475
T45
1.1190717220306396, 61.98612980781096
3.1702117919921875, 45.054324128836605
T46
2.479517698287964, 87.74509718638846
4.530702114105225, 52.93273289044419
6.5816872119903564, 48.56676471259266
12.735028982162476, 44.5101865752972
16.83725142478943, 40.69683834135561
27.093777656555176, 22.277496149071954
T47
0.8290679454803467, 24.645184476242658
T48
3.691936492919922, 106.8581195384443
5.74308180809021, 55.295797469306216
7.794277667999268, 52.01649215287985
22.151891469955444, 51.948052878072076
T49
0.9250826835632324, 63.299378349482524
5.02742862701416, 45.84308525201767
9.129726886749268, 36.762005104473126
T50
0.9739882946014404, 33.127241744117185
T51
2.5285251140594482, 69.97808967135418
4.579594135284424, 54.80761838821634
6.63079309463501, 49.75289317589387
8.681983947753906, 45.416249585608455
10.733185768127441, 44.90483458367418
14.835481643676758, 35.19477296019498
25.09128165245056, 29.754287090699755
35.346827030181885, 28.016904323338377
T52
5.199479818344116, 116.68358459352814
7.250638008117676, 60.73665648597451
9.301789283752441, 39.20511890789299
11.353029012680054, 36.41468942347833
17.506402254104614, 26.13757930021308
29.813143491744995, 25.024603761942245
31.86430072784424, 21.92338881103241
T53
4.370161294937134, 123.15880789126864
6.421294689178467, 44.82863937485942
14.625661849975586, 40.75414082665424
T54
5.776980400085449, 93.04918521571882
7.828092575073242, 49.65691605304123
28.338730812072754, 48.7309401511921
T55
6.775012016296387, 145.32989065285733
8.826136589050293, 62.507948640340516
10.877264976501465, 46.65750232739168
33.4391975402832, 42.11508331500849
T56
1.217073678970337, 62.78817278489426
T57
1.4091479778289795, 71.34953369643088
3.460362195968628, 34.981636970757066
17.84546208381653, 27.007168866817757
T58
1.5547051429748535, 88.00502936986827
3.6058006286621094, 69.27676127698129
5.656947135925293, 58.83410903032649
7.707948923110962, 57.80840062459566
17.963282585144043, 56.09046738506334
T59
2.6759819984436035, 152.14975439050406
4.727252721786499, 48.00611301396826
6.778329372406006, 39.8698842113494
17.033997058868408, 38.71731497473631
19.085214138031006, 31.149901804632457
T60
4.19202995300293, 131.44486964098616
6.243124485015869, 59.80302279112587
14.447406530380249, 40.78145507442048
32.907105445861816, 31.75300549279762
T61
6.068128824234009, 130.96424102012028
8.119296312332153, 80.5972151766093
10.170393705368042, 55.71513381212607
12.221564292907715, 54.67654142936221
18.374797344207764, 54.55493308813071
22.47697353363037, 51.7711715611447
T62
1.9908504486083984, 79.71774353613125
4.04194450378418, 67.8996609536744
26.603978157043457, 64.87773543832367
28.655093908309937, 58.21993016541846
30.70632839202881, 49.15030206804069
32.75746536254883, 43.503987499554725
T63
1.6035916805267334, 90.92811058650095
3.6549899578094482, 41.964976322215776
18.056888103485107, 31.202251456097223
26.265156984329224, 28.214853765217438
T64
3.383816957473755, 145.21942327828236
5.435032844543457, 68.6476362221818
7.486209392547607, 58.64370291995709
17.741892099380493, 55.601541226618096
T65
9.487626791000366, 145.77769628945603
11.538769721984863, 55.00738552358961
13.58994460105896, 52.53294616709433
17.692123889923096, 51.12750136815089
23.845576763153076, 49.86313026372684
T66
5.989768028259277, 132.62536752354364
8.040929079055786, 57.33505859063201
10.091990232467651, 50.539222745848356
12.143083333969116, 50.37355861245352
16.245364904403687, 36.1740624659867
18.296533346176147, 35.874113108641154
T67
4.177402496337891, 139.2540591325402
6.228691577911377, 42.01678582146165
T68
3.6574645042419434, 113.55297120939139
5.708665609359741, 50.87015890835788
13.91313910484314, 22.818489953396906
T69
3.97955584526062, 136.97760447391903
6.030736207962036, 69.0937039970121
8.08187484741211, 51.14813305884903
10.1330246925354, 49.18556070916216
16.286160230636597, 48.54296665495181
18.33739924430847, 41.42348254124326
20.38853693008423, 40.776326096592726
24.490686416625977, 34.36401328713898
T70
0.4382305145263672, 46.26897277197591
2.489384889602661, 43.384856562344794
29.15352749824524, 36.50995712571605
35.30703568458557, 23.73026616861919
T71
3.884111166000366, 101.04130563026416
5.958064556121826, 57.11377235861883
8.009238719940186, 38.92041155506023
22.366825103759766, 38.4586939905606
T72
1.362332820892334, 100.58960335511615
3.413442611694336, 30.98252001005972
T73
4.4617016315460205, 141.58367304553764
6.512961149215698, 46.37374981638776
8.564153909683228, 39.18915300521259
10.615330696105957, 37.78621471353482
14.717609643936157, 30.56317387326976
T74
4.188183784484863, 96.31828044572852
6.239357948303223, 42.542040229329004
8.290531635284424, 22.684341612532954
27.012420892715454, 21.741402674379213
T75
3.8404386043548584, 142.8789548634879
5.891658067703247, 36.87216734200778
T76
10.203081369400024, 152.51319532668526
12.25440764427185, 57.95786603148178
14.305645942687988, 56.10129899259238
T77
5.682462692260742, 120.66604578718282
7.733665227890015, 88.48382565354039
9.784993648529053, 51.76304811095458
11.836207628250122, 50.29803574588503
T78
3.062098741531372, 20.810966987561585