T0
1.778503179550171, 53.97766465290648
T1
2.2753920555114746, 90.95876414966054
20.734578609466553, 82.75837232844596
24.83673644065857, 72.97822455830149
28.938984870910645, 65.72328835315876
T2
5.765252590179443, 99.44869216796809
9.867571592330933, 67.36205576114874
T3
2.7317936420440674, 103.20152647043807
4.782984972000122, 95.40349845707408
8.885310411453247, 88.14374828207053
12.987386703491211, 82.09434449733006
T4
9.646487474441528, 116.06331545108509
11.697697877883911, 111.78361530441727
26.05508065223694, 103.89873570977275
30.156299114227295, 94.98015754149253
38.36042404174805, 68.15096193442446
T5
4.898616313934326, 142.27453450670077
6.949743986129761, 99.20682848592739
11.051958799362183, 93.13567453070411
31.562567949295044, 82.77256442359116
33.613744020462036, 57.933745058000994
T6
7.376503229141235, 187.45755094790792
9.42772889137268, 112.55102278944403
19.68336272239685, 55.103746744818125
T7
4.358248472213745, 112.78573314979143
14.613323450088501, 96.97728647578182
20.76652503013611, 65.46064367998456
T8
2.3819427490234375, 82.59326819275327
33.14595055580139, 81.03473829427733
T9
2.8596880435943604, 127.21556528637913
4.910799980163574, 98.73480848663063
6.9618449211120605, 76.66040206227245
9.013051271438599, 67.43402996432164
T10
3.2651569843292236, 150.1863870311359
5.316380739212036, 93.6602045064543
7.367554664611816, 83.88675204961112
9.418675422668457, 72.38198438892894
38.13369131088257, 39.82957305517747
T11
3.010173797607422, 103.06401031285083
5.06140398979187, 101.18776490330599
15.316601753234863, 97.07160498460156
17.36772656440735, 93.98675096530839
23.52083945274353, 82.38425008820198
37.878254890441895, 82.07947236891991
T12
9.492269277572632, 163.07743836306042
11.54334282875061, 159.2790585005583
13.594413042068481, 129.43843117559493
15.645455837249756, 123.66534325896963
17.696600437164307, 118.90351295926375
21.798476457595825, 81.1334558653994
25.900456190109253, 76.10489279483944
40.257264375686646, 62.677937736771824
T13
4.213000774383545, 112.78325636642512
8.315290212631226, 58.4501072488749
10.366466760635376, 33.14437188562265
T14
2.0832154750823975, 149.448559218599
4.135029554367065, 105.74633469805386
30.799023151397705, 92.43211204267651
39.00338339805603, 92.19987195753102
T15
10.848717451095581, 173.67914438256005
14.951043128967285, 107.50065165408657
27.25779128074646, 96.80132963793787
33.41114807128906, 95.80545929486908
35.4623646736145, 82.70906382712752
37.51355838775635, 82.53991250276961
T16
1.844973087310791, 132.2516728067633
3.895958423614502, 93.47454822467918
T17
2.4811620712280273, 110.72728043368724
4.532378673553467, 72.08746466647457
12.736513137817383, 65.60318463826202
T18
4.500787734985352, 80.99333817437969
41.419360637664795, 56.49364670445665
T19
6.4910266399383545, 98.26237583788082
14.695340394973755, 90.41190764291596
22.899428129196167, 65.5213705166961
T20
1.8917467594146729, 124.75763119730293
3.9428348541259766, 85.14392788721408
14.1979398727417, 80.70251455373023
18.30015778541565, 61.39167755305323
22.40244174003601, 57.4601061853983
T21
15.10317587852478, 139.53012667794187
17.154247045516968, 96.22941924677141
29.460471630096436, 71.45745144942899
T22
5.598852872848511, 127.74752976607655
9.700894117355347, 98.07716585681902
15.854052543640137, 61.81793846728723
24.05821990966797, 58.2680545021178
T23
2.857929229736328, 101.77066844346884
4.908993244171143, 69.22169413963204
9.011023759841919, 55.687975770472335
T24
1.989342212677002, 91.14268526434977
22.499566316604614, 74.65549143619907
32.75482487678528, 58.124524941681024
T25
0.9730372428894043, 42.056408408456875
T26
5.211752414703369, 146.03874559062228
11.364766359329224, 145.3239400121391
13.415794849395752, 136.31833849032782
15.46689486503601, 135.09481914337718
19.568920135498047, 108.99323765161444
27.773118019104004, 101.0733390918685
29.82421040534973, 75.08040960582123
T27
3.2346129417419434, 131.31890696727936
5.285596132278442, 109.11333467109297
7.336472511291504, 109.08696950985765
15.543182134628296, 100.32082589731132
31.951509475708008, 90.66478369883919
T28
19.960886478424072, 160.18816983732282
22.01200842857361, 108.09195701987281
24.06308913230896, 65.94424281857927
26.11420202255249, 44.36004234276004
T29
5.235915422439575, 94.552853091636
38.05196690559387, 91.41380742168448
T30
1.0696361064910889, 76.98087517807038
21.5806782245636, 72.11547991468717
23.631876707077026, 56.54311053254939
T31
7.558355808258057, 110.64736896447715
11.660340070724487, 99.66918890989534
28.068532943725586, 96.02368800953332
36.2729229927063, 76.76101776115767
T32
1.797025442123413, 73.26082877316674
16.154866933822632, 63.891561971401444
T33
7.2495808601379395, 158.4321733739291
9.300734996795654, 35.59480599595358
T34
0.7917604446411133, 62.109534554279975
31.5558922290802, 53.18732185386152
T35
1.3532037734985352, 92.28384795626846
5.455369472503662, 83.01773772524228
15.710651397705078, 81.76279838657177
25.965951442718506, 58.25498899889635
T36
8.752640008926392, 118.10735757581354
12.854825735092163, 97.09209620051892
35.41439461708069, 96.32935463473424
37.46548008918762, 86.12250001645005
T37
1.6020135879516602, 121.52286383771553
3.6531388759613037, 115.42615506615593
13.913006782531738, 114.20640699308876
15.964053392410278, 86.15389650612784
26.219573736190796, 83.54293257552996
36.47517919540405, 59.34713718875504
T38
2.234520196914673, 160.48380782884982
4.28560996055603, 85.32611030016014
14.540709018707275, 80.08006221423322
35.05144810676575, 58.17465391194233
39.153512954711914, 51.997045192044595
T39
2.379298686981201, 109.59340948153154
4.430376768112183, 109.46382563925043
10.583440065383911, 68.33590366617778
T40
1.9883477687835693, 65.7219466620832
T41
8.93094539642334, 132.2840541460589
10.982141733169556, 70.17363908879486
19.18657636642456, 49.269466055524404
21.23759436607361, 48.67090865732595
T42
7.367015361785889, 139.56902658956733
19.78238606452942, 100.47146033379371
27.986831426620483, 88.97847551158375
T43
7.208040714263916, 84.16105397250455
19.514418601989746, 69.68581281158099
T44
5.665245294570923, 78.50950171102532
7.7163166999816895, 40.95449785434634
T45
6.476349592208862, 111.31130799406185
12.629428625106812, 65.89504261801943
26.986472368240356, 56.53330236002684
T46
8.052510023117065, 175.77540614174143
10.103506803512573, 98.63258148417351
18.307587146759033, 81.10797205324083
24.460697650909424, 54.63483286738927
T47
0.9673569202423096, 51.96519458420614
T48
2.6157350540161133, 82.29394804976886
21.075333833694458, 76.24007138337768
39.53487420082092, 73.17782778004629
T49
3.349940061569214, 149.8243943944005
9.503398180007935, 134.65396028886735
11.554607629776001, 130.6405015257629
13.605777502059937, 126.27826547649681
15.656865358352661, 124.26162120838504
17.708038091659546, 124.19072587746598
19.75924563407898, 116.03922199986368
21.81041193008423, 115.93318043512882
23.86155605316162, 102.03846091945783
27.96358323097229, 86.42055497200896
T50
6.446085453033447, 59.92051001789025
T51
1.2147340774536133, 76.6181219548096
9.419143199920654, 65.50012354912595
31.980868101119995, 52.76561083836782
T52
6.298601150512695, 108.70801916298633
16.55388116836548, 104.46490177669006
22.70694136619568, 93.08224339580495
24.757923364639282, 86.03172251891573
28.8600754737854, 69.28190485696324
39.11544895172119, 46.43376188956451
T53
15.95771074295044, 141.36532612066367
18.00898003578186, 110.56428658246948
34.41767334938049, 110.37504946830087
36.468777894973755, 107.83663650913203
40.57102370262146, 47.07896551431007
T54
3.880336046218872, 55.01439580118134
T55
6.3468592166900635, 112.27559703563676
8.398017644882202, 109.93220704111138
12.5001962184906, 105.07866560667155
18.654212713241577, 101.47179215940295
20.70546007156372, 88.11936583119912
T56
4.615522623062134, 108.04921899508292
6.666569471359253, 93.48664574748788
12.819879293441772, 88.78549869499983
29.228894233703613, 75.42548399640863
37.43303155899048, 74.56101315378557
T57
3.1068131923675537, 127.69865571645369
5.1580421924591064, 84.6634774644451
T58
2.2785937786102295, 69.88203966225001
12.692286014556885, 31.323925321377494
T59
7.269319772720337, 122.82184555699084
19.57542896270752, 72.11624946085885
27.780060291290283, 70.01060429475179
T60
6.300592660903931, 157.7024851362881
8.351752758026123, 131.84748611874102
20.65816354751587, 127.59388343092706
22.709347248077393, 123.93446474600316
24.760470867156982, 105.25903069739931
26.811580896377563, 63.211560753137654
T61
7.662641525268555, 84.85683967446232
36.37749123573303, 78.58336100132423
T62
2.2361884117126465, 107.09133169335229
14.544336795806885, 81.84186267992835
T63
3.107283115386963, 147.69334568968299
7.209457159042358, 77.91893278569002
35.92402911186218, 56.296226539308094
T64
5.108407974243164, 131.14801948810623
9.210496664047241, 120.03125394648748
15.363780736923218, 99.85149029122002
T65
3.156519889831543, 179.13607482386112
5.2076122760772705, 83.55545424123197
7.258766174316406, 74.11347192575782
33.92309880256653, 73.5119249273486
38.02533197402954, 73.10821663373588
T66
7.37870717048645, 165.8940060931009
9.429947137832642, 92.25536356269723
21.73685121536255, 76.33802647546594
T67
3.114661693572998, 155.58422272933814
15.421295404434204, 57.6087599078289
T68
1.516599178314209, 29.328258955624882
T69
6.741647958755493, 125.71154659595817
19.04813575744629, 100.47313580811787
35.45663261413574, 83.43601484766067
T70
6.622231483459473, 133.43531109579263
8.67369270324707, 121.06674162444116
14.827182054519653, 115.7021370383151
16.878340005874634, 105.00086063038275
20.980671882629395, 77.6287447016883
35.338093280792236, 65.08169908063664
37.389225244522095, 64.16808989147262
T71
2.956791877746582, 139.3506651800797
5.007959842681885, 77.64082243298063
T72
3.0591065883636475, 118.27080539003936
5.110177993774414, 82.15532383186208
7.161307096481323, 45.516085472217654
T73
2.9110445976257324, 95.34859774470814
9.064484119415283, 50.62985932096362
T74
3.300952434539795, 100.47975552778583
19.70963740348816, 98.91450507679762
23.81194305419922, 89.86607297795172
34.06719660758972, 80.80464276712736
T75
0.585456132888794, 37.20801404535252
T76
3.6911842823028564, 113.60472231165363
11.895418167114258, 97.81755805874143
22.150664806365967, 86.86781696920679
36.6641731262207, 82.98689120927017
40.766807317733765, 80.56019785073325
T77
4.3115434646606445, 125.01973047733001
8.413823127746582, 117.99031307850265
10.464927196502686, 115.76230099237732
26.8731689453125, 112.03880497632666
28.92430806159973, 109.82262223068449
30.975433588027954, 105.14096051641724
35.077539920806885, 85.30918895321578
41.23082661628723, 73.59307489807954
T78
0.82757568359375, 31.296749774447548
T79
1.3112521171569824, 73.87395280385662
25.92345142364502, 62.65052047733697