T0
2.3413925170898438, 3617.495323064868
2.4387428760528564, 3251.6091739644908
2.5850107669830322, 3131.4918270710186
2.7799220085144043, 3130.956177828979
2.8285295963287354, 3089.5252388603403
3.0233917236328125, 3066.2567572282715
3.072129964828491, 3019.204320619523
3.1210646629333496, 2937.300443084867
3.218446969985962, 2894.0109680517053
3.2670748233795166, 2791.230094528437
3.4132559299468994, 2773.074459055366
4.144632339477539, 2733.3177588068356
4.1935133934021, 2725.10442255222
4.242366075515747, 2706.218724674356
4.388795375823975, 2690.948669522957
4.437675714492798, 2683.979679877011
4.535549640655518, 2651.208622337974
4.63321590423584, 2648.7667634836253
5.414438724517822, 2595.2467945844546
5.707409143447876, 2584.4764761075203
T1
2.323535919189453, 4018.399151868114
2.5183358192443848, 3909.332987287169
2.6160166263580322, 3709.2028013607196
2.7137906551361084, 3675.1272896865703
2.8601818084716797, 3669.960237905121
2.909014940261841, 3554.7037572408153
3.739675283432007, 3388.1991869850317
3.9355411529541016, 3278.8745944706025
4.0822248458862305, 3182.043179591492
4.277771949768066, 3084.9714092627255
4.375544786453247, 3055.3778530407435
4.473192930221558, 3053.5995916436223
4.570921182632446, 3030.103256234899
4.66872239112854, 3014.6480990557175
4.766584634780884, 3005.2170898941113
4.8642497062683105, 2946.1240903351136
4.962088346481323, 2904.672910977344
5.05999493598938, 2887.7495319776936
5.157702922821045, 2864.8909154870053
5.255667448043823, 2843.3904613845807
5.402352571487427, 2832.317498098506
5.4512293338775635, 2831.6773800630763
5.548884153366089, 2820.3282036687306
5.793205976486206, 2808.160282169032
5.842100620269775, 2801.4594163259026
5.890975713729858, 2789.291494826204
5.940019369125366, 2785.200600338576
5.988891124725342, 2763.4464720334363
6.037785291671753, 2691.036867722796
6.624300479888916, 2681.0767346357025
7.063755035400391, 2679.003841785365
7.552828311920166, 2666.319859789757
7.845788478851318, 2659.7492376336886
8.971063137054443, 2642.256890032513
9.019909381866455, 2632.2161294728285
9.411303997039795, 2631.500022522494
9.509034156799316, 2591.358004683134
10.731102705001831, 2587.839272669924
T2
1.9157826900482178, 3851.260835568566
2.1609678268432617, 3579.6519528017234
2.2587711811065674, 3537.941868605558
2.3075621128082275, 3447.304653841915
2.356379508972168, 3346.3003975558095
2.5027987957000732, 3308.403483854505
2.649320363998413, 3243.40945710057
2.844557523727417, 3178.2595268708246
3.2350313663482666, 3155.2937774809834
3.3327295780181885, 3088.4409741361596
3.4303741455078125, 2982.432091372626
3.4792518615722656, 2978.9638761839014
3.5771193504333496, 2882.1948737837665
3.6260268688201904, 2845.0534717823466
3.7724287509918213, 2807.1730733140867
3.96756911277771, 2806.514734762284
4.0163891315460205, 2766.611746120994
4.357801198959351, 2736.039057052112
4.650800704956055, 2732.423253162575
4.748385429382324, 2705.1328743499616
4.894890785217285, 2696.508349189913
5.334375381469727, 2683.294438314304
5.677551746368408, 2669.8331149972946
7.438771963119507, 2658.8050783782965
8.1715247631073, 2627.823921591451
T3
2.0369269847869873, 3970.4375739938405
2.2312653064727783, 3855.148981869308
2.2818870544433594, 3748.812787992225
2.3307201862335205, 3679.879701122758
2.379478931427002, 3423.231465029632
2.4282872676849365, 3409.1581330212794
2.477065324783325, 3396.9420950630592
2.525996446609497, 3320.8626728953095
2.76924204826355, 3158.608207545374
2.8178725242614746, 2945.5057880679233
2.9639689922332764, 2925.7891923621646
3.11002254486084, 2907.4926204544754
3.255877733230591, 2859.1116157685465
3.4504663944244385, 2856.109898061666
3.888338088989258, 2845.1042258501257
3.9856600761413574, 2834.5506142695376
4.034280061721802, 2802.2585209267418
4.082873344421387, 2788.4057746256003
4.131472826004028, 2769.1907839043997
4.180077075958252, 2760.209701129468
4.472164630889893, 2727.574416100848
4.618192672729492, 2724.538962847815
5.447786569595337, 2716.662628618011
5.545219659805298, 2710.725189986857
5.691492080688477, 2698.9545633419475
6.08077597618103, 2680.1472630301287
T4
2.0349807739257812, 3543.4384411586507
2.083547592163086, 3526.335380694116
2.180706739425659, 3519.5885599014
2.22937273979187, 3471.889813179456
2.278027296066284, 3468.0584354323364
2.375702142715454, 3380.0010565412667
2.4244980812072754, 3308.452428562072
2.4731099605560303, 3258.8531223394384
2.5217642784118652, 3189.8773084890418
2.6678266525268555, 3061.387857388225
2.813913106918335, 3054.728982216504
2.862694501876831, 3046.4626881066506
2.9602463245391846, 3018.086123122499
3.0577383041381836, 2992.213922799856
3.2038283348083496, 2978.2151811609365
3.2527527809143066, 2931.730410288772
3.350137710571289, 2923.815243021265
3.5445914268493652, 2881.524666817175
4.424196004867554, 2869.0181682235416
5.841918706893921, 2856.731364581734
5.890857219696045, 2835.604999575866
6.037418603897095, 2835.5201119697012
6.232731342315674, 2791.6735385112115
6.477258682250977, 2777.713113157617
6.623757839202881, 2769.2294308371784
7.8003058433532715, 2756.3892391274712
7.849164724349976, 2717.670145415017
11.610464811325073, 2714.5935419332673
11.854048490524292, 2706.750430580083
11.951571226119995, 2700.5853892399173
T5
2.8167178630828857, 3767.472432577648
2.9138541221618652, 3615.3363029551692
2.9624886512756348, 3525.1387737052137
3.059753656387329, 3442.4082510889566
3.1084790229797363, 3413.440054582621
3.2058210372924805, 3401.1517820234585
3.254457712173462, 3371.809109638256
3.4005074501037598, 3368.0818105748185
3.449179172515869, 3306.7752272930084
3.6436126232147217, 3229.0290166573104
3.886998414993286, 3185.032041686063
3.984288454055786, 3147.1980570902087
4.032972574234009, 3088.1851013069245
4.081604719161987, 3050.279545126614
4.276331186294556, 3027.010708004236
4.324987888336182, 2945.509358964162
4.4223010540008545, 2911.9798485167557
4.519673585891724, 2889.3843431139685
4.568294286727905, 2803.0881117748213
4.714277505874634, 2798.1118767435983
4.811544895172119, 2791.935256875775
4.860267400741577, 2771.8305884879956
4.909042596817017, 2754.5071950069832
5.006407022476196, 2735.4029922441987
5.152634620666504, 2707.2562784379406
5.250223398208618, 2701.2134381270444
5.445197343826294, 2653.3357408274605
5.54257607460022, 2608.1022720767505
5.980934143066406, 2602.247572168053
6.029602289199829, 2568.7928041365085
6.12681770324707, 2558.5500318102568
7.0038743019104, 2551.5618318181805
7.845580101013184, 2534.5082173690607
T6
2.4739928245544434, 3857.8367915764393
2.717336654663086, 3842.076623254805
2.7660434246063232, 3618.371871954587
2.863369941711426, 3536.125987640029
3.0093250274658203, 3342.812568231646
3.1066391468048096, 3296.3521926975227
3.155242681503296, 3253.9550148056005
3.3984384536743164, 3148.984073124011
3.5927891731262207, 3054.1446715964703
3.836088180541992, 3047.5150332982885
3.9333243370056152, 3037.2171668309747
4.078951835632324, 3015.348461435715
4.127608060836792, 3013.773554644489
4.322499513626099, 2984.8652383411245
4.371324300765991, 2977.4299391592795
4.420062065124512, 2937.3148587700707
4.614416122436523, 2914.991633244659
4.663006067276001, 2896.6707550019055
4.711673974990845, 2893.486045649566
4.760412216186523, 2879.985662163439
4.857618570327759, 2843.362771954562
4.954872369766235, 2824.642242531336
5.051937818527222, 2796.4851610822807
5.1490161418914795, 2786.195081525453
6.271225452423096, 2766.173053012666
6.319888114929199, 2765.388199335095
6.563999176025391, 2732.2500577944593
6.758249282836914, 2724.519822056289
T7
2.9996509552001953, 4354.691528751253
3.1450865268707275, 4294.980949322853
3.193671703338623, 3560.9891119196545
3.437711000442505, 3491.9495174390904
3.535209894180298, 3443.154615892723
3.8274893760681152, 3244.160272799534
5.043315172195435, 2904.7739272095496
5.530465602874756, 2864.026887703134
5.627694845199585, 2842.7640832969482
5.773766279220581, 2823.602141302006
5.8710339069366455, 2799.604305969362
5.919767618179321, 2763.755109154823
6.017146110534668, 2720.7692233076523
6.2118542194366455, 2707.932708522203
6.2606360912323, 2688.1836551010056
6.406618595123291, 2685.0391656203137
6.455281496047974, 2678.9055247919314
6.503995895385742, 2673.8081344970124
6.552696228027344, 2664.3473345120583
6.601435422897339, 2635.343809984508
6.74764609336853, 2602.6914428920572
6.844877481460571, 2575.552642140756
6.893528461456299, 2564.2593635011144
7.331943511962891, 2557.8097482209414
7.380590438842773, 2531.323067335965
8.257487535476685, 2528.1603130536823
8.40362548828125, 2523.8696452994773
8.9398832321167, 2513.7740613808564
9.18324089050293, 2509.553848757074
9.52592658996582, 2503.172170473277
T8
2.7127699851989746, 3539.714622704385
2.9557721614837646, 3408.685247265923
3.199252128601074, 3313.7541498464125
3.247957229614258, 3249.2644986166415
3.345123767852783, 3211.0599629114295
3.638057231903076, 3092.2984481038293
3.784240484237671, 3032.1818203783187
3.833108901977539, 2980.645107273318
3.930389404296875, 2972.17985121769
4.027604579925537, 2860.511741362803
4.173885345458984, 2834.199400997706
4.466872453689575, 2826.4565924499184
4.5644543170928955, 2771.884938533549
4.710919141769409, 2770.9531480289006
4.8573784828186035, 2742.2404224808706
5.101347208023071, 2725.4460896731616
5.15017557144165, 2721.485655716664
5.668017387390137, 2700.8481171761814
5.716831684112549, 2697.740320479701
11.86711859703064, 2688.3893396191415
12.061561107635498, 2670.052174263168
14.204663515090942, 2669.8333947115752
14.253345727920532, 2661.5789544271684
T9
2.4228148460388184, 4010.6987927669543
2.5198655128479004, 3913.420974544075
2.5685460567474365, 3696.0308536379744
2.6172409057617188, 3166.886992507425
3.444823741912842, 2991.729839665786
3.7857420444488525, 2881.9673359534063
3.8346168994903564, 2843.8730773335265
3.9807775020599365, 2801.474623901333
4.273104906082153, 2736.3358096226293
4.468146085739136, 2680.9005046565144
4.565515041351318, 2670.9037620986346
4.61421012878418, 2604.867376946684
4.760407447814941, 2593.5934533980035
5.0039448738098145, 2562.9211187291803
5.247374534606934, 2558.6855133955833
5.441876411437988, 2553.648456165698
5.490592956542969, 2547.6716940301703
5.733657598495483, 2537.105329076512
T10
2.226620674133301, 3570.8882042279292
2.323593854904175, 3560.2074750665633
2.3721818923950195, 3487.8312733286
2.4693286418914795, 3385.90508355567
2.5665812492370605, 3363.0593741442717
2.6151726245880127, 3201.2565166423883
3.1990816593170166, 3071.012059783694
3.2963640689849854, 3049.1580175577838
3.393533706665039, 3003.345009953555
3.4421346187591553, 2960.004001833193
3.5998384952545166, 2896.189082172874
3.745725393295288, 2893.225180468202
3.843062162399292, 2843.273664563574
4.134587049484253, 2828.8643071309198
4.1832170486450195, 2826.5632122628595
4.231784343719482, 2824.190718908707
4.377480745315552, 2770.085451291059
4.5235676765441895, 2735.7449282761954
5.352426528930664, 2706.055762972086
5.4010419845581055, 2702.404025949654
5.4496378898620605, 2695.9043792245793
5.49839973449707, 2689.6094727118907
8.51945447921753, 2641.422761451482
T11
1.7988853454589844, 3742.0903446644515
1.9451537132263184, 3632.430236355256
1.9940838813781738, 3570.439687869395
2.043050765991211, 3465.475644840699
2.1408801078796387, 3368.4967263771687
2.274505376815796, 3248.4115327491454
2.6163060665130615, 3226.8285256618838
2.7139155864715576, 3203.041580179677
2.811666488647461, 3042.5770702302834
3.105123281478882, 2991.3761894947093
3.1541476249694824, 2920.1642036732665
3.2030746936798096, 2876.8935548356676
3.2519805431365967, 2863.288520867456
3.3008265495300293, 2799.8199425156054
3.6429691314697266, 2757.6819773872558
3.9363465309143066, 2744.019758975279
3.985287666320801, 2682.014251587738
4.08308482170105, 2637.9437434132997
5.060758590698242, 2612.7245983727335
14.282124519348145, 2603.506738904616
14.330820560455322, 2586.5009944433114
T12
2.3212270736694336, 4061.833622766353
2.5642659664154053, 3761.8757477636536
2.6129772663116455, 3509.275166758962
2.9054877758026123, 3431.8819525584404
3.1007747650146484, 3382.80541054903
3.1495521068573, 3381.985679307749
3.9782557487487793, 3197.6051766105375
4.0760040283203125, 3117.2165225432254
4.417557001113892, 3050.018767596892
4.515265703201294, 2837.8262478733814
4.710794448852539, 2791.022301602512
4.857410907745361, 2750.0165253231244
5.0527894496917725, 2683.399501398948
5.199449777603149, 2658.235754409965
5.2483603954315186, 2624.946693471531
6.029940366744995, 2623.7113867743465
T13
2.13181734085083, 3728.2101217322634
2.228940725326538, 3705.432761334654
2.2776200771331787, 3634.6868380200467
2.326263427734375, 3449.743431062394
2.3748810291290283, 3434.4733697420015
2.569352388381958, 3352.183012240668
2.8615760803222656, 3343.0028512570716
3.0567941665649414, 3201.662086675715
3.1055843830108643, 3105.800942084694
3.3003244400024414, 3102.6776526196045
3.495013952255249, 3098.2983562844456
3.592331647872925, 3044.180259201399
3.641002893447876, 3011.2500812458893
3.9819209575653076, 2939.5257480175933
4.0793516635894775, 2912.421241150776
4.322604656219482, 2894.7707525324367
4.37376594543457, 2861.629323853951
4.471116781234741, 2784.0136310040107
4.665709018707275, 2744.7345138220116
4.95773983001709, 2739.155294913813
5.006783962249756, 2736.8361313950445
5.299169063568115, 2707.5284074731608
5.787412881851196, 2695.9104448737635
5.83601450920105, 2667.684596973486
6.569740533828735, 2645.031946083298
6.618298768997192, 2641.8735358016856
7.008195638656616, 2619.697964767751
T14
2.2788233757019043, 3422.9018902711978
2.5709095001220703, 3277.242060468474
2.6194489002227783, 3195.5871048148256
2.7168731689453125, 3129.228514383576
2.8142945766448975, 3125.864033853606
2.8629369735717773, 2999.0153648123814
2.9604012966156006, 2945.9828028253833
3.106377363204956, 2910.563378643652
3.25224232673645, 2886.1741592137405
4.128007411956787, 2869.8567666296003
4.225393533706665, 2711.730196319899
4.274138927459717, 2695.9658325711644
5.198850154876709, 2685.5240135388303
5.296382665634155, 2664.0583963596146
5.394012928009033, 2650.1776696799498
5.637901306152344, 2608.4662697726744
5.686737775802612, 2602.665875485778
5.735380411148071, 2577.640742539341
7.930833339691162, 2558.7353555706504
T15
3.1011364459991455, 3943.102128078259
3.2469069957733154, 3721.1445343871455
3.4901175498962402, 3615.081300928723
3.538849353790283, 3480.193586299516
3.6360158920288086, 3367.1453653170465
4.123047351837158, 3359.31067490259
4.1719818115234375, 3156.5653706557496
5.051372528076172, 3137.9735258387955
5.149024963378906, 3096.8052447568625
5.295647859573364, 2900.8725760579982
5.5393760204315186, 2881.664540895421
5.588003158569336, 2874.3857831156492
5.8798651695251465, 2861.6200650757964
5.977094411849976, 2811.144273729151
6.609282493591309, 2809.14685401287
6.804463624954224, 2772.3534317345475
6.853097915649414, 2766.8456389364146
7.0962488651275635, 2735.797608808716
7.436779499053955, 2735.763541152628
7.533956289291382, 2732.08118554909
7.582528829574585, 2706.752047662405
8.264095783233643, 2686.6636411859654
8.361510276794434, 2668.645193102464
8.410284042358398, 2656.658357457927
9.679268598556519, 2644.734059683091
9.972711086273193, 2617.621514750892
10.167535781860352, 2613.90247724262
10.55782699584961, 2612.6911296475882
10.606693744659424, 2606.659387491949
10.655570268630981, 2574.407004204564
10.704392194747925, 2571.918264976717
10.753078699111938, 2562.572996856543
10.801868915557861, 2542.9808860778285
10.899592161178589, 2531.7322844809532
T16
2.624114513397217, 4342.142487660865
2.672909736633301, 3723.8942471233313
2.7217862606048584, 3675.3133226713253
2.770702838897705, 3558.463462661268
3.0149343013763428, 3539.4401094160276
3.063830614089966, 3529.0337218846253
3.1127586364746094, 3437.257991895647
3.161635637283325, 3277.6029086172493
3.55232834815979, 3175.320422323377
3.8943374156951904, 3129.6413386808854
4.284687519073486, 3034.815331261634
4.578274965286255, 2954.7890468555415
4.675978660583496, 2944.5577901723736
4.724850416183472, 2893.1903409219813
4.773748159408569, 2884.894654515694
4.8226399421691895, 2837.7179495648015
4.87152099609375, 2829.990698840498
5.066884756088257, 2823.0925056708948
5.164623975753784, 2770.268196779245
5.506947755813599, 2764.014323907264
5.8974645137786865, 2746.0431482349813
7.02199649810791, 2736.680618008555
7.07097053527832, 2729.7928953977535
7.4133782386779785, 2729.497343158917
7.560023546218872, 2714.3816955211805
7.608875513076782, 2689.0462104705803
7.999875783920288, 2655.878146930874
T17
2.47339129447937, 4000.31329251072
2.765122652053833, 3762.093932753167
2.814014434814453, 3761.6059485280566
2.8628323078155518, 3739.153580545477
2.9117138385772705, 3556.6936235861067
3.0092153549194336, 3549.1166836508055
3.05788516998291, 3447.8856001409295
3.496737480163574, 3355.488574010611
3.9843454360961914, 3330.4679415657447
4.03307580947876, 3268.5484687279095
4.130604267120361, 3206.7632444951596
4.374880313873291, 3140.9552303222445
4.423628330230713, 3016.0459083559545
4.764922142028809, 2962.0569112724625
5.00828218460083, 2888.2591513433144
5.252072811126709, 2800.098665435129
5.593279600143433, 2753.0579783669673
5.690655946731567, 2750.283670752993
5.7395594120025635, 2737.4351685738075
5.934405565261841, 2724.67884173691
6.324393033981323, 2692.122535463597
6.373269557952881, 2685.5140704801597
6.421963453292847, 2668.1642356400116
6.47062873840332, 2661.759015074829
6.714155673980713, 2606.1681571918016
6.81177830696106, 2595.7164907877886
7.25139307975769, 2584.8037146665592
7.543974161148071, 2583.8775420991296
7.593069076538086, 2570.9993777486525
7.935105085372925, 2549.372566140155
T18
2.1327552795410156, 3753.6078213678848
2.2298121452331543, 3610.4501286098675
2.278414487838745, 3555.4265677153307
2.3271026611328125, 3401.0276675348723
2.6188197135925293, 3280.1679455270496
2.910977363586426, 3087.964041028914
3.0571324825286865, 3073.084773829978
3.2032549381256104, 2935.0770480086503
3.3008313179016113, 2921.903098206749
3.349487543106079, 2902.9306014015747
3.592989683151245, 2834.432825217402
3.641720771789551, 2819.8542524200457
3.836381196975708, 2759.823556683463
4.176760196685791, 2753.2019009730866
4.2739577293396, 2747.2370590921055
4.32258939743042, 2719.6371618723933
4.468447923660278, 2718.5943940280704
4.955636978149414, 2684.9888011967996
T19
3.0027201175689697, 3718.0186438632663
3.0999948978424072, 3451.7695908179303
3.440248489379883, 3385.718897213461
3.488865613937378, 3350.6066745754506
3.586296558380127, 3295.718283883427
3.6351921558380127, 3292.4900885583193
4.024551153182983, 3183.74326132203
4.073177099227905, 3015.2069125268754
4.219093561172485, 2998.152434713862
4.316576719284058, 2937.227642267084
4.365180969238281, 2885.492181643931
4.511014938354492, 2848.4264777498756
4.754336357116699, 2842.2183710385434
4.948919773101807, 2814.586591878775
4.997761011123657, 2809.057580691602
5.046423673629761, 2754.152296317072
5.28949499130249, 2749.383492941779
5.38683819770813, 2745.812229235773
5.435516595840454, 2691.399856200267
5.581300497055054, 2680.040692321767
5.6301164627075195, 2678.597623568494
5.776546478271484, 2665.7459145156026
5.873763799667358, 2657.798484725572
5.970957040786743, 2643.0829695347056
6.019565105438232, 2624.741358483254
6.752090692520142, 2591.414746711336
6.946643114089966, 2590.372561920769
7.190251588821411, 2582.4347416681558
7.28751015663147, 2582.1694804819126
T20
2.810145139694214, 4296.350198836226
2.9071457386016846, 4072.6888955608156
3.0044162273406982, 3802.4656774223986
3.1020584106445312, 3800.1921393904922
3.297480821609497, 3772.330004058327
3.3462905883789062, 3659.3792110267386
3.395040512084961, 3658.3376170432166
3.4437663555145264, 3640.1778505490074
4.174828290939331, 3610.308070764644
4.321328401565552, 3203.739568103192
4.516638278961182, 3135.6215739293693
4.565500259399414, 3076.0182226088364
4.760938882827759, 3033.940151035451
5.005065441131592, 2954.393757179336
5.053924322128296, 2898.4107598263217
5.200382471084595, 2870.8106195165747
5.4446327686309814, 2859.0947474507702
5.493494510650635, 2832.5784929979563
5.542316436767578, 2808.550462297775
5.7375876903533936, 2777.911756813657
5.786385774612427, 2777.778779062268
5.932763576507568, 2775.249926284363
6.323274374008179, 2764.66617527738
6.420992851257324, 2742.850695965739
7.104710578918457, 2742.441817581799
7.83910608291626, 2731.3993285681936
T21
2.039088249206543, 4312.943975916263
2.087981939315796, 4122.7809346102
2.1369152069091797, 3780.8531203712337
2.2835285663604736, 3716.0302896326757
2.3812050819396973, 3618.7223881208483
3.0159847736358643, 3587.890536104591
3.0648059844970703, 3547.733876570841
3.308682680130005, 3520.947324739347
3.4062154293060303, 3461.4139316692017
3.55249285697937, 3266.201828319361
3.6013686656951904, 3186.6418750809826
3.8452742099761963, 3182.68753853222
3.8939998149871826, 3144.7637904466683
4.1377012729644775, 3129.763601927625
4.186482906341553, 3106.3313787279767
4.23538613319397, 3100.0705460768077
4.284234046936035, 3084.96699200086
4.4303483963012695, 3056.215719802989
4.479285478591919, 3044.573569778964
4.5282063484191895, 3007.88435894993
4.625872373580933, 2947.9460469229234
4.723555326461792, 2924.4333666650637
4.772372484207153, 2843.8536273410573
5.01628851890564, 2805.765755006243
5.113847732543945, 2790.4335156497837
5.21142840385437, 2789.3187132505263
5.309032917022705, 2760.768963609502
5.357825040817261, 2751.7162616243295
5.4555511474609375, 2742.0468218078604
6.091825008392334, 2728.5263766866265
6.140661716461182, 2722.1937432128325
6.631332874298096, 2701.7277239231043
T22
2.6682546138763428, 3839.0548700810614
3.105509042739868, 3746.5292025433155
3.1542088985443115, 3587.111846797474
3.495211601257324, 3510.479547392839
3.544128656387329, 3372.7614103817905
3.5930089950561523, 3314.139271273889
4.0315797328948975, 3305.0905870814604
4.177685737609863, 3175.722029528828
4.714067459106445, 3111.4823704401642
4.762803077697754, 3065.50164705966
4.908685684204102, 2998.0178309541952
5.201521396636963, 2959.77882961891
5.3965277671813965, 2948.0365914760478
5.445296287536621, 2887.074027505514
5.591354846954346, 2880.6934248773323
5.6887829303741455, 2776.291077879054
5.786022663116455, 2669.7777202761645
5.83475136756897, 2637.0677076133725
6.7622809410095215, 2618.1474030710233
9.48375391960144, 2617.392035183744
9.630893468856812, 2587.7816021011095
9.679719924926758, 2587.0262342138303
9.777154445648193, 2577.6756351712684
9.923218250274658, 2558.659846294686
T23
1.7938032150268555, 3645.400074990219
1.987804889678955, 3502.42577821108
2.036468267440796, 3425.319359122659
2.13388991355896, 3348.6090210133407
2.182612419128418, 3228.9212691932335
2.279836416244507, 3196.3527180143137
2.328446626663208, 3191.831351949397
2.377089500427246, 3175.633461417834
2.4257471561431885, 3133.1952776667313
2.4744956493377686, 3129.024399910195
2.5721652507781982, 3098.551542918023
2.620912551879883, 3082.868268490245
2.6695609092712402, 3053.8107287177118
2.766935110092163, 3030.6994487605407
3.0587499141693115, 3009.756986471635
3.107447385787964, 3002.7280893881543
3.1560938358306885, 2990.927064926218
3.2532896995544434, 2980.05644279471
3.30277156829834, 2955.4269755166897
3.5953242778778076, 2862.6448643496406
3.6441237926483154, 2856.2239650034317
3.692892074584961, 2846.467795230157
3.741637945175171, 2827.57614400328
3.7903101444244385, 2821.5084891777515
3.8389596939086914, 2788.559899584434
3.8877274990081787, 2782.492244758905
3.9364211559295654, 2766.3380719945417
4.03385329246521, 2710.4821696788713
4.229264497756958, 2694.1246224472707
4.6200292110443115, 2680.265203871284
4.66877293586731, 2679.617569608381
6.2773237228393555, 2666.77196512348
12.405218124389648, 2663.8789158323198
12.502591133117676, 2663.344411964048
12.551449060440063, 2639.7744092063076
12.648962020874023, 2618.86924375355
14.30629849433899, 2609.7418597395736
14.404034852981567, 2586.4522108257806
T24
2.278683662414551, 3726.2573722118104
2.4733052253723145, 3662.098793882571
2.5220143795013428, 3611.1270399992063
2.5707106590270996, 3545.020515316166
2.6193625926971436, 3518.996137571594
2.6679751873016357, 3482.7203033436817
2.716642379760742, 3356.362775904825
2.7654380798339844, 3267.1901084072742
3.4469993114471436, 3083.9301723682584
3.5931684970855713, 3070.9613095333043
3.641913890838623, 2969.822543304879
4.080246448516846, 2958.41994463469
4.128891944885254, 2923.3257943985373
4.177640199661255, 2862.9123026375746
4.2750563621521, 2836.075585212806
4.372395753860474, 2824.916041461096
4.421181678771973, 2805.3190180731617
4.469892740249634, 2775.419839262526
4.518563747406006, 2737.291275708587
4.811214447021484, 2714.215877016424
4.908937215805054, 2701.7683267993416
5.055728912353516, 2684.0122333357576
5.153549909591675, 2652.660591656895
6.544299125671387, 2649.838193551521
6.593189477920532, 2640.6796693490032
6.691062688827515, 2619.804774567252
T25
2.9253475666046143, 3797.4719102536474
3.02262806892395, 3694.1915730063192
3.1690011024475098, 3518.1828998256824
3.364065647125244, 3514.979575515463
3.412816286087036, 3396.314432985004
3.6567394733428955, 3290.7733418448042
3.705596685409546, 3198.495315857872
3.900740146636963, 3137.2270094439154
4.047287464141846, 3048.962424839003
4.486396551132202, 3047.9404986304726
4.632697105407715, 2982.9790887244453
4.876435995101929, 2972.721836109602
5.022471189498901, 2949.846296602933
5.11997389793396, 2911.476766558917
5.168708562850952, 2860.4696422778798
5.2662646770477295, 2857.455532829714
5.412655353546143, 2782.151648054307
5.510193109512329, 2749.834887243618
5.754055023193359, 2732.878903238903
5.851760625839233, 2724.9240507047652
5.900593996047974, 2721.7814810204436
5.949396133422852, 2683.3789259977784
5.998171091079712, 2648.2291723972303
6.04706883430481, 2642.2299910455913
6.095993757247925, 2627.782090085151
6.242396116256714, 2616.72189424916
6.43730902671814, 2616.2920614535833
6.681053161621094, 2610.0627856736683
6.82722282409668, 2606.0662931968545
6.875998258590698, 2584.6616635334794
8.050227880477905, 2566.312685193843
T26
2.5270798206329346, 3733.527726328495
2.673349618911743, 3625.358836176194
2.7222650051116943, 3558.2667435916956
2.77118182182312, 3517.75743369844
2.8200602531433105, 3374.1218807505065
2.8689801692962646, 3251.098759031709
3.1624903678894043, 3233.627869236676
3.211509943008423, 3233.1644810017024
3.3579602241516113, 3184.231085134772
3.4068944454193115, 3161.2862769081403
3.6513195037841797, 3071.1255856470525
3.846713066101074, 3047.4837928148627
3.8955962657928467, 3025.684267434248
3.993411064147949, 3004.5450906682236
4.189039468765259, 2981.9892983298923
4.364142894744873, 2951.814449966303
4.607491970062256, 2927.243370645956
7.290792465209961, 2916.0477712876163
7.388340473175049, 2854.640561516062
7.631647348403931, 2840.999715520971
T27
3.2912757396698, 3489.167627982708
3.5341475009918213, 3382.8430577259423
3.6799004077911377, 3374.5213657355052
3.728543519973755, 3268.8688836806396
3.777207612991333, 3263.3366294127773
3.972365617752075, 3253.3067175166652
4.021245956420898, 3244.0286023077933
4.216202735900879, 3120.6570867480477
4.434251308441162, 3078.9747838010517
4.5317816734313965, 2979.0229710073763
4.6293044090271, 2908.749427874427
4.775286674499512, 2905.540325607886
4.872570991516113, 2897.702948262944
4.9700400829315186, 2778.901773815349
5.018939018249512, 2748.5585966594226
5.213931322097778, 2733.7279930333316
5.35980486869812, 2727.8705274696986
5.408573389053345, 2719.505586283747
5.554604530334473, 2710.605833981346
6.041409015655518, 2696.509438753128
6.432722568511963, 2695.6238005714113
6.481402397155762, 2673.3529932876263
6.57875919342041, 2658.032130542939
T28
2.086243152618408, 3737.4863302596787
2.2319681644439697, 3699.1642420835997
2.280546188354492, 3608.3646564257506
2.329195261001587, 3492.9050922098395
2.377977132797241, 3447.0356296365353
2.6261398792266846, 3398.4478711051925
2.7721493244171143, 3313.118561983545
3.1619796752929688, 3157.861325703183
3.4056010246276855, 3033.9668741814676
3.740845203399658, 2888.815870661696
3.78952693939209, 2876.4536631153314
3.8381526470184326, 2833.5261219136446
3.8867485523223877, 2817.701831679995
3.9353885650634766, 2810.0567663979164
4.033071756362915, 2741.3803122540266
4.617241382598877, 2699.16842761077
4.66594672203064, 2693.848037296222
4.81187891960144, 2675.5877443880163
4.860620737075806, 2654.4405236206076
4.909275531768799, 2619.4951938808954
5.10405421257019, 2599.492648810352
5.741581201553345, 2544.6677125978604
T29
2.423762559890747, 3852.173797784999
2.5697133541107178, 3715.350618674871
2.618457794189453, 3714.6633303615818
2.6672110557556152, 3584.5225949261803
2.715935230255127, 3429.41460411367
3.3188414573669434, 3425.587925426531
3.5625083446502686, 3336.160025711084
3.6601924896240234, 3184.6656308052334
3.8550095558166504, 3184.2520886570273
3.9037671089172363, 2997.482413912483
4.245157480239868, 2993.7849281770177
4.2938010692596436, 2883.5819367081567
4.3424763679504395, 2870.4377484634024
4.391110181808472, 2862.17088890748
4.488643407821655, 2810.2234474953293
4.537350416183472, 2792.8423187364533
4.634606599807739, 2725.6286425437575
4.829073190689087, 2708.5370708109695
4.926475286483765, 2691.220761763747
5.072856187820435, 2649.2094560421683
5.8030054569244385, 2635.8028923171514
6.388493061065674, 2635.4841595069593
6.437063932418823, 2624.99115720205
13.118075132369995, 2604.450241724
T30
2.953002691268921, 3929.8059431802976
3.1964077949523926, 3715.8974457490403
3.342576503753662, 3654.961117945859
3.4402401447296143, 3417.874506152075
3.5899250507354736, 3360.926988337349
3.687851905822754, 3343.1249070858466
4.420876741409302, 3225.846400368595
4.762565851211548, 3119.8659514188184
5.055582523345947, 3092.311526763806
5.153111696243286, 3087.813284095653
5.250567436218262, 3021.7074555689323
5.299267530441284, 2976.8880669111386
5.445202350616455, 2935.7503209436836
5.591352701187134, 2914.1673422673484
5.640228271484375, 2867.3073695906787
5.689066410064697, 2831.850346428022
5.981944561004639, 2766.9630377543363
6.03082799911499, 2760.6042835136614
7.39872932434082, 2757.9250544194365
7.447365760803223, 2733.1399983090814
7.496026992797852, 2706.3823578724114
7.544636249542236, 2680.3105377196916
7.641860008239746, 2678.0346391004714
8.424000024795532, 2665.761669545871
8.472599506378174, 2630.698712320969
8.52133059501648, 2615.505361394593
10.03621220588684, 2606.3550326053664
12.185925006866455, 2605.448414733517
T31
1.755890130996704, 3902.448859449476
1.8047406673431396, 3772.5425566388003
1.8536019325256348, 3714.5213683497714
1.951352596282959, 3674.3694890128972
2.049569606781006, 3549.019630193856
2.391206741333008, 3446.8175379870663
2.8302254676818848, 3312.9391538604395
2.8791677951812744, 3308.6025384170352
2.928072452545166, 3243.83623055731
2.9769718647003174, 3234.3186744086706
3.025811195373535, 3155.382195476108
3.1234240531921387, 3085.86014827044
3.3184797763824463, 3059.657450842831
3.367171049118042, 3045.1869537635503
3.4158804416656494, 2998.4409677415097
3.464653968811035, 2936.6992384732002
3.6596100330352783, 2827.5008454078197
4.049853563308716, 2803.7086881227006
4.147333383560181, 2795.991219684147
4.244859218597412, 2784.4661087713903
4.73304295539856, 2745.89752507137
7.516189336776733, 2733.107032394124
12.009978771209717, 2727.4113848365087
12.058887243270874, 2700.292165200284
T32
2.281013011932373, 3692.035161161417
2.6211137771606445, 3570.203934150806
2.6697683334350586, 3440.2133710607595
2.718566417694092, 3425.445495939348
2.7673122882843018, 3391.1036081394996
2.8159992694854736, 3199.081202886373
2.9136509895324707, 3191.691175881657
3.108640432357788, 3168.588470616247
3.206281900405884, 3110.2310283902916
3.2550599575042725, 3068.3310665930476
3.303723096847534, 3066.73770238593
3.352443218231201, 3043.9517262459267
3.4011106491088867, 3042.358362038809
3.4498400688171387, 3020.5614333468548
3.4985013008117676, 2989.8734713720187
3.7906246185302734, 2989.1078703810635
3.887871265411377, 2944.5761399021285
4.033790111541748, 2912.978212935399
4.082481384277344, 2882.2961679436266
4.17980694770813, 2877.367611123831
5.154634237289429, 2862.219296390147
5.3984715938568115, 2859.416614855887
5.641958475112915, 2856.764501324913
5.690660238265991, 2838.637475074327
5.788295030593872, 2813.580737903656
6.326917886734009, 2810.9740032575064
6.375765085220337, 2809.847284989286
6.5713982582092285, 2806.1852962987323
6.717798471450806, 2786.6930109206296
T33
2.4574153423309326, 3981.6825438381347
2.5545780658721924, 3981.5277428942645
2.603177547454834, 3919.403434785694
2.6518216133117676, 3919.2486338418385
2.7007462978363037, 3655.860373130112
2.8471500873565674, 3562.13882120802
2.8959743976593018, 3520.920783503185
2.944755792617798, 3347.041182914065
3.2860872745513916, 3341.5619119365583
3.627222776412964, 3284.5233773401706
3.7736029624938965, 3084.22393539919
4.066532611846924, 3046.3925158020575
4.164304494857788, 3027.189709742175
4.213183403015137, 2975.0862963696127
4.359878063201904, 2871.7448323106655
4.604173898696899, 2856.6335447154997
4.701897382736206, 2822.7169087841758
4.750788927078247, 2764.109337169197
4.897431135177612, 2721.9081821287837
6.993169069290161, 2719.8735225587443
10.747324228286743, 2704.5317559415853
10.844759464263916, 2692.9802121370594
10.942387580871582, 2677.258566476521
10.991055727005005, 2674.1808027385414
11.088523149490356, 2652.3278568030655
11.13713550567627, 2649.250093065086
11.28285837173462, 2642.311030798126
11.429428577423096, 2638.026978638547
T34
2.277735471725464, 3906.3001430820877
2.520465612411499, 3622.7007766663155
2.617950677871704, 3459.3623760052287
3.105350971221924, 3372.338546418192
3.2998125553131104, 3320.0457738362165
3.3484725952148438, 3314.630313093716
3.3971786499023438, 3205.2696063722397
3.7865233421325684, 3185.727420824929
3.8352158069610596, 3009.064654747024
3.932499647140503, 2979.344200391366
4.030066251754761, 2957.1025544262666
4.07874608039856, 2949.1969687616365
4.224698781967163, 2932.4291815471224
4.321899175643921, 2916.3766736324033
4.4190826416015625, 2879.270732229692
4.516249895095825, 2876.0552345460455
4.5648839473724365, 2868.436546833298
4.662042617797852, 2861.7867929931817
4.710777282714844, 2855.5606397923693
4.759552717208862, 2848.9108859522385
4.8571460247039795, 2758.6220653361524
5.052074909210205, 2744.739441055717
5.1011879444122314, 2738.29737791745
5.150407791137695, 2699.4474739394354
5.442753553390503, 2680.90584501221
5.491338729858398, 2679.567015101755
5.637171983718872, 2664.842664254218
5.880083322525024, 2629.005079035065
6.0748138427734375, 2609.3847637418658
T35
1.9437062740325928, 3967.7087208954617
1.9925460815429688, 3827.467271824047
2.041506052017212, 3787.129179566793
2.1392908096313477, 3741.3741161635116
2.188141345977783, 3667.849543730772
2.2368972301483154, 3642.2111586857936
2.3836734294891357, 3604.9419137638324
2.4325685501098633, 3561.2872818146134
2.7263293266296387, 3472.730327072699
2.7751433849334717, 3393.843418529228
2.824007272720337, 3340.0791383612377
2.921692132949829, 3301.6235625211993
3.0682153701782227, 3297.144002501984
3.2639319896698, 3164.886581236802
3.3617708683013916, 3082.125070760594
3.410640239715576, 3037.5634473632963
3.5084009170532227, 3013.57295837962
3.6061551570892334, 2969.2188065076334
3.655017614364624, 2962.557915272744
3.752707004547119, 2954.0657705754857
3.8016974925994873, 2897.834225804516
3.8505265712738037, 2730.8093931845506
3.8993916511535645, 2728.157151022562
3.948322296142578, 2721.3627017728722
3.997093439102173, 2717.907403692574
4.045725107192993, 2695.6786029388604
4.094381332397461, 2673.6624806898762
4.289124488830566, 2669.340934924243
4.337792158126831, 2654.5577192222117
4.3865296840667725, 2643.228352983133
4.532585382461548, 2639.1144675470423
4.629866600036621, 2622.4936455167917
5.311182498931885, 2617.1612315934326
5.701723575592041, 2607.770713608552
5.994760036468506, 2584.4963480515
T36
1.9390203952789307, 3301.524326137209
2.0365211963653564, 3255.777731934999
2.1337974071502686, 3195.8259987879283
2.2800817489624023, 3172.8726098568877
2.620701551437378, 3101.293513608296
2.86448073387146, 3008.684532309664
2.913320779800415, 2998.450078732625
3.0106797218322754, 2997.2518596424925
3.059349298477173, 2933.171839651346
3.110335111618042, 2924.464888246861
3.1590304374694824, 2922.4814930696302
3.2076709270477295, 2895.7573973489634
3.257317066192627, 2849.847873061459
3.3084123134613037, 2835.5913245345437
3.4056317806243896, 2816.843070571471
3.5519444942474365, 2806.774653351531
3.6495649814605713, 2805.430390387759
3.698188066482544, 2798.7935764009453
4.039367437362671, 2777.6775934187317
4.526779413223267, 2736.912560861034
4.576589107513428, 2722.237192950415
4.82073187828064, 2705.894464868383
T37
1.744110345840454, 3474.2273460491706
1.8416337966918945, 3437.1873572761833
1.8906147480010986, 3354.7245765491825
1.988046646118164, 3296.0187025513587
2.085629463195801, 3288.1126916420762
2.1344780921936035, 3191.904363421607
2.1832292079925537, 3024.4988314892544
2.232034206390381, 3020.970977492936
2.378537654876709, 3016.592820579972
2.4761953353881836, 2921.504135412877
2.5738866329193115, 2859.068090243876
2.6715011596679688, 2857.4152617544023
2.768725633621216, 2849.1409072693205
2.817368268966675, 2824.721009889123
2.866054058074951, 2803.601716569974
3.303915500640869, 2747.889938665816
3.645209312438965, 2733.418428621895
3.839860677719116, 2725.4638103107427
9.486600637435913, 2717.1026366072474
10.411071538925171, 2716.3101121646614
10.508620977401733, 2703.228797075775
T38
2.4251742362976074, 3711.7275898159132
2.5223569869995117, 3557.900036905019
2.571188449859619, 3383.1582330775273
2.6687817573547363, 3371.4549808998563
3.0096986293792725, 3354.9090087022923
3.155852794647217, 3303.6500407920103
3.2045116424560547, 3280.6362778858747
3.253178358078003, 3253.318307485184
3.3992981910705566, 3170.396356296522
3.4966647624969482, 3133.0154350600496
3.593923807144165, 3115.748323049571
3.6426615715026855, 3016.0091494672233
3.740379810333252, 2931.1827551236056
3.789088249206543, 2886.4183878455224
3.8378467559814453, 2885.7216479399067
3.9837357997894287, 2852.4204939517513
4.080980539321899, 2769.2808097370435
4.178321361541748, 2748.088878003793
4.227058172225952, 2729.461021866213
4.4217681884765625, 2715.319745199231
8.76157832145691, 2692.488512889089
13.732098817825317, 2685.292226291698
T39
2.5718395709991455, 3931.3432277021348
2.7665834426879883, 3606.141562383782
2.815389394760132, 3429.9518898190145
2.8640999794006348, 3315.3564580514503
2.9617278575897217, 3299.9483561124216
3.1571123600006104, 3245.373374116243
3.4010682106018066, 3166.644382853032
3.5961837768554688, 3161.382100082352
3.7913153171539307, 3161.0361162494373
4.132833242416382, 3128.0642952291964
4.181728363037109, 2995.2514715941215
4.230570554733276, 2988.608939278536
4.377012491226196, 2928.6758847652527
4.425899267196655, 2910.793706966593
4.474700689315796, 2896.620063007038
4.621049642562866, 2835.269473580047
4.669896841049194, 2827.833779519293
4.767473936080933, 2776.961291729618
4.913828372955322, 2746.3794473364687
5.060145139694214, 2715.1918047792133
5.20665168762207, 2685.282018435377
5.30454421043396, 2670.104836763945
5.705474615097046, 2637.2902476645977
8.150139331817627, 2636.676894743694
9.567259550094604, 2622.1994023453008
T40
2.816669225692749, 4174.279270199244
2.914172410964966, 4137.395731841316
3.0116872787475586, 3811.853661125191
3.0606470108032227, 3689.051929616544
3.2072272300720215, 3597.52960796158
3.2560760974884033, 3524.0790654608572
3.4026072025299072, 3426.571124356109
3.6959786415100098, 3421.3186901835143
3.74487566947937, 3299.916362115968
3.9402763843536377, 3278.686819301787
4.233386039733887, 3125.8195666716056
4.428654670715332, 3006.510187901309
4.5263426303863525, 2995.1896626780217
4.575222730636597, 2970.807465583028
4.624159336090088, 2964.650471265777
4.721889019012451, 2905.7047435791756
4.966052770614624, 2866.0764960585802
5.063646078109741, 2834.288384768108
5.112517833709717, 2814.324666956425
5.2102179527282715, 2719.0666615728987
5.454610109329224, 2634.5916698782385
5.699047088623047, 2624.8364848315687
5.845758438110352, 2584.962612204923
5.894629240036011, 2578.4621845203947
6.0900866985321045, 2514.029026015589
6.334188938140869, 2496.9946465601533
T41
2.6589043140411377, 3802.610183131241
2.7562224864959717, 3779.60002215844
2.8047828674316406, 3663.802467038113
2.950615882873535, 3479.8539374797692
3.0479514598846436, 3382.4609110054444
3.291494607925415, 3301.1478003138036
3.8768768310546875, 3117.1153751091624
3.9743564128875732, 3064.6089910592273
4.071843862533569, 3063.598154119187
4.1205549240112305, 3038.1155170223647
4.412978410720825, 3037.610508412763
4.559273719787598, 2931.2713914138876
4.6080262660980225, 2898.7543021287274
4.802830934524536, 2876.8610264616436
4.900241136550903, 2803.2633107546717
5.095195293426514, 2716.6678836146166
6.118807315826416, 2712.518973185448
6.461640119552612, 2700.167866775024
8.420345544815063, 2696.7505749854026
8.468967199325562, 2676.0286578031664
T42
1.988914966583252, 3724.2387785808096
2.1346752643585205, 3482.6273438975477
2.183424949645996, 3432.692365836032
2.2320477962493896, 3364.87460205979
2.280702829360962, 3339.3775880655157
2.329366445541382, 3266.835526811221
2.3779900074005127, 3256.457116017031
2.4752743244171143, 3247.7641723471315
2.572937250137329, 3231.028256628968
2.6706690788269043, 3010.979739178234
2.8166611194610596, 2953.25804919668
3.0595662593841553, 2948.89902859673
3.3026251792907715, 2944.1961776826065
3.448786735534668, 2930.4805601901753
3.5947179794311523, 2880.2009112422675
3.643442153930664, 2874.396319612235
3.7898738384246826, 2867.9265631272574
3.9355859756469727, 2780.0407175777364
3.98421049118042, 2773.570961092759
4.129903078079224, 2763.527852926971
4.227094650268555, 2725.2324713626003
5.49195671081543, 2707.729693585992
T43
2.228672504425049, 4068.2293286199856
2.2772765159606934, 4032.0339525580494
2.3258554935455322, 3872.7310254638287
2.374613046646118, 3802.3658234353643
2.4234507083892822, 3729.992744633564
2.5210838317871094, 3677.468304466107
2.569737195968628, 3397.4950630511885
2.6185593605041504, 3388.1367153672763
3.1553614139556885, 3366.788538245397
3.4476096630096436, 3171.675367095537
3.6425607204437256, 3062.45926058208
3.740023136138916, 3016.6397684403637
3.8861827850341797, 2945.085173527943
3.9836509227752686, 2865.550800437777
4.032306432723999, 2859.864704089501
4.616609811782837, 2852.0004633536882
4.7138495445251465, 2834.7107754922763
4.811182737350464, 2798.7434378432517
4.859769821166992, 2798.2182811476378
5.005776643753052, 2787.5166317056137
5.151716947555542, 2729.611111330145
5.492406368255615, 2703.905907249369
5.785248041152954, 2688.9415500371833
T44
2.329155683517456, 3700.2611437870946
2.3778600692749023, 3658.9195217574743
2.475224018096924, 3595.5687950463034
2.5729401111602783, 3449.178998242249
2.768786668777466, 3300.6102598517755
3.0130491256713867, 3116.5957326699136
3.648933172225952, 2970.6749956988206
3.7953662872314453, 2899.6299765484146
3.892995834350586, 2895.5709584044234
4.03956413269043, 2856.0851269461564
4.137282848358154, 2826.762447361849
4.283674716949463, 2807.5046419832797
4.332359075546265, 2769.628021271623
4.381031513214111, 2758.2484071348445
4.527318954467773, 2753.457291339393
4.624954700469971, 2732.4943182938878
4.771453380584717, 2721.772364937511
4.8202948570251465, 2721.3521748653147
5.309784889221191, 2702.9413990717294
5.9943060874938965, 2676.574217072208
T45
2.136765718460083, 3472.051027062247
2.331324815750122, 3452.453518705428
2.3800106048583984, 3364.416484497662
2.769420623779297, 3269.2771982530394
2.9160985946655273, 3193.0071753513766
3.0626220703125, 3146.3575943339965
3.2091519832611084, 3052.4206615361327
3.40445613861084, 2977.9431132312457
3.502199649810791, 2955.1730647372024
3.5998876094818115, 2913.0791671619663
3.697338104248047, 2910.4492590845766
3.7461562156677246, 2888.9653359541408
3.8920094966888428, 2881.386863280917
4.184277296066284, 2880.9061976028606
4.232975006103516, 2880.3085089977394
4.2815985679626465, 2806.9429221741157
4.476031064987183, 2790.051953420567
4.670877456665039, 2772.166228193135
5.157649278640747, 2760.927222194601
5.206562042236328, 2754.0044208906475
5.255343914031982, 2730.750060996579
5.304046869277954, 2705.7235267570504
5.547990560531616, 2646.0230104884977
6.330393075942993, 2643.538223945332
6.770206689834595, 2637.100038749166
6.819207668304443, 2616.5046449637302
7.113773345947266, 2601.2853941122885
7.650351524353027, 2585.766118994099
8.138171911239624, 2572.153355993869
8.235558271408081, 2560.2514487779554
9.609784364700317, 2540.8658950477256
T46
2.4247498512268066, 3761.0055525253265
2.4735848903656006, 3726.815295453285
2.571483612060547, 3712.8062180921115
2.620589017868042, 3676.438468200693
2.669295310974121, 3349.834882569019
2.8153722286224365, 3317.8042334114434
3.5964293479919434, 3026.487101626015
3.8403942584991455, 2953.3333034001116
4.035166263580322, 2932.9857392842387
4.1813273429870605, 2811.8190518643823
4.229969024658203, 2810.83257361305
4.2786946296691895, 2768.925515131996
4.327539920806885, 2737.0248092422844
4.37645411491394, 2727.0696054272703
4.912619352340698, 2722.736646919817
4.961492538452148, 2716.2317826919607
5.058777809143066, 2693.567564595942
5.107547998428345, 2657.1354400796263
5.253851890563965, 2650.2224050798395
5.400021314620972, 2624.0630263065104
5.643848657608032, 2606.669795329697
7.066366910934448, 2605.7141107360803
7.164060592651367, 2601.0982634278334
11.017773151397705, 2599.984264458326
11.114985704421997, 2598.112327674855
11.163586616516113, 2579.509832202777
T47
2.765216112136841, 3911.0075651282386
2.960012197494507, 3752.9938764339167
3.0087366104125977, 3729.2136794100807
3.1061108112335205, 3486.1563397481805
3.2036874294281006, 3154.3160323388147
4.278091907501221, 3116.1280776628846
4.327069282531738, 3070.10339162928
4.424826622009277, 3049.557064005421
4.522785186767578, 3017.151902064419
4.669315814971924, 2997.946907723206
4.816325426101685, 2973.0993949200347
4.86522364616394, 2927.267309738876
4.962873458862305, 2920.0401655381866
5.0604939460754395, 2897.206137030138
5.206832647323608, 2889.5737077086233
5.304314851760864, 2821.929866740975
5.353294372558594, 2812.2508199737495
5.450859069824219, 2807.3786571957025
5.548539161682129, 2777.4000978718104
5.792274236679077, 2775.4100020673504
6.085110187530518, 2760.3574660957092
6.2312281131744385, 2728.8070047006477
6.2799973487854, 2719.5252723811864
6.426393508911133, 2719.0080591040605
7.255936622619629, 2716.1590159025072
7.304639101028442, 2712.9618869495607
7.549994230270386, 2699.5223823159176
9.930561065673828, 2684.404857510148
14.630824327468872, 2683.794421570681
T48
3.2065651416778564, 3945.177243256039
3.304248332977295, 3815.3035561214783
3.4509716033935547, 3693.879301777022
3.500032901763916, 3577.563284995558
3.54892635345459, 3568.398983993684
3.7936105728149414, 3535.8079876294505
4.674935340881348, 3388.405615065858
4.772991418838501, 3327.1911941166472
5.017777919769287, 3173.7118103095854
5.115705728530884, 3101.7541130456666
5.311484098434448, 3101.5633643539186
5.507358074188232, 2934.38859377295
5.654116868972778, 2919.513993813307
5.703187465667725, 2879.6932026306313
5.898616790771484, 2870.7640545840986
5.947486400604248, 2858.379235462635
6.045092344284058, 2845.450400964255
6.09392523765564, 2844.720004502451
6.2892985343933105, 2813.2462809498393
6.484870910644531, 2795.618344783288
7.1208579540252686, 2784.3265413426852
7.16975736618042, 2779.124305413279
7.560968637466431, 2765.141635590655
7.659180164337158, 2762.350437734509
7.85482931137085, 2757.484859766948
7.903682708740234, 2750.7831741634436
8.0012788772583, 2729.9425658505206
8.196865797042847, 2712.599095483398
8.786487817764282, 2712.449504138931
8.835360288619995, 2703.1112971305847
8.933135509490967, 2696.9968402863014
9.326177835464478, 2652.893368962381
9.522037506103516, 2649.4864153822564
10.69890022277832, 2634.4610505024175
12.928214311599731, 2631.9089335846074
12.97698187828064, 2613.8898401621846
T49
1.8923261165618896, 3886.2853864897916
1.940967082977295, 3710.7376533544593
2.0382614135742188, 3703.79729079119
2.135772228240967, 3561.7299258277344
2.1844258308410645, 3436.9623587279784
2.379690647125244, 3419.6188532952656
2.7207510471343994, 3257.55982498941
2.866964101791382, 3148.189354902497
3.1594526767730713, 3074.6009034328745
3.354020833969116, 3041.3761806584807
3.500075340270996, 3035.5583175341308
3.6947381496429443, 3031.813598367109
3.792196750640869, 3002.602192677383
3.889615535736084, 2984.2113643605408
3.938368320465088, 2942.6775625847367
4.035679578781128, 2936.644930591763
4.084304094314575, 2933.2011812748533
4.133151531219482, 2924.5182543791307
4.279055118560791, 2905.998650418507
4.474125862121582, 2896.476769409812
4.52306056022644, 2867.296301968163
4.571772336959839, 2861.371528519594
4.669032335281372, 2823.7070263045607
4.766663312911987, 2805.8022974938212
5.108820915222168, 2788.2267769919126
14.19053840637207, 2785.1883099285187
14.828426599502563, 2744.307059176819
T50
2.135026693344116, 3949.4706653175963
2.28120756149292, 3825.972024536881
2.330110549926758, 3547.1569914359425
2.379136085510254, 3427.936495270784
2.47688889503479, 3371.905495925079
2.525902509689331, 3284.679061124465
2.769834280014038, 3221.8083051884605
3.2095706462860107, 3203.598868924222
3.3074047565460205, 3170.2768353875144
3.3565235137939453, 3128.3123453324224
3.4545881748199463, 2981.0769855295657
3.7475900650024414, 2957.55175471885
3.79636287689209, 2944.6992638660595
3.943396806716919, 2910.362801530442
4.089705944061279, 2781.100685350568
4.138408422470093, 2765.6238902583427
4.528595685958862, 2759.4747522490798
4.966681003570557, 2749.456843447697
5.112581968307495, 2734.7897900529642
7.701635837554932, 2709.075916583286
T51
2.95528507232666, 3944.432646431582
3.1985843181610107, 3679.2067062515416
3.2961063385009766, 3583.660820168632
3.3451693058013916, 3493.7776323675353
3.491546869277954, 3311.367015951051
3.5889456272125244, 3283.2754738691874
3.88118314743042, 3227.15781320291
4.174165725708008, 3150.5578000393434
4.614099025726318, 3040.649441676389
5.053808212280273, 2937.241063618814
5.200096130371094, 2792.525035435625
5.638463258743286, 2767.646596076782
5.930858850479126, 2672.8716960241873
6.12571120262146, 2651.3163741254684
6.22315239906311, 2620.631215852409
6.3205482959747314, 2600.0289962176757
6.417865753173828, 2592.1557257999375
6.5154128074646, 2575.3465184209635
6.856268882751465, 2566.6209441413084
8.90454363822937, 2566.275790789994
8.95321249961853, 2563.398268135512
9.00196385383606, 2559.9999821339443
11.493893384933472, 2553.9142746647267
T52
2.1819193363189697, 3826.3318244381226
2.4255268573760986, 3809.4830447967834
2.4741835594177246, 3541.6294734527037
2.571866750717163, 3538.351230354834
2.620638847351074, 3499.757702198651
2.669354200363159, 3475.988729578079
2.8154220581054688, 3473.8457905986725
2.9128973484039307, 3393.907244283633
2.9616501331329346, 3370.654185617692
3.2060892581939697, 3300.1828230432
3.303668737411499, 3104.9820470487757
3.3524880409240723, 3104.205798567913
3.547330379486084, 3099.329318211385
3.644909620285034, 3097.1307482815173
3.8886613845825195, 2888.8095638579543
3.9859964847564697, 2857.1469504225824
4.034696102142334, 2822.7686166643252
4.229486465454102, 2815.4450169849733
4.5222461223602295, 2808.7691736079723
4.814137697219849, 2808.230822698388
4.86288046836853, 2769.2497133035067
4.960294246673584, 2748.1368477039214
5.106469392776489, 2745.6786594913865
6.033370018005371, 2712.1572177188355
6.0820701122283936, 2692.4052954268554
6.1307408809661865, 2669.6516620054463
T53
2.5291714668273926, 3903.920380063908
2.675696611404419, 3799.86323998413
2.725153923034668, 3718.644239293877
2.774071216583252, 3656.2279339527013
2.8229691982269287, 3473.513409487612
3.018648624420166, 3459.6022425310657
3.0676190853118896, 3424.164349904735
3.165424346923828, 3374.8630749192234
3.458956480026245, 3286.619500265908
3.5079457759857178, 3281.703761668832
3.605710506439209, 3176.2662585013895
3.9479219913482666, 3098.9817143971886
3.9968674182891846, 3072.922177025146
4.240286350250244, 3067.189792777295
4.289000988006592, 3022.8462419096613
4.337665557861328, 2991.1382636465714
4.386261224746704, 2968.760813350047
4.483552932739258, 2965.3534166622558
4.629681587219238, 2935.1950279920275
4.726989507675171, 2927.187122387375
4.970182657241821, 2878.0598067515384
5.06781530380249, 2869.201445894694
5.116672039031982, 2865.4575352928077
5.262989282608032, 2860.177704880247
5.408911943435669, 2816.8126225022716
5.50639271736145, 2814.1768084239156
6.138389348983765, 2810.82562267677
6.187028408050537, 2809.2580771913053
6.2357800006866455, 2768.8283790026035
7.2104551792144775, 2761.196485910361
9.357900619506836, 2742.6945963932812
14.436020374298096, 2693.246460336959
T54
2.9548017978668213, 3890.654708209244
3.246000051498413, 3679.253900619471
3.2946720123291016, 3468.558389502985
3.538147449493408, 3362.2840243867977
4.414100170135498, 3203.8605649358215
4.608874559402466, 3029.4145844851446
4.852208375930786, 2973.8787798768026
5.047099351882935, 2921.266534320792
5.290467977523804, 2906.682574519451
5.387827634811401, 2876.6280147032667
5.4365129470825195, 2856.484483105727
5.777500152587891, 2841.113632770488
5.875123977661133, 2820.659412888155
5.923852443695068, 2814.4779496581614
5.972577810287476, 2778.6528794405895
6.021216630935669, 2724.6187510864256
6.06984806060791, 2723.727756864275
6.118502616882324, 2710.6285675410036
6.2158637046813965, 2658.655850588111
6.605103015899658, 2641.956981291296
6.994415283203125, 2640.9942914244166
7.0431928634643555, 2633.666592305759
7.091872453689575, 2616.1070384488994
7.2378928661346436, 2599.14776063092
7.335150718688965, 2563.883486629944
7.676831245422363, 2562.8386337890697
8.94443130493164, 2545.113842046456
14.077342748641968, 2544.326903338442
T55
2.330549716949463, 3802.682149711778
2.47635817527771, 3694.172315681717
2.524946451187134, 3572.2985944743996
2.6224007606506348, 3543.9393675108004
2.719736099243164, 3475.28893071528
2.8174595832824707, 3452.377637978032
3.1587741374969482, 3241.6883887025615
3.3049046993255615, 3123.5158834540925
3.4023337364196777, 3060.2503007635096
3.4510586261749268, 3048.289309143278
3.5484652519226074, 3029.3697440114775
3.743492364883423, 3011.4735978069366
3.9382331371307373, 2953.972443988925
4.035747766494751, 2922.309027458992
4.0844643115997314, 2914.2530310118746
4.181895017623901, 2891.4791988553043
4.279493093490601, 2886.527927706702
4.328310489654541, 2883.0763515330327
4.620781183242798, 2869.107331038773
4.718866348266602, 2836.652023481467
4.8651440143585205, 2806.0481830089557
4.914180278778076, 2785.508806961472
5.352301597595215, 2773.450067023892
5.668301582336426, 2768.3192355488136
5.717144250869751, 2744.684327685769
5.766128063201904, 2740.166868641565
5.8639421463012695, 2670.47006957297
8.650411605834961, 2629.151959781404
8.748138666152954, 2571.5720763328136
T56
2.374131441116333, 3694.4424216168263
2.471353054046631, 3619.5130635983805
2.5199222564697266, 3548.1341927116155
2.5686562061309814, 3485.8294949414267
2.7150497436523438, 3406.007469785429
2.8125271797180176, 3390.9296790347726
2.909882068634033, 3362.0767771862447
3.055906295776367, 3155.7571769456117
3.1535377502441406, 3135.300031991792
3.2022018432617188, 3121.198906016245
3.446126699447632, 3100.5362137699412
3.543682813644409, 3084.4247695615923
3.641475200653076, 3049.4629800120165
3.6903059482574463, 2980.764149418799
3.7389960289001465, 2948.318349581561
3.7885141372680664, 2882.944588832106
3.8371353149414062, 2834.525300182606
3.8858635425567627, 2791.829542800391
3.983057737350464, 2787.594587196014
4.177588939666748, 2758.4086054725776
4.226219177246094, 2755.3677033684507
4.469295024871826, 2745.67580687553
4.615117311477661, 2694.131262089868
4.761103868484497, 2691.2596854940057
4.956223487854004, 2681.676496090091
5.1506688594818115, 2664.3112237454043
6.717314720153809, 2661.8366691119154
7.1076788902282715, 2658.98387656828
7.740004539489746, 2641.1968622644054
7.934682607650757, 2580.0764923461684
8.17883825302124, 2573.0997289514635
8.813595056533813, 2553.770853923459
8.862433671951294, 2545.143863264646
8.911243677139282, 2532.955367843242
12.968440055847168, 2531.320999833988
T57
2.0376970767974854, 3980.245361320456
2.0863921642303467, 3940.5906861788535
2.13521409034729, 3801.860440903154
2.1841819286346436, 3659.5619695514906
2.281613826751709, 3642.6770895277878
2.3303706645965576, 3560.6535459827574
2.3790645599365234, 3519.364828755395
3.0623185634613037, 3216.4661258013657
3.355156183242798, 3211.33093587021
3.4039158821105957, 3197.723128913116
3.4527809619903564, 3183.7307605019596
3.5502536296844482, 3086.850872772775
3.696782350540161, 3082.965436357059
3.8436474800109863, 3079.4897360929026
4.049499273300171, 3044.688022852235
4.147064447402954, 2874.0341541149537
4.195943117141724, 2822.7126601169584
4.293503284454346, 2815.5469171027944
4.342259168624878, 2790.309999316436
4.39127779006958, 2787.135180772617
4.439967393875122, 2758.622759980397
4.537612438201904, 2756.5829374052846
4.6351964473724365, 2756.1789130144753
4.928632736206055, 2729.278758087239
5.124485492706299, 2727.4815273977583
5.320191144943237, 2700.643931278275
7.089987754821777, 2695.486655017652
T58
2.710873603820801, 3828.923408359682
2.7595884799957275, 3822.0478145134985
2.8081626892089844, 3668.579900646553
2.85672926902771, 3514.448888399318
2.905433177947998, 3415.422137044501
3.2456486225128174, 3345.2617216366925
3.5859668254852295, 3157.9113361366617
4.072136640548706, 3100.7699622252258
4.218216896057129, 3062.393577093346
4.50978946685791, 2991.868326283424
4.655734300613403, 2941.8324707252614
4.947983264923096, 2884.9582039959787
4.996598720550537, 2872.0770523142855
5.045287847518921, 2795.123419349853
5.191247463226318, 2784.0634166487143
5.531915903091431, 2745.322698898817
5.6783411502838135, 2743.102264278554
5.727144956588745, 2691.9437212351477
5.824881076812744, 2691.5103716908343
5.873704195022583, 2633.1612803843454
6.215342283248901, 2622.449563920498
6.6072564125061035, 2616.170550032839
6.803282260894775, 2615.7389118247374
7.780219316482544, 2593.345533293934
T59
2.433692693710327, 4003.216711012865
2.5792529582977295, 3689.373962773767
2.677020788192749, 3598.5292372180556
2.7260217666625977, 3560.9558607420768
2.774888038635254, 3536.456346322244
2.872666358947754, 3359.295353184076
3.3601455688476562, 3324.3215062277304
3.457606315612793, 3209.4550512120622
3.799104690551758, 3163.478960173772
3.84785795211792, 3147.672109475752
3.896470546722412, 3113.744731137005
3.9450807571411133, 3096.289024152138
4.091283559799194, 3050.292763300371
4.2860190868377686, 3046.959733445474
4.3346545696258545, 3046.213509521127
4.4320313930511475, 3030.354030367438
4.529828786849976, 2996.173288774604
4.67586350440979, 2991.6833567024732
4.724516868591309, 2987.3402178439574
4.870394945144653, 2971.1182714812894
4.967663764953613, 2934.2537297585513
5.1136534214019775, 2917.631243797063
5.210967779159546, 2865.3887147185887
5.308400869369507, 2839.6496777530556
5.357281923294067, 2833.377303497822
5.503747940063477, 2800.797910286492
5.650002717971802, 2768.878497536527
5.6988115310668945, 2767.2254459459655
5.796018600463867, 2765.7114115919394
5.8446972370147705, 2742.57185538669
6.040554761886597, 2702.99314155255
9.79928469657898, 2701.852730274317
13.763471603393555, 2698.3040707298933