T0
0.7872161865234375, 63.961057559868266
11.042565822601318, 52.808075523499426
15.144775867462158, 40.910474854193225
T1
1.9342715740203857, 150.66051694989181
3.985384464263916, 87.63874437932506
6.036404848098755, 74.88889064449663
8.087676048278809, 72.07726015627978
10.138707399368286, 54.829233235765365
T2
0.486724853515625, 54.76126583444286
2.537689447402954, 47.7455217043793
4.588840484619141, 41.44200493959923
8.691054821014404, 38.49770973012771
T3
0.48514819145202637, 32.79437804165528
T4
0.19443655014038086, 66.93146842108094
4.296711444854736, 65.02900132520597
8.398770570755005, 58.502403060558564
T5
4.323713779449463, 66.07228941800584
6.374926567077637, 37.4931290778752
12.528547525405884, 22.77777378288183
T6
3.4906094074249268, 80.14563954186511
5.541748762130737, 64.74842286783291
7.592903137207031, 59.04512187788123
9.643911361694336, 57.291009626083856
11.694873809814453, 39.71802449764355
15.796747207641602, 37.8093437859372
T7
0.19440293312072754, 73.63551465704668
2.2455646991729736, 66.48714413658709
8.398581266403198, 66.19042867059626
10.449748516082764, 58.98306768367699
16.60308289527893, 57.863536119180836
T8
8.626631259918213, 120.49411480078258
10.677788257598877, 101.02649661388764
12.72885251045227, 54.04522779648383
14.779840230941772, 44.30517811043718
T9
0.1951756477355957, 25.615660810915855
T10
0.19519925117492676, 61.07276639608595
4.296317100524902, 56.314505081960874
T11
0.19502019882202148, 33.03358668682131
T12
0.48627543449401855, 13.730583060823832
T13
0.19493532180786133, 56.47632971372944
2.244385004043579, 48.56160947822109
4.293964147567749, 32.10820874629075
14.545921564102173, 23.060867506887185
T14
0.19527721405029297, 70.05230229799177
4.296117544174194, 69.1154247194581
10.45171070098877, 66.52639301553856
14.552371263504028, 65.3697059652715
T15
0.2468430995941162, 71.37218602862683
2.2976131439208984, 43.6214211845183
6.39911675453186, 41.459681989788734
8.449582576751709, 41.0973583171562
10.499706745147705, 38.807734449512964
12.550849676132202, 35.57525812588011
14.601871728897095, 34.42268030124125
T16
3.4451205730438232, 93.7730586003866
5.496312618255615, 69.72089937928757
7.547569274902344, 64.24799960084663
11.64986777305603, 55.92544759743566
13.700891256332397, 41.63080076869335
T17
0.19553303718566895, 24.823692048923775
T18
0.195542573928833, 53.32989667486183
2.246758460998535, 38.1062498877081
4.298149347305298, 27.813634644109896
6.34932017326355, 23.970061307479885
T19
0.19417834281921387, 60.74558134703771
2.245163679122925, 58.849231978798116
6.347213983535767, 58.3679074786464
8.398261308670044, 34.938980831374934
T20
0.1956782341003418, 42.0102582794017
2.246821403503418, 40.83907680251819
T21
2.282524347305298, 70.90367984474145
4.33361554145813, 55.75142663366628
8.434685707092285, 45.371485909687216
10.485883235931396, 43.746220312041935
16.639010429382324, 40.10044109590229
T22
6.726033687591553, 123.83262300617392
8.777100563049316, 91.45749269722143
12.879208087921143, 78.0848583196054
14.930212497711182, 70.00327084648785
16.981392860412598, 56.93021776216796
T23
0.19503450393676758, 50.28461030985099
4.297156810760498, 45.067634269932256
T24
0.19551944732666016, 55.598640241416916
4.297698974609375, 19.821346068523354
T25
0.19524884223937988, 48.04953990372573
T26
0.6293139457702637, 39.78346474549739
2.680432081222534, 25.857951653219118
T27
0.19573140144348145, 51.22941337311908
4.298055410385132, 43.64268986801906
12.502437829971313, 42.36953381186282
16.60467290878296, 41.573693715105534
T28
0.5809133052825928, 94.00693901738587
2.632002830505371, 46.714615809633486
6.734253406524658, 45.53053688449193
8.785429239273071, 43.59933281896494
12.887649297714233, 36.78822450133406
14.938750743865967, 35.28695215722812
T29
0.1954059600830078, 48.26142188271281
2.2465269565582275, 40.16617303455791
4.297575950622559, 37.84464914443664
6.348811388015747, 36.94346814176304
10.451103925704956, 34.13203971534923
14.553121328353882, 31.29826787537732
T30
0.19411277770996094, 36.72757576165957
2.2450754642486572, 25.170777260900344
6.347149848937988, 23.79397889539818
T31
2.9630582332611084, 89.17683513751199
7.0654191970825195, 64.43331491292112
9.116698026657104, 51.6817064900125
T32
1.3608241081237793, 43.692756071887146
3.411980390548706, 37.44513874307024
7.514155864715576, 36.46779936550107
T33
0.19457292556762695, 36.851729482848015
2.2456398010253906, 36.6824989042185
4.296666622161865, 31.51820529569018
T34
0.1945943832397461, 36.86094809793922
14.551551818847656, 34.77784828719379
16.602734327316284, 33.53301090654709
T35
0.19480013847351074, 77.43401383187334
2.2459909915924072, 36.56145468366227
T36
0.195343017578125, 105.76784289807449
2.246386766433716, 82.54008152921325
4.297609329223633, 75.98301553289548
6.348762273788452, 74.83181032396284
8.39993667602539, 73.19912947795127
10.451103925704956, 71.16342055817861
12.502251148223877, 65.87137533766088
16.604560136795044, 60.12217954845622
T37
0.19494295120239258, 67.14378926994397
4.297208547592163, 63.982251540544176
6.3483664989471436, 60.48488821856045
8.399495124816895, 59.83063201503814
14.55290412902832, 56.28085214099247
16.604078769683838, 47.96838027869175
T38
0.19588804244995117, 25.671503891157723
T39
1.8899576663970947, 86.60314898318347
3.940965175628662, 75.26786040539344
5.992091178894043, 64.2813330374693
10.0944082736969, 58.29489446644849
12.14557147026062, 56.713228621073114
14.196625471115112, 55.02024991015867
16.24777889251709, 52.33614865491252
T40
1.9441618919372559, 77.29178582074124
3.995297431945801, 62.834709071413286
6.046478748321533, 55.69834797967958
8.097747325897217, 53.81446448389508
12.20009732246399, 51.85051709475992
14.25134825706482, 46.32531921775677
T41
2.664639711380005, 54.308666340070786
6.766675710678101, 52.76987700677412
10.868854999542236, 49.143973912465235
12.919894218444824, 48.59498843226982
14.970908164978027, 45.26147503197343
T42
0.19445586204528809, 48.235122194084816
T43
3.391707181930542, 111.41296709019934
5.442909002304077, 70.6321818468333
7.494099855422974, 70.6288118919002
9.545124053955078, 59.183608377540665
11.596220970153809, 57.9683491451278
13.647301435470581, 52.128974355749634
15.698364734649658, 50.91752324291701
T44
0.19440412521362305, 43.24594727347095
2.245440721511841, 32.3509605723003
T45
0.19489741325378418, 75.6560782071265
2.244022846221924, 55.081912959496364
4.295266389846802, 50.5802761858772
8.397410154342651, 47.8432561699873
16.60171914100647, 46.22105992011584
T46
2.9480321407318115, 88.91222749523816
4.999092102050781, 80.27749564025086
7.05011510848999, 76.6408574053141
9.101181268692017, 65.48412931732082
13.203348875045776, 64.63900106019611
15.254350900650024, 50.77407032756487
T47
0.19419503211975098, 43.86314960922621
2.245208501815796, 27.40020319975392
T48
0.19443678855895996, 72.91356459400015
T49
0.19434356689453125, 65.73189827641488
10.449453115463257, 11.638502746722246
T50
0.5332679748535156, 46.138952686711725
6.686412572860718, 45.65215219746298
10.788347005844116, 41.65933120761032
12.839454650878906, 40.34556661062628
T51
0.196425199508667, 35.61782832052653
T52
3.1422135829925537, 59.737748389182926
5.193225145339966, 56.24252851327586
7.244266986846924, 52.9508386802964
11.346233606338501, 46.94140064304746
T53
2.033470392227173, 63.74144857046439
4.084583759307861, 38.62667210786498
8.18667483329773, 37.46592841413853
10.237736701965332, 36.870720323638494
12.288901567459106, 36.099109568538225
14.340013027191162, 29.690915164725663
T54
0.19445180892944336, 92.57512351261042
2.2455246448516846, 52.00315375803768
6.347821950912476, 44.549017151654056
8.39888858795166, 43.8659040579681
T55
0.2427058219909668, 106.06408516944772
2.293769121170044, 57.297372977135
4.3448755741119385, 55.1867577779272
6.395929574966431, 45.20172422205509
10.498104810714722, 43.16193280964251
T56
0.1943814754486084, 61.53328076496041
2.245434284210205, 56.9461091841819
4.296454191207886, 49.563545224644905
T57
0.19417047500610352, 33.904293681711394
2.2452683448791504, 31.62681029225419
T58
0.19403433799743652, 54.907736944390734
4.296016693115234, 41.867890906144424
10.448774814605713, 38.97308695042624
T59
0.19439029693603516, 39.54546415947772
4.296519041061401, 34.382101666094144