T0
0.789515495300293, 69.55213982374644
11.044392585754395, 38.59130493941157
T1
0.7779076099395752, 88.31938628704937
2.8289144039154053, 86.70930500428871
13.084375143051147, 81.18064588863129
17.186569929122925, 62.88951565081051
T2
0.5002133846282959, 76.70681369954045
2.5513455867767334, 75.39123097650727
8.704365015029907, 74.16478942370605
T3
0.5052378177642822, 40.21968713367293
T4
0.48407816886901855, 103.44599235951851
2.5350332260131836, 76.08147383556962
T5
0.19524550437927246, 74.57531031539985
T6
0.19520902633666992, 92.54589817230735
20.705360174179077, 80.71767852793292
T7
0.1954820156097412, 40.94158016186775
T8
0.1949329376220703, 85.27019740558404
4.296993732452393, 79.33474484967934
14.552165269851685, 77.54180882558515
16.603371381759644, 69.98371419497856
T9
0.1954355239868164, 79.14199917512302
20.705878973007202, 55.37189833448217
T10
0.19489598274230957, 60.74072450346442
T11
0.48630404472351074, 79.17697726601733
23.04721212387085, 60.16874724115772
T12
0.195570707321167, 78.06849837490489
4.297713994979858, 25.722777263515923
T13
0.19501829147338867, 100.69728462546863
12.500759601593018, 66.22840353396992
14.551796197891235, 41.8622238575967
T14
0.19582128524780273, 81.25158395786856
22.75739622116089, 45.82881852692697
T15
0.19510316848754883, 70.21744670759449
T16
0.19456005096435547, 71.27751180576968
10.449471950531006, 64.32233627122159
T17
0.1956474781036377, 66.46484845826213
6.348713397979736, 52.66079702517514
T18
0.1953284740447998, 30.00550347156557
24.805593490600586, 22.654010673064963
T19
0.19515681266784668, 49.72950115463177
T20
0.19499802589416504, 72.25827828361881
T21
0.19510126113891602, 40.33340666022944
28.909537315368652, 33.26935311962354
T22
0.19495272636413574, 85.23508760289124
4.296935081481934, 82.97089660617198
6.347982406616211, 60.43516029319419
12.499785423278809, 46.102114022603914
T23
0.19482731819152832, 43.425563149409825
T24
0.19542598724365234, 70.39380688426147
T25
0.19488167762756348, 96.98126530089189
2.245946168899536, 59.09214856725614
T26
0.19533658027648926, 79.98365351933647
14.552646160125732, 77.3544744532129
T27
0.19493508338928223, 69.42131966372716
T28
0.1956796646118164, 80.09463900096365
4.297804832458496, 67.87273661158893
T29
0.19528985023498535, 91.21304388713467
2.2463269233703613, 71.53405111310003
6.348384141921997, 60.26456572492472
T30
0.19538545608520508, 70.14458624793014
22.75669765472412, 67.32498144109539
T31
0.1952042579650879, 75.96505229099694
8.399236679077148, 57.52751874489639
T32
0.19527339935302734, 40.382215124009264
14.552656173706055, 31.59430226603336
T33
0.19502973556518555, 55.02280389613584
T34
0.19487452507019043, 92.19732237897144
6.347808361053467, 69.01646954877484
8.39880895614624, 54.496752723465846
T35
0.19532465934753418, 67.10400829535885
T36
0.19494986534118652, 41.35370001063062
T37
0.19502878189086914, 83.87685577524333
12.5011887550354, 44.460027290526604
T38
0.19482874870300293, 104.9899504594896
2.2459166049957275, 54.410258229880334
T39
0.19486618041992188, 59.66991628316373
T40
0.19537973403930664, 65.11822295718699
2.246345281600952, 53.53205512825594
T41
0.19488525390625, 61.721337983297026
T42
0.19503355026245117, 76.29714777198022
T43
0.19486403465270996, 62.038207022011235
T44
0.24798226356506348, 59.062090832614906
T45
0.19469857215881348, 84.21317282849989
2.2456741333007812, 44.44503466980915
T46
0.1948564052581787, 29.192783005293087
T47
0.19531583786010742, 108.59909641394687
4.297379016876221, 39.338006005963685
T48
0.19488072395324707, 91.71270110365812
16.60306406021118, 86.54822443007075
22.757137060165405, 80.17024940430966
28.910054445266724, 74.12873459790788
T49
0.1969621181488037, 68.0015441478091
10.452112913131714, 66.87577879075485
T50
0.19505834579467773, 65.2368862464
T0
0.7881138324737549, 71.1641934985683
T1
0.48706626892089844, 65.70321181395803
T2
0.8079802989959717, 120.37315837423229
2.8588507175445557, 71.75286726250724
T3
0.19519615173339844, 122.12897840780046
4.2973620891571045, 84.66319721620235
8.39949655532837, 82.02272517903502
10.450597047805786, 75.78330043919838
24.808078050613403, 72.44386114717585
T4
0.4839925765991211, 57.706715368792146
T5
0.4975600242614746, 90.86782559806892
10.752902269363403, 85.70628344216374
25.108049392700195, 22.859266212473358
T6
0.48533010482788086, 57.76760634690453
T7
0.19487762451171875, 51.86208988127339
T8
0.19447851181030273, 86.64497900846449
12.500226974487305, 77.8350836336506
T9
0.19464445114135742, 89.97129142380139
T10
0.19437050819396973, 73.67103141513346
14.551620721817017, 63.67705668468559
T11
0.1948390007019043, 70.55200832833653
6.347747564315796, 49.73580050240391
T12
0.19458413124084473, 81.62952318960448
6.34771203994751, 78.95139039771813
10.44973874092102, 57.557514585439435
T13
0.1947338581085205, 62.549801796341036
T14
0.19472265243530273, 66.77072885947516
T15
0.19466280937194824, 90.64159546566549
10.450356245040894, 61.68629527964367
T16
0.1944875717163086, 115.95626507194861
4.296726703643799, 67.62371872761474
T17
0.19464683532714844, 58.02270146762512
T18
0.19521307945251465, 61.81517703795761
T19
0.19510674476623535, 32.57186341786481
T20
0.19466471672058105, 67.36514483388463
16.602458477020264, 66.76672760065973
T21
0.19514250755310059, 37.62067928617379
T22
0.19449186325073242, 61.53344875998844
T23
0.19469642639160156, 98.84161596123907
2.2459518909454346, 74.2539599277599
6.348093748092651, 71.67710216680344
T24
0.1949634552001953, 75.1461576209468
6.348158359527588, 52.384311390640754
16.603206634521484, 49.29725250505804
T25
0.194441556930542, 46.76611678385643
10.449174404144287, 45.87196058727345
T26
0.19518446922302246, 182.94926385946277
4.29726505279541, 144.67912986928528
6.348460674285889, 137.0184970176222
8.399540901184082, 118.97555618288877
16.603874921798706, 108.34045650381674
22.756715059280396, 44.594763541826126
T27
0.19498801231384277, 115.86554606992105
4.296901226043701, 88.34079532934358
6.3478288650512695, 82.77767557322751
10.450085401535034, 81.79168707282325
12.501086950302124, 75.1234320484089
16.603451251983643, 68.77089909491079
T28
0.1945488452911377, 85.13640064137958
18.653204441070557, 74.99876299913959
T29
0.19457030296325684, 51.96375957595669
T30
0.1945335865020752, 85.89151228862548
8.398583889007568, 77.44714319085536
20.704150438308716, 73.17056482627935
T31
0.19487738609313965, 125.85035766106421
2.2460525035858154, 115.45401558206859
4.297066926956177, 67.05252528972227
T32
0.19480323791503906, 96.2438132341633
6.347976446151733, 63.0040640209896
T33
0.19477486610412598, 87.37661518249956
2.245800495147705, 68.39764554961873
22.755364656448364, 58.97821187317525
T34
0.19500184059143066, 67.82840821184139
18.653866052627563, 60.480946179025864
T35
0.1945481300354004, 69.38069140916461
T36
0.19439911842346191, 103.94790291775797
12.500046730041504, 98.84408368593844
16.602068662643433, 51.72566393489422
T37
0.19531559944152832, 102.5783948312349
6.348496913909912, 92.70116701923438
8.399633407592773, 88.97386957966091
12.501715421676636, 65.7077804676261
T38
0.19469308853149414, 85.24307508384499
8.398634672164917, 76.08191207036657
T39
0.19487857818603516, 75.0182473482961
T40
0.19521594047546387, 43.48365214833731
20.705391883850098, 14.150608144414623
T41
0.19472670555114746, 60.640707335140135
24.80668568611145, 52.5776709851558
T42
0.19452595710754395, 106.08845639319475
4.29642128944397, 98.70082619717381
8.398581504821777, 92.9514903103057
10.449524641036987, 81.67094103831518
