T0
4.276474714279175, 109.34849369739823
4.519246339797974, 54.78499159986677
4.810969114303589, 50.30793384257413
5.883243560791016, 48.27918198994303
6.808987140655518, 46.97222665569279
7.637307643890381, 41.734742995511624
T1
14.448589563369751, 64.13391932357627
T2
4.140451431274414, 110.74895485522575
4.334550619125366, 95.60016855249705
4.383277416229248, 68.24290012579877
4.675220012664795, 65.96282309301023
5.015780925750732, 51.88003900919284
7.3515636920928955, 47.13594664000266
7.643304109573364, 46.66081741920789
9.830925703048706, 35.55306394601939
T3
0.923694372177124, 59.34268548092223
2.234557867050171, 58.197406578910886
2.331890344619751, 47.79248235437262
2.3808257579803467, 44.12861405569129
2.4782216548919678, 42.76932426386338
2.526973247528076, 31.92262322928582
T4
1.3135976791381836, 67.91770249213732
1.8479743003845215, 66.09663812709914
1.9936425685882568, 63.770249944602256
2.042355537414551, 63.59207666273869
2.2370119094848633, 62.7854093467613
3.0166730880737305, 59.77334159309976
3.35721492767334, 52.20209252614586
16.59131932258606, 48.036067660781555
T5
1.7006211280822754, 139.5033671026904
1.8462657928466797, 118.1679617815098
1.9922688007354736, 73.91717461214284
2.479196071624756, 36.33637073238788
9.634267091751099, 34.74942853584071
T6
3.1514222621917725, 180.5546654303762
3.539593458175659, 54.574659006204456
5.679840087890625, 53.62497461952444
6.50652003288269, 47.73373374422954
9.718355178833008, 46.577738012201735
14.204098463058472, 44.00474990111252
14.35050106048584, 26.98778159779613
T7
12.636507034301758, 131.1518015744805
13.220694780349731, 76.09460182605835
13.805895328521729, 63.80256216855196
15.26421070098877, 57.62998845803668
16.575242519378662, 53.928517605541856
18.229140996932983, 41.29167077598686
T8
2.3296964168548584, 107.00479067917331
2.4752118587493896, 76.00518676450884
2.914407253265381, 70.27108087594388
3.98620343208313, 52.59720238871523
6.079339265823364, 49.2675355943793
7.830323696136475, 43.48840712296078
9.825358867645264, 43.17697487754049
10.846816301345825, 41.73805058526341
12.355069637298584, 40.23119254873018
12.45275092124939, 39.30620470267604
12.59898591041565, 35.44982829068613
12.842468023300171, 34.318214528189856
14.010504484176636, 31.81262612954015
T9
4.361889600753784, 106.86142924980959
4.410410165786743, 102.15357256871357
4.459038257598877, 81.52557473049092
4.556429386138916, 57.7299972474284
6.898991346359253, 55.948253526876215
7.583402156829834, 49.522915530746104
11.190295457839966, 44.44563547456346
11.238977432250977, 32.91446503934276
T10
4.020053148269653, 59.94929466248141
4.1171205043792725, 44.06428209452133
4.214279651641846, 40.34980024806282
4.797751188278198, 38.73768420793931
T11
3.5380098819732666, 95.12000679390621
3.6835386753082275, 80.35870116768638
3.7806248664855957, 78.85822233719227
3.8779125213623047, 74.66542837739689
3.9264965057373047, 66.0880835148273
4.704765319824219, 64.29680491243198
4.89901876449585, 63.85055992906564
T12
4.700315237045288, 136.44318841061613
4.991504907608032, 85.55840548382548
5.2354302406311035, 59.43653625632578
15.33228588104248, 57.811886450101156
15.526739120483398, 56.76537996716797
T13
0.632277250289917, 37.704335639602505
T14
1.2140941619873047, 102.92090339324204
1.4084758758544922, 85.44114441500278
1.5057339668273926, 69.45500046608504
1.8950273990631104, 46.994823731758515
2.5279510021209717, 37.25574374581629
T15
1.4105546474456787, 91.4470134069852
1.5076332092285156, 86.76280741582741
1.6532495021820068, 68.9023017808504
7.788356781005859, 66.00084955453349
8.031876802444458, 64.88652911355894
T16
1.460822343826294, 124.69634623978345
1.5095627307891846, 89.86311602742353
1.6070458889007568, 81.53259303780214
1.8019301891326904, 72.85744465676544
1.850606918334961, 72.26440979976906
2.0942142009735107, 69.03113461958128
2.5331056118011475, 67.60471088101622
2.8267436027526855, 67.35549860696483
3.8485491275787354, 67.11645830348425
3.994764804840088, 55.53281710862939
5.8920347690582275, 48.56462690576154
6.281153202056885, 47.57975550919946
6.476447343826294, 45.47525560160284
T17
1.3121321201324463, 62.85905547757284
1.5547027587890625, 46.635768908890896
2.671584129333496, 38.762093536381144
3.157165288925171, 35.316680190182524
3.3027844429016113, 29.032259868530673
T18
0.8266685009002686, 83.87560785932874
0.8753223419189453, 62.691177990753204
1.0700631141662598, 58.004631425472326
1.2165184020996094, 55.956436482811114
17.725497245788574, 55.851372483419254
18.065563440322876, 53.39562809644849
18.259913682937622, 52.637724287837045
18.40579080581665, 49.21527041870286
T19
2.8631839752197266, 106.23963622136216
3.057227849960327, 99.43750280339736
3.203134775161743, 88.92235341024934
3.251784086227417, 86.79589175280125
3.3005497455596924, 86.6034903137188
3.3982596397399902, 83.90701582221664
3.4957284927368164, 81.34091685833118
3.5929605960845947, 80.65424979194358
3.641658306121826, 80.16400697636709
3.7884204387664795, 73.72110776747286
4.616476535797119, 66.22932358534308
5.5423290729522705, 64.49905823737208
5.63965106010437, 57.14433607120009
6.859436988830566, 57.030304994405014
15.419639348983765, 27.161508786986815
T20
4.240900278091431, 162.97153202119807
4.4346723556518555, 146.3045244187524
4.4831836223602295, 122.29407554968202
4.726127624511719, 91.56807753288012
4.774752616882324, 79.01660270449065
5.9418816566467285, 43.47883798889234
7.498799800872803, 26.622045967233134
8.569146394729614, 26.064870356756728
T21
2.9775326251983643, 125.62068289097806
3.1713061332702637, 97.07278246770147
3.4625303745269775, 66.42326503510412
4.338351726531982, 55.60857128123462
4.5327067375183105, 42.2261189215933
T22
3.394941568374634, 96.43571434846672
3.6864516735076904, 86.3709672895202
3.7866108417510986, 73.84475353814196
3.835256576538086, 61.96906774243689
4.61319375038147, 59.86219619275653
6.706547737121582, 59.83422785354196
6.901074171066284, 58.493607728523784
7.3390161991119385, 56.652019912406104
8.263804197311401, 54.35795421343937
10.84409236907959, 52.57007247587899
15.27069616317749, 52.01269225892611
16.00138783454895, 50.74007679823262
16.29452419281006, 46.56050006549049
T23
7.7457897663116455, 144.7095352732431
7.988343238830566, 138.80952741857618
8.18262267112732, 132.3816340373014
8.279754638671875, 122.50453385757282
8.52319049835205, 109.58547984086908
8.814886808395386, 100.0852766201424
10.763097524642944, 91.4970285238087
11.83261227607727, 89.98869777579966
12.90162706375122, 89.04127381148282
12.999172687530518, 80.77529436137411
13.229760646820068, 75.93013641452126
13.569706201553345, 71.6587253933103
13.95852017402649, 68.8243725803477
14.34862732887268, 64.49892032831849
15.661059617996216, 60.73083922054502
16.583468675613403, 57.72845248339581
16.874667167663574, 57.343686569904094
17.40956163406372, 56.60767085527186
17.60417342185974, 55.67103166626475
17.798381090164185, 51.8630723401875
18.089884996414185, 44.183411668258486
19.110644102096558, 42.620657574618235
T24
2.0383102893829346, 109.20585322436818
2.087002754211426, 79.08044800169591
2.1843936443328857, 56.59237004921306
2.379268169403076, 52.24560595332878
12.627278566360474, 39.66131743925507
14.137312173843384, 28.560937455869862
T25
8.180236101150513, 169.55303133657435
8.37473440170288, 130.99162644872558
8.569822549819946, 127.81877759841154
8.764458894729614, 114.7083356903313
8.862034559249878, 71.93592317732691
12.75337290763855, 60.414233911040355
14.212674140930176, 59.63644190407649
15.622280597686768, 59.28892599471146
16.665672779083252, 58.54512910103949
17.05455183982849, 53.13046256566304
17.29782509803772, 45.835199677341734
17.977919816970825, 44.72848341483041
18.998708724975586, 40.40017030504532
T26
2.770319938659668, 107.82773609297874
3.1098551750183105, 93.64324150013272
3.158653497695923, 63.56162538363424
3.742514133453369, 59.04136084849597
4.082838773727417, 53.718487476260634
4.666406869888306, 50.07260703200882
5.9310078620910645, 48.13123310363153
6.077598810195923, 45.97732631250983
7.391334772109985, 44.92025498732983
8.753825664520264, 44.47554171115917
T27
4.94524621963501, 79.60743011918385
5.091437339782715, 54.69806257050368
7.571687698364258, 52.55653524376976
8.00944709777832, 48.41118257692142
T28
1.6517603397369385, 62.25721617907402
1.7004406452178955, 44.61353046793374
1.8948085308074951, 25.986241117760073
5.493783235549927, 22.01508159399964
T29
4.023860692977905, 98.99460039881524
4.17008900642395, 84.6912428643991
4.364903926849365, 78.41314083320322
4.510899782180786, 73.8912928672944
4.657360553741455, 73.62488614923495
4.803958892822266, 70.06464343800326
5.244757890701294, 64.39851263425953
5.928791284561157, 64.24511433824955
5.977743148803711, 59.64139068663644
7.909443616867065, 58.279715362237766
9.664487361907959, 56.25276636365743
11.95406198501587, 54.85810823933571
12.100315809249878, 51.295591616857564
18.186664819717407, 50.99549341025704
T30
4.478543519973755, 99.89610771930893
4.916719675064087, 42.556530895628384
11.830021619796753, 40.77542363091197
T31
7.458942413330078, 168.59216497115267
7.5075531005859375, 143.35631212785665
7.556153774261475, 131.01769408046675
7.653361797332764, 128.29058434096805
7.7992658615112305, 113.14851565739082
7.99405837059021, 111.8164326545666
8.091461181640625, 109.27961475701886
8.140116453170776, 92.40191656113893
8.28606104850769, 79.7741437585064
8.91854453086853, 73.76174392481335
11.871074676513672, 61.9723278679885
12.604641437530518, 56.73660528648179
14.159957885742188, 52.469331352607696
15.765209674835205, 49.52645847234817
16.10607647895813, 47.251387002295814
16.640995025634766, 41.94439154173597
T32
3.4415321350097656, 108.64973195368657
3.87839412689209, 100.21689072342997
3.975646734237671, 81.01849451691669
4.121586561203003, 43.69050757563673
T33
1.1176528930664062, 63.5087069090805
1.1661953926086426, 56.49791422407725
1.263359546661377, 37.33833711393527
T34
4.557852506637573, 180.6585882093932
4.606461763381958, 144.555109810055
4.7041661739349365, 131.44180836966552
5.191966533660889, 129.51035535419942
5.240648984909058, 73.35124555167567
9.103049278259277, 64.47895528448862
9.687497854232788, 60.61463416292099
12.41613483428955, 47.55484650172002
T35
7.689344882965088, 83.11936116979632
7.78643798828125, 75.07466829457553
7.981124639511108, 56.872998537219246
9.245951890945435, 48.76732763390464
9.586402654647827, 43.50038651612704
11.047261476516724, 41.223476719576865
11.193939924240112, 35.505414901927
16.98498773574829, 33.783666625997284
T36
2.13718581199646, 52.76009917294141
2.38093900680542, 51.27052258409094
3.8892014026641846, 37.34634774479491
4.278880596160889, 27.215848718158668
T37
3.9284615516662598, 113.90065070016135
4.219573497772217, 85.4663088350353
4.316869020462036, 76.77497007629427
4.6097307205200195, 75.15058747321018
4.658634662628174, 71.1330550431885
4.707421541213989, 62.76320112920075
5.328571081161499, 53.464609692498925
6.985119581222534, 50.57013680078671
10.829514741897583, 44.89668620668817
T38
2.8605399131774902, 101.81155621749349
3.200167179107666, 96.48331805612543
3.3941166400909424, 67.6373116014438
4.757074594497681, 61.46351800078992
5.049187421798706, 57.586648840253474
5.1463096141815186, 50.418360514973756
5.6810221672058105, 46.8906300986564
8.307077407836914, 43.381779167757486
T39
2.9570095539093018, 79.35494479493354
3.200023889541626, 77.2825782011787
3.2970590591430664, 68.01500285392103
3.734529495239258, 62.032863856773474
4.855126857757568, 61.66455377959937
5.196792364120483, 36.33758050475444
5.732146263122559, 29.30172714663786