T0
3.6199750900268555, 119.54445420402193
5.671729564666748, 58.84648229716231
7.723123073577881, 52.28132403063101
22.081828117370605, 37.89456837820697
24.13312005996704, 32.75997343807802
T1
14.209055662155151, 131.6284327530941
16.260531902313232, 50.666320988346115
24.4670512676239, 44.3212518869386
30.620869874954224, 43.28186832032465
T2
2.686431646347046, 154.34392574536082
4.736020088195801, 77.86770488460742
6.787261009216309, 52.46569040121739
8.838457345962524, 46.927216479347265
10.889622926712036, 46.59836427435191
19.09308910369873, 44.33454281850254
31.400373697280884, 36.71249304029797
T3
2.03969407081604, 107.12489817581688
4.091088056564331, 60.89705128598982
20.50098156929016, 53.94501028413599
22.55234432220459, 37.43896191886773
T4
4.2739222049713135, 104.00352071429508
6.325608730316162, 56.53767049922063
8.376989126205444, 53.97682862982225
10.428373575210571, 47.60796633174847
T5
7.524364233016968, 114.48163748222439
9.575943231582642, 55.394181041206735
13.679044246673584, 44.53726612157243
T6
2.0002598762512207, 131.08242372041923
4.0518152713775635, 68.89668962460328
6.103165149688721, 64.5637515929464
8.154581785202026, 62.15859305526915
10.205945491790771, 50.18375793613408
30.719192266464233, 41.86645988799777
32.77059006690979, 38.01645218199834
T7
3.977266788482666, 112.6721258291069
6.029088020324707, 40.98544537124546
8.080417156219482, 34.93777339845996
T8
2.382106304168701, 96.51127375987673
4.433515548706055, 59.891735299115496
8.536129236221313, 44.99570277638693
26.99724578857422, 43.295086082029314
37.252285957336426, 37.79555697777536
T9
1.8486874103546143, 73.73818128702075
3.9000303745269775, 46.94783216954232
T10
3.1099748611450195, 118.9315228971393
5.161680221557617, 57.50420867292104
11.315715551376343, 36.8003696255057
13.36710810661316, 35.742063247861296
19.5211238861084, 34.25566687140412
23.623820066452026, 32.09658603801526
T11
3.708935260772705, 138.5538404165821
5.760699272155762, 63.17472991951911
7.812185049057007, 57.00923856377259
9.863526105880737, 37.127724818115894
40.63342905044556, 31.345243076549302
T12
4.856488943099976, 198.39710316830548
6.908153057098389, 85.68320494942027
13.063395738601685, 81.69617775921478
15.114745616912842, 57.04906954068852
17.166107892990112, 51.55816815582832
T13
1.4587454795837402, 95.92511064663333
3.510025978088379, 58.15826990861697
5.561325550079346, 47.70348213736698
T14
3.2057690620422363, 71.58239242792098
5.256776332855225, 26.939893018171738
T15
1.992656946182251, 112.2592958697834
4.04412317276001, 57.79655678952979
6.095462083816528, 52.871934187088144
8.146922826766968, 48.721113685833586
12.24959921836853, 43.05713958798131
14.300981044769287, 41.07840307747057
20.454821825027466, 36.42235297118853
T16
8.62063479423523, 74.51563789098546
10.672009706497192, 40.20095922171076
12.723456621170044, 36.116278712304826
14.774868965148926, 33.31352356070967
T17
3.6408660411834717, 107.27306234754133
5.692566871643066, 37.5275518699561
T18
2.1401031017303467, 113.85058653765998
4.191734075546265, 26.867908081179273
39.06440281867981, 16.649972283555265
T19
6.104963302612305, 189.08481956387413
8.156677722930908, 60.22185675430053
12.260041952133179, 53.65662519020568
14.311441421508789, 41.182489424702815
28.67060899734497, 32.41449791445378
T20
5.1621692180633545, 109.4467620823169
7.213892459869385, 59.683207641253475
9.265214681625366, 46.263514891872134
11.316529512405396, 44.60908029416858
13.367904901504517, 42.916626312356755
15.419302225112915, 35.385348260826355
19.52198839187622, 34.40127919922983
T21
3.598684549331665, 91.69705125355863
5.650209426879883, 61.01447826477873
7.70162034034729, 57.40140873305248
13.85580039024353, 46.988428306841115
15.907191753387451, 44.97312993059363
24.112945795059204, 42.978615206816016
36.42100381851196, 29.89477941500672
T22
6.8429036140441895, 95.93158752622683
8.894531488418579, 57.9211804450574
10.946185111999512, 47.11870368537578
17.100549697875977, 38.98704109580216
19.151854991912842, 33.98359439563261
37.61323857307434, 31.2285955259671
T23
8.2707839012146, 129.60540554189802
10.322291612625122, 74.83899103620858
12.37401294708252, 62.84356799940273
14.42567753791809, 62.22325821759936
16.477094411849976, 61.79896808177427
18.528489112854004, 52.030267856380064
20.579921007156372, 50.85381609152781
24.6827073097229, 47.47015852497674
34.93937301635742, 34.199467273042316
T24
1.7511496543884277, 64.69258238405043
3.8024308681488037, 49.441418225828805
9.956812858581543, 35.252774787918995
T25
1.9436075687408447, 117.72395444835983
3.9950947761535645, 41.911429163367536
T26
1.6559045314788818, 82.49114822794002
3.7072954177856445, 44.54692095796378
9.86154294013977, 38.723266924376766
11.91297459602356, 36.899169973084426
13.964449167251587, 36.234895510572386
T27
3.0612199306488037, 97.54687848384638
5.112773656845093, 35.5574725425383
T28
2.4325196743011475, 105.1250923068771
4.4840850830078125, 72.5699533053724
6.535504102706909, 62.413232621212515
T29
8.091698408126831, 121.0271302824651
10.143152236938477, 50.784108196324716
12.194804191589355, 47.39433514929597
T30
4.85638165473938, 109.26895933227868
6.90791916847229, 70.3505692434954
8.959378004074097, 66.34401033269431
13.061811685562134, 62.23554903758462
17.164429187774658, 53.945568192152024
19.215752363204956, 41.440378413949304
27.421090126037598, 41.23853459387054
35.626346588134766, 38.08041955050878
T31
12.422755479812622, 89.36234558126054
14.47447943687439, 65.37590627190231
16.525790691375732, 53.64715626822988
18.577112674713135, 51.82203832720767
39.0902316570282, 46.805634425584095
T32
2.76967191696167, 121.69941751599822
4.821241617202759, 57.71100815617902
6.872611999511719, 34.51772473240892
8.924119234085083, 30.50132620910084
13.026779174804688, 23.242492663113424
T33
2.1866612434387207, 101.57326974806752
4.238117694854736, 52.96809529353112
6.289552927017212, 52.56173697746606
12.443719625473022, 51.31600992337766
14.495134592056274, 29.920566618269795
20.64927101135254, 20.344013230682645
T34
0.7789187431335449, 50.99788502738312
2.8300907611846924, 43.512505212478004
13.085649490356445, 35.9560314917964
27.44347381591797, 34.66958684624065
T35
7.194699287414551, 112.78165748612885
9.246327877044678, 59.43937549626043
11.29769253730774, 53.20860285337369
13.349006652832031, 47.92590094151688
T36
4.905653953552246, 124.98890048409653
6.957228660583496, 49.62195952185573
21.31771755218506, 46.687561117918776
23.369128227233887, 43.22774119437767
29.52307105064392, 41.79144167213829
39.77963662147522, 41.49136659283777
T37
4.466509580612183, 96.10581816355867
6.518182277679443, 54.393383405863744
8.569670915603638, 54.344885440734885
10.621033906936646, 46.02912084012242
12.672471761703491, 42.72965021043518
27.031919240951538, 42.45396049171874
T38
8.044987201690674, 133.52833165002446
10.096778631210327, 83.37090119385
12.148407220840454, 70.59261567267976
14.200260400772095, 67.00302292664041
16.251893997192383, 55.96553756324811
18.30328059196472, 52.13620059895877
24.457215785980225, 47.359352214012674
26.50850796699524, 18.513070128592766
T39
3.9828426837921143, 129.03041713424633
6.034492492675781, 53.558054401087176
18.342512369155884, 25.966274080012873
T40
3.209059953689575, 148.9713814156595
5.260656833648682, 60.21336923998143
9.363600254058838, 47.44234604365749
11.415042400360107, 44.57424588146134
15.517605304718018, 21.09423985165433
T41
3.836296796798706, 182.10780236612402
5.887886047363281, 88.29375831852256
9.991438388824463, 86.40686356650814
12.043192148208618, 70.30235769269495
18.19752264022827, 43.793053873406215
20.24901008605957, 42.295358046701786
22.300445556640625, 20.33337239117474
T42
2.6744697093963623, 115.78704008755321
4.834958553314209, 62.103599946739806
6.886293649673462, 59.52381016090146
8.937823057174683, 48.87928636419911
13.040372371673584, 46.01983364766794
15.091659545898438, 45.639140351450365
23.29696774482727, 37.92099550318768
39.70711088180542, 36.90157343654732
T43
5.9744651317596436, 74.52086968509913
8.02605652809143, 49.48525771579109
10.077327489852905, 41.44878283162004
36.744333267211914, 41.02565190282324
T44
3.338897466659546, 136.01440105292238
5.390692710876465, 83.0458639791389
7.442456245422363, 58.90476374491112
9.493876695632935, 56.0345253160155
11.545242309570312, 54.986151178067644
13.596739530563354, 46.34629038686452
27.955950260162354, 16.057992256152183
T45
2.36393141746521, 150.84793367117484
4.41562557220459, 78.73912147804609
6.466986179351807, 68.35864526218832
8.518342018127441, 64.03794865544157
10.569669961929321, 61.163074748014964
12.621053457260132, 58.0872597433089
14.672432661056519, 50.30292708267718
24.928799152374268, 21.848542090298558
29.03140377998352, 18.205716713109272
T46
0.731891393661499, 40.82293978844531
2.7831451892852783, 37.06231061568447
T47
1.0242340564727783, 84.449546529906
3.0755615234375, 40.858310230200566
T48
8.057533979415894, 47.36119856840611
10.108854293823242, 34.105806640527
12.160191535949707, 30.289017835231924
22.416741847991943, 22.955394600861737
T49
5.054154634475708, 104.05089181369112
7.105593681335449, 58.50719245191988
9.156819105148315, 47.484431862275216
15.431023120880127, 24.686238031063997
T50
2.0424118041992188, 85.45188090461045
4.093755722045898, 44.387807127208674
12.29892611503601, 42.597294676249085
T51
1.896211862564087, 142.4592561968867
3.947582483291626, 59.69112654576998
5.998781204223633, 41.88591536461732
8.050165176391602, 28.462943584925736
12.208766222000122, 28.005741838363427
T52
3.1127030849456787, 108.658353480173
5.164226770401001, 51.82494323869528
9.266825675964355, 48.09285917649716
11.318093061447144, 39.19846848877601
13.369332551956177, 36.05982775053251
23.6258704662323, 34.643411157940264
31.830972909927368, 28.136804337190664
T53
0.9244697093963623, 76.15518031935254
2.9757397174835205, 56.02216520248216
5.027117013931274, 47.34606262462262
21.618627309799194, 41.234974719324526
T54
3.2989542484283447, 187.42772664103956
5.350407600402832, 84.08051427872667
9.45371389389038, 65.81663680507415
11.5050528049469, 62.03829224213149
13.55642056465149, 41.4050090875881
17.65908408164978, 38.95381823487083
T55
1.7023322582244873, 109.79927791556
3.7535932064056396, 47.6696964296664
5.804872512817383, 29.614586573946973
T56
2.0599026679992676, 126.45342428900781
4.1115381717681885, 53.812822547265554
6.1629438400268555, 40.99018483297407
12.316717147827148, 38.761030711196604
30.778367280960083, 31.268164594570926
T57
1.9219162464141846, 89.64602230996346
3.97324538230896, 46.390040761340686
6.0246264934539795, 27.969731554384868
T58
2.966189384460449, 71.37723327894764
5.017561435699463, 53.78719316652716
9.12025785446167, 29.166519499947263
T59
1.7512660026550293, 108.26718328320894
3.802990436553955, 58.762329970933386
5.854485034942627, 58.46273997756936
7.905874490737915, 49.21849525637489
22.270841121673584, 33.245203505305426
24.322160720825195, 32.80130914740975
T60
7.647012948989868, 82.3929647190128
9.698591709136963, 29.63074394512991
32.26348042488098, 29.05830624870946
38.41749358177185, 28.9600754986018
T61
1.80161452293396, 139.53282030652358
3.853123426437378, 54.92898702149536
6.078059434890747, 48.36078467211122
8.129445314407349, 39.422677394139285
12.23204493522644, 33.701539636021565
22.488616228103638, 32.50791974465416
36.84823966026306, 22.095410485710254
T62
2.5783653259277344, 70.51369096078706
4.629765033721924, 45.724358173184065
18.989019632339478, 45.448337489777174
T63
14.349829912185669, 135.0109441654746
16.401201248168945, 56.594963882483334
20.50463604927063, 53.172235875572895
22.556079864501953, 43.80654136466419
24.607784032821655, 41.86964340246328
26.659127950668335, 40.55589259031957
28.71052312850952, 36.94517957613956
36.916115045547485, 25.966641921975757
T64
1.3618781566619873, 66.56259765412706
3.413217067718506, 60.4365197591584
5.464584827423096, 55.58231322920136
T65
2.2355868816375732, 82.70581114907421
4.2870118618011475, 73.44553237737061
6.3383283615112305, 69.39140075560717
8.390007495880127, 52.79150039457063
10.44131088256836, 35.53749266685972
T66
4.422909736633301, 81.09333725406273
6.4743616580963135, 61.188173080092795
12.628354549407959, 32.04400250605486
20.83364701271057, 29.71782746579119
33.141621589660645, 21.011149398887152
T67
1.9985952377319336, 82.47944824647286
4.049977779388428, 43.65414538865221
18.540486097335815, 29.467308939801075
41.10479235649109, 17.663869951731627
T68
4.286670207977295, 125.08865797112726
6.338351488113403, 69.40911346517834
8.389764785766602, 50.99012888370828
12.492536067962646, 48.75622670031268
14.543930530548096, 46.64118967570553
20.7693874835968, 43.648789125829396
24.871992826461792, 37.2964484345658
28.974805116653442, 32.88530529453677
35.128801584243774, 32.87388726479195
37.18021845817566, 30.887496512522148
T69
8.78989577293396, 54.31229598543773
10.841045379638672, 45.87805939981021
T70
1.7017717361450195, 104.36388245379172
3.7531955242156982, 48.416475673526875
24.347065687179565, 42.8291949069178
34.603734731674194, 25.370724630994957
T71
2.2857089042663574, 114.7372185289605
4.337376117706299, 41.059712541131944
14.594246864318848, 39.906271398570055
24.850933074951172, 39.796618313256765
T72
2.987036943435669, 52.496489631675864
5.03843355178833, 48.08335225825477
17.345678329467773, 33.49149714711593
T73
7.928527355194092, 82.57243550455654
9.979710102081299, 77.45734176589684
14.082595586776733, 28.292799303358013
T74
7.139983892440796, 124.05575509971634
9.19196343421936, 51.46320231705525
13.295162200927734, 41.50376106689629
15.346602201461792, 40.015756124560625
33.808919191360474, 32.461926546813416
T75
3.209929943084717, 104.19520535967332
5.2612974643707275, 45.865736850622596
7.312782287597656, 41.32849664977368
13.466671466827393, 36.038107901711456
15.518112421035767, 33.27472849084551
33.97998356819153, 20.818315218263944
T76
6.612107038497925, 114.48997236616839
8.663577795028687, 54.220569691062266
14.818548440933228, 38.98444428032467
20.97236204147339, 38.59206479026975
35.331361293792725, 25.033837592863463
T77
1.0700831413269043, 31.32165447790949
T78
5.735466003417969, 145.92124074340285
7.787220001220703, 54.724023948708734
11.890779256820679, 40.19269184631249
13.942132472991943, 35.16790125039384
20.096272230148315, 31.46541806062671
T79
1.654285192489624, 82.98500361046058
3.705671787261963, 63.20000541537301
5.757071018218994, 50.81974603019749
7.80860710144043, 49.3307545365332
9.86004900932312, 48.64387828010172
11.911471605300903, 14.215553506554734