T0
0.7882330417633057, 65.50389972706557
T1
0.7752666473388672, 65.57217779252805
2.8261492252349854, 65.05277968781195
T2
0.19475460052490234, 65.16969886774503
6.347480535507202, 54.19557222757239
T3
0.7858116626739502, 26.996167012245564
T4
0.19464445114135742, 93.39806779827501
4.296533107757568, 70.43794488444955
T5
0.19530248641967773, 102.8528605514809
2.2462878227233887, 85.79382097566406
14.552536010742188, 83.16647281338167
T6
0.19505620002746582, 66.8282656796384
14.560372591018677, 63.795790190394946
T7
0.1948261260986328, 25.37055177128275
T8
0.19468235969543457, 69.94057417219237
T9
0.4867281913757324, 95.28060158879002
6.6393256187438965, 86.7198268031419
10.741202592849731, 85.14268591658004
12.792001008987427, 75.30999885132353
T10
0.19452238082885742, 48.48249979545906
T11
0.19456005096435547, 55.850846195331876
T12
0.19433164596557617, 77.15293237706663
6.347110986709595, 76.84181522465784
14.55070447921753, 71.31973888922401
T13
0.48441529273986816, 92.85744424148524
14.84734559059143, 91.61822283538596
18.949249982833862, 86.85514390118512
25.102202892303467, 50.770706470664244
T14
0.19494342803955078, 103.14291809054151
2.2458574771881104, 100.90362221790394
4.296893358230591, 88.67955931778363
20.70407509803772, 78.39837328235198
T15
0.19482064247131348, 69.57630575864025
20.704296350479126, 63.53078509644692
T16
0.19462060928344727, 61.88500146003571
T17
0.1970813274383545, 117.843016086771
2.248551607131958, 81.98525458520065
T18
0.19463491439819336, 131.60292945841914
4.297085523605347, 106.40321977155612
8.39902400970459, 71.50858071715969
T19
0.19557905197143555, 63.695607159112186
T20
0.19442510604858398, 105.12664086044317
2.2453596591949463, 84.25468281946463
4.296202182769775, 74.86979452125398
T21
0.19509243965148926, 99.86172169592166
2.2459733486175537, 67.9759768827887
12.500609159469604, 65.60092304748738
16.60272526741028, 49.09263372517937
T22
0.1944129467010498, 47.61402851346035
T23
0.19458389282226562, 63.64475456895432
6.347415208816528, 56.9296325052093
T24
0.19466376304626465, 71.90313038045016
T25
0.19446039199829102, 81.99502535434206
2.245370626449585, 55.62822623878563
T26
0.19681882858276367, 26.339205091559396
T27
3.5304434299468994, 61.03908398907789
T28
0.1952669620513916, 31.720707674859963
T29
0.19461512565612793, 101.90483874838623
2.2454440593719482, 87.262628439969
8.3981192111969, 63.96135297643594
T30
0.19449543952941895, 100.0498186839601
2.2454023361206055, 50.07882290577058
T31
0.19441509246826172, 40.302504895925566
T32
0.19456958770751953, 64.20535096295905
T33
0.1946732997894287, 44.01329686639496
T34
0.19472050666809082, 97.65550945299381
6.347522497177124, 89.65947772871311
10.449503660202026, 85.35268943813553
12.500394105911255, 67.91891113897987
T35
0.19498395919799805, 78.60166521423298
10.449548959732056, 78.47465810412623
16.60223388671875, 76.5282672426619
26.85675549507141, 62.409277246052184
T36
0.1948401927947998, 53.355854990280285
T37
0.19464921951293945, 42.789501961105614
T38
0.14611124992370605, 63.28930610085301
T39
0.1948392391204834, 59.1945343675535
T40
0.1948082447052002, 23.286799726546985
T41
0.1948385238647461, 103.20503329009952
12.500396966934204, 89.849358944515
18.65315270423889, 79.52608715788473
T42
0.1947479248046875, 55.01574131164038
T43
0.19453763961791992, 56.74836165870649
T44
0.19429254531860352, 31.977155744189428
T45
0.1947183609008789, 83.69149340183405
4.296620607376099, 71.2545781947522
8.398413896560669, 69.15718373516508