T0
4.755801677703857, 126.71461335974163
4.804538249969482, 126.11844566643413
4.902197599411011, 101.10382942753495
4.999412775039673, 62.098091421677964
5.583428859710693, 59.64520358426671
6.558102369308472, 52.42275263767806
7.969057559967041, 44.97568510629935
14.437440633773804, 21.102618496341165
T1
2.2287917137145996, 113.4548649952776
2.375211477279663, 97.78967776495847
2.4240915775299072, 82.42784095449315
2.472998857498169, 62.37030323775252
4.468390464782715, 60.89222959287872
7.092899322509766, 60.77314030077832
7.384882211685181, 56.07311830521212
T2
5.828959941864014, 106.81155520744505
6.266486883163452, 104.06915407285851
6.461663722991943, 49.1478126107686
8.460000276565552, 44.68012973396981
T3
3.391408681869507, 97.52099089205149
3.488691806793213, 88.07309378997888
3.6346585750579834, 76.24706582831277
3.781320095062256, 71.63675206431071
3.8301212787628174, 61.67501674842788
4.89902925491333, 56.25873440041323
5.142781496047974, 55.801804959599394
5.483430862426758, 53.72551404625119
6.554743051528931, 45.88780171253893
7.3805437088012695, 43.80160908335529
11.418529272079468, 35.81639412419463
12.391215324401855, 33.49928296946746
12.828636407852173, 29.404109054987202
T4
6.786535263061523, 149.05528589812457
7.271526336669922, 108.96596353268251
7.320094108581543, 69.17678690124012
8.098714590072632, 52.296665512316395
8.195969343185425, 51.172267123067286
10.33572769165039, 44.56582263873133
11.35731315612793, 41.37835494383762
T5
2.085458278656006, 115.55274878621276
2.231088638305664, 110.8694072154176
2.2797787189483643, 86.57237189392617
2.47432541847229, 79.22923895683198
2.7662415504455566, 75.84123600892781
3.0094988346099854, 73.74229698936688
3.3989293575286865, 65.34407178394031
3.739417791366577, 61.6786027582566
3.9341025352478027, 59.95743244481855
4.129129409790039, 54.40103166138579
4.274903774261475, 52.69260320191097
4.908125162124634, 51.88080456671014
7.097352743148804, 50.04873292322736
T6
7.02023720741272, 209.98894189063867
7.263507604598999, 202.15291569958208
7.40929913520813, 160.49919916885847
7.457921028137207, 157.02475972953835
7.701537609100342, 70.07026973298343
8.820637464523315, 64.94084623399249
11.154767513275146, 49.016911130413064
12.711743593215942, 44.634178167791106
T7
15.266035795211792, 110.38598444795934
16.043227434158325, 92.9135544095625
16.529972791671753, 84.19327555208292
16.675893306732178, 78.58466460481577
17.456088066101074, 72.23495928956254
18.671661138534546, 67.74952083980315
19.498393535614014, 65.22632633990725
19.644663333892822, 65.0725889801397
T8
2.1371545791625977, 79.6629724066297
2.2343969345092773, 77.72618396038888
2.7809550762176514, 77.09199243740295
3.0243611335754395, 73.64564620578312
3.2190425395965576, 66.88699538187939
4.435344934463501, 60.917799617309356
5.1171300411224365, 60.67421498657495
8.52278208732605, 58.5826599271677
9.447362899780273, 48.5707423917047
15.187870502471924, 43.24297767641838
T9
0.923149824142456, 93.2050955256127
1.118177890777588, 84.37417981291946
1.1670575141906738, 68.4828221139469
1.215693712234497, 65.47572331332776
3.015578508377075, 64.58058944194636
5.3995561599731445, 44.86766657867702
5.496797800064087, 37.683826890643104
6.080138921737671, 34.2326470437838
T10
12.799206495285034, 132.7843325951544
13.090975522994995, 129.3163836018066
13.236597061157227, 119.98009017344157
13.479347467422485, 101.92439037325676
13.916684627532959, 95.87243003802723
14.403884410858154, 95.66048476780998
14.549739122390747, 88.78323504103173
15.960566520690918, 78.75552989666176
18.198354959487915, 65.86536140929093
19.560930013656616, 64.44182952365372
19.852527379989624, 63.04629459064745
T11
3.87861704826355, 122.80197023447545
4.07293701171875, 122.18602035284857
4.121580600738525, 89.79117000290717
4.17026424407959, 69.56024783884641
4.7547831535339355, 66.70094186942151
5.6789939403533936, 62.65567603538511
6.943382024765015, 57.78757946523547
7.040769100189209, 54.81105224748899
10.300719022750854, 54.543205100737396
12.297553062438965, 38.52558547280205
14.729869604110718, 35.35414748209587
17.06545853614807, 34.95253161490837
17.5039279460907, 31.480351328791585
18.185221433639526, 17.15666811155097
T12
1.4591834545135498, 71.47552946976793
1.5078790187835693, 65.41725645211409
1.5564501285552979, 48.473802700595115
1.7022840976715088, 47.690329822929925
5.009267807006836, 41.44846076554677
12.351731061935425, 37.64662323566154
14.103942155838013, 36.368559576090774
14.152554988861084, 32.29181333001179
T13
2.1818602085113525, 43.66440046716889
T14
7.463717460632324, 97.6644476789661
7.803115129470825, 96.50903292468865
8.045401096343994, 94.08389035603614
8.190878868103027, 65.14007427517208
12.773832321166992, 65.12945471367857
19.291086196899414, 63.236002547622775
19.534018516540527, 58.132433702252456
19.631185054779053, 55.395926129902364
T15
8.08021879196167, 76.08493888210796
8.905476808547974, 73.22376717858424
9.05167531967163, 66.89202505305002
9.391865730285645, 65.66650351743738
13.138148546218872, 65.60455221966549
16.4460608959198, 65.52172569619142
17.81037926673889, 59.002354190160986
17.9078266620636, 55.69005437422311
18.151110649108887, 50.7216259145207
18.63794732093811, 44.9162577764655
T16
3.545449733734131, 91.65766506451473
3.9338109493255615, 74.76244958635652
3.9824228286743164, 72.8547777110798
4.079643964767456, 70.08211758777907
4.128259658813477, 68.083006722547
4.371581077575684, 66.92609930198523
5.0051658153533936, 62.89169001209666
5.2490997314453125, 59.660531931498554
5.54216194152832, 53.83042955334531
10.162760734558105, 40.66036658968369
T17
1.9411427974700928, 85.98137212944857
1.9898459911346436, 67.81658314591914
2.8162126541137695, 65.8954542943975
3.1567676067352295, 65.56313804595266
3.934227466583252, 60.84359050245257
4.1285669803619385, 57.253628769583884
6.803457736968994, 52.20886075710587
19.01265549659729, 45.55720240481605
T18
0.728795051574707, 47.58215962185932
T19
4.367753744125366, 124.36547162033094
4.416529893875122, 93.75564074728754
4.952736854553223, 91.36095841073256
5.244863986968994, 91.17758638956002
5.7314910888671875, 84.54506260080962
6.12162184715271, 80.92500473411928
6.804002285003662, 80.81803967920132
7.145573377609253, 75.71242922243255
7.534893751144409, 71.45500046281086
8.362300395965576, 66.12372656850494
10.602482318878174, 65.69279421778629
11.332028865814209, 62.70519959220837
12.598599910736084, 61.6143745452282
14.108529090881348, 58.693994461224065
14.254502534866333, 57.99002430240216
19.028907775878906, 53.951739782394725
T20
4.560321569442749, 121.81278366685729
4.851460695266724, 102.30218757189868
4.90010404586792, 98.37522840543534
4.9488043785095215, 91.44129261589842
5.143510580062866, 78.35734257429431
5.484363079071045, 56.7810871379188
5.776441335678101, 47.95587729042745
7.0434956550598145, 43.765391497770906
11.23287057876587, 25.751620656155865
11.768190622329712, 20.527662790118484
T21
0.7822306156158447, 40.37956198021129
19.301743268966675, 35.68341591763601
T22
7.7498486042022705, 118.60968535444408
8.040902376174927, 117.76759955487796
8.23532772064209, 102.31106868021016
8.770527601242065, 96.63780335368938
8.868051052093506, 88.23992736023501
9.01405119895935, 86.93249926785938
9.937692642211914, 68.5591601809283
12.078990459442139, 65.14537272966118
13.879559755325317, 63.93391975814302
14.122620582580566, 61.90861236312776
T23
2.6179401874542236, 66.43818546080729
2.8362185955047607, 59.13915588227974
4.343852996826172, 56.790208581020124
T24
3.782095432281494, 68.67253683376475
3.9763834476470947, 68.647950053768
4.17113733291626, 33.491034404345555
4.950236558914185, 30.415486248588422
5.82458758354187, 26.396779897098895
6.213494777679443, 18.16870486525295
T25
1.5535788536071777, 59.180331401046715
1.8936729431152344, 51.55770662022405
2.136627197265625, 41.166007086940226
5.295036315917969, 34.47403323644539
9.544684171676636, 33.60473968317092
9.787261247634888, 23.779393895398243
T26
4.39286470413208, 114.6432193996443
4.490392684936523, 95.66268230223795
4.587562322616577, 84.97626914086868
4.733449220657349, 71.14289391947386
5.365948915481567, 62.16399720814661
5.803714752197266, 49.16997105150949
7.1181604862213135, 48.15270631108433
8.67400860786438, 46.69292168359971
9.208159923553467, 45.06153745514166
9.597076654434204, 38.69281200612022
T27
3.6858484745025635, 54.56782637396827
3.8815248012542725, 47.68933234442375
4.513683080673218, 46.81914418890665
12.346342325210571, 46.24461264927231
13.079128980636597, 44.32698967686156
13.274697065353394, 42.62973353457346
13.567648887634277, 33.96151790615113
15.668265104293823, 33.010693297736
15.814720869064331, 31.713814402159187
T28
2.6668431758880615, 136.73920917476062
2.7154173851013184, 105.84408572805114
2.764070987701416, 89.93415792624
2.9587275981903076, 86.50678378932935
3.104721784591675, 82.68143266883271
3.250673532485962, 66.15467898418137
3.493896007537842, 55.41229224727431
5.540175914764404, 53.886741590933525
5.734788656234741, 53.28553265078517
6.075002431869507, 37.60631960010505
16.149439096450806, 28.657217475629295
T29
3.103027820587158, 93.01268002302095
3.1519014835357666, 80.69408822309924
3.443732976913452, 79.7966899783205
3.5897271633148193, 71.92234350215585
3.930192470550537, 70.77896052827418
3.979520320892334, 64.3578089911316
4.3685643672943115, 64.09503988501092
4.611791133880615, 62.19291743157373
5.291791200637817, 58.44260935495549
6.02089524269104, 56.77764201060927
6.069437265396118, 56.46361127708224
T30
2.523189067840576, 99.5792332860874
2.5720062255859375, 89.06916694350366
2.864070415496826, 63.26745931933692
3.839313268661499, 60.285611586950836
4.326201915740967, 60.155972842432675
4.861593008041382, 60.15171484267921
4.9102783203125, 60.05135545284429
5.25089693069458, 52.89246234182792
7.090230464935303, 49.35664004315913
11.03182339668274, 47.80266078116256
T31
2.570075750350952, 108.08679442958965
2.715517044067383, 102.81427373678889
2.7641406059265137, 99.72410392634629
2.8127777576446533, 96.05448156231432
2.861424684524536, 80.63053705151833
2.9100356101989746, 72.65851778212527
3.0559239387512207, 56.172026596570504
3.4460721015930176, 54.86688258868526
3.786832332611084, 53.3343209666491
4.565269470214844, 50.07043573525152
5.148844957351685, 46.02632712965715
T32
6.251543045043945, 124.83234920332325
6.5437891483306885, 102.49555550998775
6.641064882278442, 89.04332066720235
6.689722776412964, 82.04694382159505
6.835692882537842, 78.6341110526264
6.933034420013428, 72.28136689968233
7.17654824256897, 59.88503362466872
10.913119077682495, 59.69595767122519
11.156992197036743, 49.47492472297745
11.79025650024414, 46.40074659904349
T33
2.0417606830596924, 108.23590283827798
2.1392409801483154, 78.42068007144553
2.237260341644287, 75.0311367433751
2.2860069274902344, 70.27293937455397
2.5801010131835938, 64.32247341109905
2.871879816055298, 51.902722425104
2.969115734100342, 43.41876731860975
3.315596580505371, 41.07371134859568
14.063058614730835, 37.94766713005083
T34
15.52500033378601, 110.0939238982537
15.719154596328735, 83.80718461511424
16.059330940246582, 67.10999252852343
16.400554656982422, 42.95191520698427
T35
2.1343748569488525, 90.39660864065809
2.1829538345336914, 75.7898891857185
2.3773162364959717, 66.71817337346147
3.05802583694458, 52.91352608961461
5.539526462554932, 51.30150835037057
5.588118553161621, 49.784573460463434
5.78257155418396, 45.15930239460431
7.5812294483184814, 42.44797816219216
9.047680139541626, 40.544799500799854
T36
9.623128175735474, 173.75374717901286
9.768947124481201, 160.10639992596407
9.963371753692627, 123.711965178416
10.158245325088501, 114.10192258565803
10.451048135757446, 108.32053746159363
10.548410892486572, 97.21958151983563
10.645975828170776, 80.82586086078663
13.91118836402893, 76.54283662342641
15.4226393699646, 70.80566772597376
15.763979434967041, 67.56815714335244
16.591954946517944, 65.75905868370319
16.640567302703857, 64.13062475710467
16.689260005950928, 57.40768834804476
T37
4.751028776168823, 108.20899429402198
4.8486809730529785, 107.31707033913699
4.995244741439819, 81.80596959976538
5.531417608261108, 78.49272626191669
5.677468538284302, 73.0598175200721
6.311539888381958, 60.15157989927684
6.8956968784332275, 58.65908671342186
7.382501602172852, 58.281086614733795
7.970843553543091, 53.21256609352713
T38
1.9908537864685059, 61.17114498086448
2.379925489425659, 58.12960751166975
2.6232028007507324, 53.382218971208204
2.9151268005371094, 51.17257551077637
T39
6.794341325759888, 83.27661174071545
7.037540435791016, 50.34781227703206
8.06067705154419, 48.06013910789625
9.034197092056274, 46.916271927329944
14.020200490951538, 45.68248835881241
15.238381147384644, 42.506528623591294
15.531097173690796, 40.26844657276524