T0
5.051950454711914, 86.33649891649839
5.343194961547852, 83.84404920267843
5.5373735427856445, 75.55095434207033
5.780682563781738, 73.05850462825038
5.926483869552612, 64.95264973157828
6.655278444290161, 48.75728819402866
14.378859281539917, 48.15543035849987
17.100626468658447, 46.079997545959486
17.19771695137024, 32.78138357390344
18.266640663146973, 32.022715596052876
T1
7.41551661491394, 139.40253384075913
7.609824180603027, 136.15681885998492
7.706949234008789, 135.6849334795188
7.804248809814453, 111.27765959972385
7.950141668319702, 94.83445349585963
8.09602165222168, 88.46251766493515
8.583585023880005, 78.6953694249496
8.632249355316162, 77.49021759321113
9.895208835601807, 64.84807995241863
10.089988231658936, 61.87222160585952
10.187392234802246, 45.67939428808677
14.414139747619629, 44.73581650063352
18.203868627548218, 41.03589241244845
T2
5.339330196380615, 106.51676540128756
5.485407590866089, 77.69302658436209
5.58263897895813, 71.89860216456873
5.728287220001221, 71.82533574722038
6.117415904998779, 63.76228319004804
6.798246622085571, 60.54645925504519
7.089627981185913, 60.00931303449033
8.304933786392212, 58.55414038490926
8.401987075805664, 56.02148433616094
9.470854997634888, 55.21151318072225
11.366194486618042, 49.92473859804886
13.992152690887451, 45.9736815006836
17.834920167922974, 28.678164677472523
T3
3.6333351135253906, 26.853316847485985
11.931459665298462, 25.596834897925874
T4
1.1332902908325195, 108.28805128467866
1.1818864345550537, 68.95261289377595
1.279132604598999, 68.71663715070463
1.3276736736297607, 67.88461301549978
1.376230239868164, 61.853740186012146
1.4732615947723389, 54.308939266262314
1.7163116931915283, 52.51618644002883
1.9649658203125, 39.39806850453533
T5
2.713292360305786, 113.47837756490844
2.9570183753967285, 105.4660432376404
3.1034629344940186, 100.26716256957661
3.1524569988250732, 87.45465032660286
3.2500603199005127, 69.0100158543064
4.270761966705322, 49.26893143784764
5.29284930229187, 41.80603433727083
T6
4.845778465270996, 104.85989170943503
4.94291090965271, 97.72052123603498
5.1859307289123535, 81.91983032795906
5.672159433364868, 79.01958685936552
5.8180458545684814, 75.17395844217026
6.109330892562866, 73.08689937984673
6.401003122329712, 67.38359140131797
7.131852626800537, 64.94266171929485
11.408403635025024, 59.058125665967964
11.651369333267212, 58.60861060528259
17.825336694717407, 56.268655746906006
18.796594619750977, 33.024687139997695
T7
10.424325942993164, 128.17858505027834
11.154610872268677, 103.43253899618503
11.4465491771698, 86.08901987595891
11.932637214660645, 75.50465313259338
13.199406385421753, 74.34591164242738
14.22140097618103, 68.05787768666414
T8
1.7959446907043457, 91.2850437367706
1.941826343536377, 54.124122438668564
3.253652811050415, 50.592882795550395
3.788848638534546, 44.339266263377795
6.123502731323242, 37.67867502043009
T9
2.8636648654937744, 56.02328001018759
5.339960098266602, 53.59894034025274
8.252542734146118, 42.40653524647132
T10
2.765298366546631, 67.22713664794719
2.8632521629333496, 61.850633094174555
2.960482358932495, 54.01852625504034
3.0576565265655518, 52.71914227582238
3.252065658569336, 51.33457365849608
3.3006608486175537, 50.61221921749893
3.5919084548950195, 43.95106572482109
T11
2.8161044120788574, 108.22365758354863
2.9135875701904297, 105.81151847291403
2.9625084400177, 86.66041138430592
3.108475923538208, 84.07648200087715
3.3036231994628906, 84.0622523834354
3.7896182537078857, 59.578349442686886
3.8869221210479736, 58.54213814799368
4.907305479049683, 51.56549210923549
5.8817408084869385, 45.82030127672624
T12
3.9284918308258057, 104.43152216116141
4.318085193634033, 100.75064777799344
4.512635707855225, 57.535275246224046
5.4045798778533936, 51.568649783210276
5.648218154907227, 50.74496894342519
6.329556941986084, 49.81760830377971
6.426894903182983, 44.920125841530535
6.913945913314819, 37.81715982621972
8.955692052841187, 28.997166518267477
9.198530912399292, 25.38279310478174
14.396240711212158, 17.746947574989463
T13
5.481495380401611, 118.43254346423782
5.918816804885864, 107.46446223156454
6.015950679779053, 58.68999401727706
8.349833011627197, 48.16915744799189
9.078858613967896, 36.49894982449041
11.754177570343018, 26.975823086766468
T14
0.828484058380127, 39.53383864941861
1.119931697845459, 35.546481875117024
10.902237176895142, 23.604671184904873
T15
6.769672870635986, 97.72253811853807
7.595690965652466, 79.29932276162435
7.790254831314087, 61.755445699960546
8.956987380981445, 57.53186728817309
9.05407166481018, 52.44967042185817
11.337497234344482, 52.167656866855395
11.774800539016724, 49.79859376517561
T16
0.973931074142456, 63.693972662145825
1.3145129680633545, 61.32483438457348
1.460477352142334, 51.82630349948522
1.70320463180542, 46.5405702164353
T17
2.715618371963501, 73.94448636268498
2.764134168624878, 66.63925192087117
2.8126776218414307, 65.88524359876101
2.8611929416656494, 57.20551419674666
2.9097108840942383, 53.469874259244534
3.2499687671661377, 53.099987352183234
4.8046629428863525, 43.64088583217381
4.950188636779785, 40.00357374198575
7.287113904953003, 38.86059727915199
7.432800531387329, 24.920739483233774
8.209475755691528, 23.73572197224712
T18
9.835823774337769, 107.01739056393126
11.051462173461914, 84.36258349518903
11.781929016113281, 81.63220100614853
12.074146032333374, 77.25515877299404
12.562993049621582, 75.87976470527428
12.953374862670898, 73.5773524044198
13.099557638168335, 71.21498413400695
13.342345476150513, 70.77308590462053
13.439512968063354, 61.860747131420794
14.234051942825317, 55.59191404748708
14.526078701019287, 53.99065946523842
14.770008087158203, 50.826983559523796
14.818796396255493, 49.33891892162865
15.548977136611938, 49.10362358640123
T19
0.8269064426422119, 58.37358718859468
1.0216801166534424, 57.71348617755939
1.313133716583252, 55.51037601272037
1.5074725151062012, 51.22474081007749
T20
3.4399335384368896, 176.11737579089458
3.5375285148620605, 90.20825823693667
3.6351945400238037, 75.30053332148236
3.8294756412506104, 75.23707620246205
4.120795965194702, 69.90680353487915
4.21790337562561, 68.76683343369587
4.315089702606201, 67.47916933864326
4.6550681591033936, 61.87449333603581
5.96776008605957, 60.2783322126852
6.065039396286011, 55.06417918724037
6.259402751922607, 51.411107186591835
7.183001518249512, 48.48779076768551
12.964895486831665, 46.220632049018604
18.109302282333374, 43.00419752747257
T21
1.9912092685699463, 135.22268658102257
2.088397979736328, 91.10357489527814
2.5753471851348877, 85.30831545686306
2.720963954925537, 79.18325901207572
2.915282964706421, 71.38068822650894
3.740262508392334, 69.02580067271629
4.128641605377197, 54.471532561008644
4.177219390869141, 53.59849561799638
8.4045729637146, 52.987858790093014
9.959722518920898, 26.457453789844294
T22
1.6038365364074707, 51.087867095619
1.9437882900238037, 50.433504552904196
2.5747146606445312, 49.05940437580648
3.8367388248443604, 47.05130809489492
11.288067817687988, 46.97992066518782
T23
11.138611555099487, 102.78601628806064
11.76980710029602, 92.72771569891847
12.060992240905762, 80.0441644815728
12.158194065093994, 73.27570466619727
12.207021713256836, 62.917841541511734
12.595377683639526, 60.443557183112716
12.887284517288208, 54.76306655961889
13.324538707733154, 54.21708681376185
13.470257043838501, 51.41016526538806
13.61631155014038, 36.03805626223766
T24
3.975452184677124, 138.80709894472966
4.121014833450317, 129.07000927039553
4.1697351932525635, 111.5876220822247
4.218589782714844, 88.67332455840733
4.316198348999023, 81.13860329987074
4.414471626281738, 80.55901451185491
4.804496765136719, 66.76110134159171
4.950700521469116, 51.02657855810321
6.165185451507568, 50.68308674504442
10.685078144073486, 47.36984915101857
T25
1.215599775314331, 132.8922127961996
1.3612630367279053, 100.92855490135844
1.4097952842712402, 88.2696999190266
1.5555107593536377, 80.45408089404009
1.6528658866882324, 70.41574297302213
2.0907557010650635, 55.36838212236762
15.87876033782959, 23.774487296883308
T26
2.2326550483703613, 71.1124679954919
2.378389596939087, 43.447197389090434
3.9323079586029053, 37.30072710775494
4.709115505218506, 35.73394344382177
12.128750562667847, 34.86156253694935
T27
2.961171865463257, 82.00067435544406
3.058263063430786, 66.36885796923525
3.204026937484741, 65.87637732840813
3.4970667362213135, 59.786633816038375
3.9839911460876465, 59.25814810915472
4.228245258331299, 58.591986237959645
5.035817384719849, 50.802805395942414
5.667253017425537, 44.32432446642633
19.289451837539673, 35.350897858621465
T28
1.750962495803833, 72.0993821361626
1.7997465133666992, 69.55074220505048
1.8483400344848633, 60.34894241070651
1.9454948902130127, 50.584288137568365
2.1888086795806885, 45.612825754080404
2.480236768722534, 44.486234086365585
2.5287787914276123, 40.04638961997989
2.724107027053833, 38.54244204328643
3.8430824279785156, 27.146845628296433
T29
8.837584257125854, 193.8439375666203
9.032163143157959, 177.38854502133472
9.129603385925293, 118.67369150864761
9.323806762695312, 115.71062850027374
9.42095136642456, 103.31731508644953
9.518024444580078, 66.34968898092848
11.994093418121338, 61.54017391925663
12.04264783859253, 47.43468069294249
14.906418561935425, 44.49308672580446
15.10111117362976, 42.94518805219559
15.392573118209839, 36.3742303497238
18.59785771369934, 34.74801310657131
T30
2.535165548324585, 94.40262618255292
2.681039810180664, 94.26463406153925
2.778917074203491, 91.69815925041257
2.974046230316162, 50.584795106828096
3.6059207916259766, 37.87254762633893
5.25657057762146, 33.80696190776507
T31
0.9758760929107666, 24.046437670585874
T32
3.253095865249634, 99.03424692981571
3.399240732192993, 76.15019005476643
3.885652542114258, 72.30743477210854
3.9828052520751953, 61.50285180213541
6.95786452293396, 38.09907884619679
T33
1.9413506984710693, 93.32493938386688
1.9898808002471924, 61.16791322605059
2.863697052001953, 60.75727902524159
3.398977756500244, 54.703871973182686
5.2935850620269775, 54.40095770867629
11.65850043296814, 50.81643727800474
T34
1.7977142333984375, 160.04368152169627
1.943373203277588, 126.4384777123596
2.0405800342559814, 105.21503881719764
2.137953996658325, 90.18961381653571
2.1865789890289307, 84.15931204401932
2.2351930141448975, 67.8964261285364
2.5272674560546875, 50.79070639308702
2.8686411380767822, 47.40668573662333
3.257561206817627, 34.2658372438018
18.1814022064209, 33.662741129650385
T35
1.8470523357391357, 77.3549592715608
2.0901882648468018, 56.22794441699807
2.4795289039611816, 50.967108623724926
2.6742513179779053, 44.39828247120022
T36
2.7167809009552, 124.2530867677633
2.765540599822998, 123.31469424144234
2.8144378662109375, 119.06459710759736
2.8630571365356445, 118.58432411760077
2.960223436355591, 84.63974935789884
3.0089097023010254, 66.95915113895535
4.175103187561035, 47.35105219109755
T37
1.0224616527557373, 33.104199297256855
5.100864887237549, 23.687047368344793
T38
4.41129469871521, 66.51174743532101
4.799123287200928, 41.48676092032474
5.237154722213745, 26.663874328012753
T39
3.4446403980255127, 108.6913763445591
3.7855050563812256, 82.40938244236531
4.273408889770508, 60.017642934319156
4.80900764465332, 53.064861759245105
5.6355085372924805, 44.667040248652484
9.235028505325317, 40.68687300927559