T0
2.2648603916168213, 3752.556166875758
2.3620152473449707, 3749.4303793596046
2.410630702972412, 3694.498897923855
2.4593136310577393, 3656.8739777042356
2.5569443702697754, 3411.4333263837616
2.801846981048584, 3381.5795005314867
2.850966453552246, 3363.046325322881
3.0466325283050537, 3340.8475059617776
3.095623254776001, 3332.5129719680117
3.5860280990600586, 3222.6086798101023
3.683861494064331, 3210.106407393265
3.781865358352661, 3126.1277843533026
3.929126024246216, 2966.482593556808
4.320807933807373, 2951.2544704581087
4.565208911895752, 2895.049828728341
4.761207818984985, 2887.5924028524314
4.907905340194702, 2850.203444291401
5.005542516708374, 2747.8749271548586
5.494236707687378, 2737.3046257807873
5.787377119064331, 2734.4177253806847
5.984371185302734, 2724.121386065992
6.13156270980835, 2650.10116974244
6.576121091842651, 2648.4824554577353
8.70745038986206, 2630.004670052702
8.904046773910522, 2610.0576405303436
T1
2.516441822052002, 4122.6478872562
2.759552240371704, 4118.241180572892
2.808297872543335, 3882.8407164425007
2.9060401916503906, 3461.2536992472305
3.1507604122161865, 3401.9921789723157
4.0813984870910645, 3339.9542616515246
4.326221704483032, 3214.568579939165
4.571386814117432, 3040.8219588931242
5.110267639160156, 3037.937325600011
5.159130096435547, 3025.2400672361255
5.305825471878052, 2987.2184564670315
5.550550222396851, 2942.2724625283736
5.59944486618042, 2942.148328487965
5.648313522338867, 2937.239621618093
5.893070697784424, 2873.1234633652784
6.186734676361084, 2827.0386440226575
6.431064128875732, 2769.440566465986
6.528737545013428, 2754.355737169448
6.67521595954895, 2726.8941753919935
6.724101305007935, 2714.824369552196
7.799170017242432, 2707.7866879494395
8.243253707885742, 2698.2824106422486
9.471540451049805, 2698.1818451799336
20.46513605117798, 2692.156195693271
T2
2.0418622493743896, 3945.4675566079095
2.2844486236572266, 3751.7164601352415
2.3331427574157715, 3585.542606583069
2.3821680545806885, 3562.2110625832865
2.431046724319458, 3402.8470674493583
2.5287022590637207, 3328.5956495143473
2.5775372982025146, 3231.2311440661433
3.311746120452881, 3106.849325745512
3.507338047027588, 3090.573985298979
3.800539255142212, 3069.645329959807
4.044742107391357, 2976.558533525531
4.191400051116943, 2969.5783377926273
4.338034152984619, 2960.3974404722685
4.6314778327941895, 2957.9675921947346
4.729281425476074, 2933.949626227928
5.12054705619812, 2890.8072598539584
5.218192100524902, 2868.938117025391
5.2670629024505615, 2828.9308528524125
5.3159215450286865, 2811.660367648583
5.364798307418823, 2810.1870084180264
5.462711572647095, 2784.4781686231436
5.609283685684204, 2781.5237251901417
5.658100843429565, 2701.8477669727
5.902073621749878, 2690.5898040184693
6.390979290008545, 2599.1773703228682
6.831454753875732, 2579.192301113566
7.682060956954956, 2575.13721632518
T3
2.9517064094543457, 3902.7309349534626
3.194270610809326, 3725.488127777062
3.243161201477051, 3703.639069612429
3.291795253753662, 3660.8017176210706
3.340595006942749, 3612.818055883283
3.389493465423584, 3596.796723631065
3.438471794128418, 3481.2648321548186
3.731654644012451, 3445.865688159247
3.976165294647217, 3439.3855145694397
4.073945045471191, 3371.4097469786357
5.0032572746276855, 3364.409142279648
5.29678201675415, 3240.8686333890073
5.785615682601929, 3238.8275183764345
6.029820203781128, 3205.658116856881
6.078649520874023, 3158.859459720319
6.1275129318237305, 2892.792948370741
6.176255941390991, 2867.2679759925522
6.517991781234741, 2865.941550246178
6.761938095092773, 2839.9653095958056
6.957391262054443, 2814.1776965263416
7.0063111782073975, 2781.7872153958015
7.055291652679443, 2771.129698871053
7.104091167449951, 2728.731356864533
7.396970510482788, 2698.97569042354
7.641185283660889, 2674.3679240237107
8.032442569732666, 2662.169181603065
8.229326963424683, 2654.440149647591
8.57452392578125, 2641.1939360082033
8.819610118865967, 2611.7440140138788
25.675930738449097, 2609.468900889711
T4
2.333141803741455, 4132.143539740151
2.4789516925811768, 3712.2849662607478
2.5276756286621094, 3522.780539920437
2.5765256881713867, 3469.407587769412
2.62548565864563, 3445.5710142969037
2.67459774017334, 3371.392498588102
2.7724709510803223, 3249.578807294689
2.967900276184082, 3227.730155454483
3.2612431049346924, 3191.557572054735
3.9470322132110596, 3154.8247744572873
4.191913366317749, 3130.425538230251
4.338459730148315, 3105.269013080484
4.43621826171875, 3101.7127000495675
4.58279275894165, 2984.038776432222
4.680551290512085, 2976.94296995693
4.876241683959961, 2960.276948436338
5.071982145309448, 2905.185004904837
5.169752359390259, 2862.462369580957
5.267414569854736, 2824.0768316922185
5.365240097045898, 2821.281167241221
5.609761476516724, 2810.6911014662182
5.8551506996154785, 2810.550026705081
6.198664665222168, 2808.298924828472
6.296653985977173, 2803.556409368495
6.395671606063843, 2791.173629958241
6.444628000259399, 2786.764941780624
6.643403768539429, 2774.136856631667
6.790640354156494, 2774.0622718753
6.839453458786011, 2765.3457793704583
7.089208126068115, 2737.163920060557
7.386967897415161, 2726.362321185443
7.435907363891602, 2714.7560615027905
7.484728574752808, 2703.910616595065
7.533636093139648, 2678.8294601218367
8.643317222595215, 2651.263435052999
8.692428588867188, 2639.051629862224
10.39423394203186, 2637.2738241287007
T5
1.6949293613433838, 4011.4805652007635
1.8892674446105957, 3684.766941856302
1.9380662441253662, 3622.5001456002065
2.035938262939453, 3334.093462051591
2.671624183654785, 3331.3158541834564
3.062933921813965, 3312.605735834193
3.2096102237701416, 3154.532259364234
3.3563685417175293, 3126.3601251071086
3.4053773880004883, 3108.9467791103234
3.551949977874756, 3098.4683351433196
3.649874448776245, 3092.6609323648154
3.6987743377685547, 3088.10462757232
3.7476909160614014, 3043.796736360062
3.8452770709991455, 2884.661279620166
4.040976285934448, 2845.7908649708843
4.089756727218628, 2845.579862414248
4.2360687255859375, 2807.336775220814
4.284857988357544, 2793.4129219486204
4.333744525909424, 2786.8352502300695
4.382521867752075, 2784.8979435391957
4.529163360595703, 2770.235084629938
4.578083038330078, 2763.657412911387
4.773576021194458, 2743.90530150634
4.822560548782349, 2709.6552059348323
4.920185327529907, 2676.9524598792486
5.0668535232543945, 2676.3982568965002
5.1647419929504395, 2656.031645608775
5.311212062835693, 2640.936189489177
5.359988212585449, 2610.2659581614425
5.751110076904297, 2607.800675299746
7.947402238845825, 2574.234382283379
8.044851541519165, 2573.0523671504634
14.560167074203491, 2572.0713254032307
14.609094381332397, 2562.8478504105296
14.65834093093872, 2558.038006435003
19.502426624298096, 2541.4634839179053
T6
2.0843276977539062, 3828.243850828265
2.2298622131347656, 3825.059331562312
2.278472423553467, 3706.301092463429
2.375845432281494, 3700.8853744390944
2.4246537685394287, 3613.0992855911027
2.571413516998291, 3586.0353285284655
2.620328187942505, 3555.7134996348177
2.6693005561828613, 3404.381663232518
3.1591968536376953, 3263.0898354385863
3.452366828918457, 3252.2429170954274
3.5503122806549072, 3225.2275425235275
3.6972947120666504, 3198.3875946554763
3.844181776046753, 3171.1676612287993
4.039873361587524, 3149.1643945685064
4.088757753372192, 3094.8633096043777
4.382483720779419, 2899.431775769539
4.6761698722839355, 2892.1373801358277
4.822980642318726, 2882.535514078714
4.969789981842041, 2804.150978032034
5.018760442733765, 2766.7000181896146
5.1654345989227295, 2734.2327516478254
5.214341640472412, 2716.410543025733
5.947501182556152, 2698.0260052178055
6.24272894859314, 2671.456182133057
6.686130523681641, 2666.329817729711
6.783886671066284, 2665.7504566410207
8.459776163101196, 2660.13341480933
9.013898611068726, 2659.898674318916
9.160429239273071, 2656.2157734978828
22.880226612091064, 2653.102587277681
23.724324226379395, 2651.2965766057314
23.773332118988037, 2627.7119056378433
T7
2.1328930854797363, 3931.580605746887
2.1815919876098633, 3847.9590540505596
2.2304625511169434, 3317.0262339881447
2.426729440689087, 3278.183760190499
2.915940999984741, 3228.5590613560926
2.9648232460021973, 3152.859013950947
3.160670042037964, 3115.794862050476
3.4545810222625732, 3109.3401233343757
3.8954966068267822, 2927.8624134271813
4.0910255908966064, 2905.022503423679
4.286641359329224, 2877.942492136557
4.335610389709473, 2851.488627922663
4.384489059448242, 2824.40861663557
4.726747989654541, 2788.274498105573
4.824537038803101, 2747.529772065551
4.970984935760498, 2739.6444069838617
5.068495273590088, 2711.6830211903725
5.117344617843628, 2700.8862614587124
5.215061187744141, 2695.152055951883
5.3615641593933105, 2653.4321121493995
5.4104766845703125, 2649.844996536529
5.754992723464966, 2649.4301401494886
5.80391788482666, 2648.499985888542
7.101904392242432, 2642.3883884245006
7.199581146240234, 2628.252412665548
7.248474359512329, 2621.4134429321857
7.346138000488281, 2618.916192586854
7.394955396652222, 2601.0895113108854
7.443897724151611, 2560.2401579252037
T8
2.569714069366455, 3951.482243809005
2.812478542327881, 3457.2894337519247
2.9099814891815186, 3398.7467557992786
2.958860397338867, 3304.266485524422
3.1543819904327393, 3211.1034404958773
3.938544750213623, 3118.7371464462194
4.2317938804626465, 3111.5165664948
4.427094221115112, 3036.885670264339
4.769394636154175, 3024.5117391383974
4.8183207511901855, 2996.411424968799
5.552936553955078, 2996.12128071388
5.602058410644531, 2913.480525609164
6.1401307582855225, 2902.913896140264
6.1890645027160645, 2868.5853077027423
6.237897157669067, 2857.7104535416875
6.481926441192627, 2833.765422930708
6.5798115730285645, 2818.05253758296
6.628600597381592, 2789.2785898838483
7.215737342834473, 2767.5276966413076
7.362363338470459, 2719.5250592165394
7.606460332870483, 2703.6031733150885
8.292110919952393, 2693.60370949941
8.78635573387146, 2670.0805479103
8.884092569351196, 2652.356472054118
8.932979583740234, 2624.1198743924324
9.030707597732544, 2610.9058489996823
9.07983660697937, 2603.9697634171753
T9
1.6974337100982666, 3858.7297953703674
1.843099594116211, 3726.7877383469895
1.8917944431304932, 3544.5764386053197
1.9894354343414307, 3476.8661953699484
2.0871264934539795, 3429.1786880602886
2.1359505653381348, 3407.633313270344
2.2335658073425293, 3375.3704034904076
2.3311498165130615, 3371.0072006606497
2.3800573348999023, 3364.553910916642
2.5269582271575928, 3327.380987356504
2.62485671043396, 3313.1711964429996
2.6737966537475586, 3128.4519472744723
3.0166423320770264, 3104.9384131985134
3.2609360218048096, 2848.7569179781713
3.4564273357391357, 2825.932930035051
3.5052242279052734, 2793.01813053136
3.6518099308013916, 2770.1941425882396
3.749504804611206, 2741.559775373549
3.9446756839752197, 2705.433592111047
4.530423164367676, 2699.148251327948
4.579272031784058, 2688.7749678504188
4.726473808288574, 2670.323282478377
6.065554857254028, 2669.827480609907
T10
2.080523729324341, 3556.4449764239835
2.2745161056518555, 3466.4136203453236
2.3232839107513428, 3349.367910440109
2.372143268585205, 3315.8092856751464
2.4210128784179688, 3281.186203897756
2.5185906887054443, 3210.071269941429
2.762622117996216, 3154.043926435086
2.909428596496582, 3097.175017388334
3.0069832801818848, 3061.492350466113
3.153735876083374, 2984.7494813768717
3.251643180847168, 2973.1275908696116
3.447225332260132, 2966.260584702599
3.5448126792907715, 2948.299121985503
3.691234588623047, 2887.042571623053
3.984180450439453, 2771.9040228425874
4.277045011520386, 2766.1461333238403
4.325841665267944, 2726.998605187575
4.374858856201172, 2713.6557239968097
4.472522735595703, 2707.8978344780626
4.7649524211883545, 2687.941822786408
4.813838243484497, 2667.45238876011
4.862551212310791, 2647.4963770684553
4.960731506347656, 2644.760021904949
5.20519495010376, 2639.470057453582
5.747446298599243, 2623.908401653229
T11
2.7604820728302, 3717.7862326027534
3.099710464477539, 3611.0903154865664
3.19685697555542, 3350.259169438563
3.2944047451019287, 3347.617735447595
3.3432257175445557, 3296.2349083938752
3.3920977115631104, 3265.8058445858187
3.7346198558807373, 3191.2409745495243
3.8326098918914795, 3124.872775491298
4.224066972732544, 3079.564478196291
4.370596647262573, 3046.100865674147
4.614855766296387, 3043.4279208630032
4.810510158538818, 3038.9320289399475
4.859458923339844, 2897.41763757632
4.957487106323242, 2781.7654534620233
5.396710395812988, 2745.4867208746728
5.640667915344238, 2694.12453194533
5.689504146575928, 2662.7968861757836
6.567654132843018, 2643.2934301779896
6.909403085708618, 2641.166571421112
7.0072021484375, 2629.522073658445
7.104733943939209, 2626.9109230561007
13.451083660125732, 2596.768385595933
T12
2.326732635498047, 3528.0261426882935
2.375354528427124, 3501.6702082851552
2.4724581241607666, 3478.0721232258074
2.5211739540100098, 3325.667665165791
2.6187996864318848, 3291.3654482536076
2.765237331390381, 3256.8518418946187
2.8630144596099854, 3044.8047823662055
3.107621669769287, 3041.512335851381
3.303084135055542, 3007.210118939198
3.743091583251953, 2982.1711127832823
3.8898136615753174, 2917.3884314690076
4.133972883224487, 2839.910890313273
4.378165245056152, 2807.6577695407323
4.427026987075806, 2763.0676256378356
4.475810289382935, 2756.082181294303
4.818417072296143, 2721.3068749700033
4.916130542755127, 2713.5199948340596
4.964999437332153, 2693.563154591684
5.112070083618164, 2690.489473775582
5.209899425506592, 2678.7651475696766
5.258840322494507, 2662.1463640206493
5.405630588531494, 2636.683028994419
5.552820205688477, 2624.165990844369
5.6016716957092285, 2622.906633706036
6.244453430175781, 2620.78449857136
6.7417662143707275, 2611.1781305804034
T13
2.9048187732696533, 3697.9345634233905
3.050391435623169, 3452.349634443206
3.2453157901763916, 3449.285921643779
3.2943544387817383, 3429.496993664099
3.4410688877105713, 3346.6995863904885
3.538925886154175, 3316.3439857213234
3.930083751678467, 3255.2743002661737
3.978872299194336, 3208.4206750740414
4.663987398147583, 3198.5792105395813
4.71312952041626, 3039.3304191290226
4.761988401412964, 3004.3933034052316
4.811133146286011, 2989.053621402796
5.05540657043457, 2910.149356253445
5.104180812835693, 2892.637784816441
5.201972246170044, 2877.2999084869516
5.348314046859741, 2842.480135997641
5.4950244426727295, 2841.439177287946
5.543781757354736, 2791.4937129926693
5.592658519744873, 2758.1953511186293
5.690349102020264, 2755.3414320583397
5.8858819007873535, 2723.7799115642556
6.179859399795532, 2721.4635325413255
6.277962684631348, 2677.1948065090983
6.326815843582153, 2658.911991398665
6.375640392303467, 2648.222341064946
7.327518701553345, 2646.732472850097
7.376425266265869, 2618.6430531150836
T14
1.8434069156646729, 3646.727196564054
1.8921315670013428, 3498.5352779223176
1.9899170398712158, 3480.0202052771638
2.087700366973877, 3376.823297296709
2.9187874794006348, 3337.8197082391707
3.065495014190674, 3296.962985833263
3.2124462127685547, 3167.637496899668
3.4079172611236572, 3109.523492291075
3.4567456245422363, 2901.9402993727126
3.945528984069824, 2841.74384413581
4.0431602001190186, 2727.3232099664456
4.189611434936523, 2726.7918673941167
4.33590841293335, 2707.381049546646
4.38471531867981, 2697.395175952872
4.433523893356323, 2695.9285780590144
4.579870700836182, 2685.781895888911
4.7262561321258545, 2661.710612478957
4.970843315124512, 2653.6031573617656
T15
2.0848708152770996, 4232.04343269777
2.1820883750915527, 3916.7660558901844
2.279656410217285, 3840.903344356717
2.32852840423584, 3696.815254280111
2.3775312900543213, 3679.145910017396
2.4264976978302, 3567.1601721449406
2.47534441947937, 3456.72494937203
3.994241237640381, 3424.1935605669278
4.092134237289429, 3305.502216270572
4.336961269378662, 3264.0412590905617
4.532816171646118, 3049.279707373469
4.630836486816406, 3038.4648945006775
4.679835319519043, 3027.746717400645
5.022537469863892, 2961.512930944242
5.3655760288238525, 2960.7649896609655
5.512242317199707, 2923.1465063584037
5.610008239746094, 2904.2914855337294
5.7080488204956055, 2839.2224431923532
5.756956577301025, 2812.6805343156157
5.854715824127197, 2739.604420448275
6.0013744831085205, 2737.944501996215
6.294661521911621, 2641.2814246865746
7.233256101608276, 2630.5814883659186
7.282647371292114, 2618.857035282592
7.331682205200195, 2603.8400455548253
T16
1.9384634494781494, 3552.2881665301975
1.9873392581939697, 3425.482059772621
2.182978391647339, 3419.6278383152967
2.2808361053466797, 3409.4433057047136
2.3297367095947266, 3388.2385935818893
2.57511830329895, 3354.0158560046693
2.624023675918579, 3249.270665462769
2.966653823852539, 3184.359060567338
3.162271022796631, 3182.0316291266063
3.358090400695801, 3106.9722650367767
3.7494189739227295, 2908.5502700445068
3.798323154449463, 2886.3460970580636
3.94486141204834, 2731.354953883274
4.433311462402344, 2695.536831755773
4.482290983200073, 2681.226120602776
4.776167392730713, 2673.848680641211
5.3640923500061035, 2655.7397586476873
5.563869476318359, 2646.964062120096
5.612729549407959, 2642.529900378635
6.71191143989563, 2626.25749010616
T17
2.232572078704834, 3576.8413531822152
2.4272639751434326, 3495.74022686822
2.5247676372528076, 3353.394360558741
2.6715781688690186, 3240.77015086374
2.8677735328674316, 3220.4902071419638
3.0635361671447754, 3129.2039824597887
3.2104225158691406, 2981.497214679752
3.6019952297210693, 2912.041582784819
3.6998558044433594, 2809.2807115956966
3.7979507446289062, 2792.5067505824845
3.8468658924102783, 2777.3500770248065
4.0912299156188965, 2750.451026879018
4.140577793121338, 2700.432831291604
4.336256265640259, 2674.260400503379
4.385096549987793, 2671.07022342016
4.482803106307983, 2639.3044709747483
4.678083896636963, 2606.0213790756825
4.975737571716309, 2604.4580587823293
5.316605567932129, 2562.1312138774374
5.564207315444946, 2552.403544288798
5.710667848587036, 2528.646981124475
5.759506940841675, 2522.9741062608373
21.669851064682007, 2510.7326968685375
T18
2.276773691177368, 3617.439577023004
2.373828411102295, 3474.4784856280603
2.4710605144500732, 3472.7034158519236
2.76355242729187, 3392.5978682642744
2.8123462200164795, 3368.738444822957
2.9589290618896484, 3282.399469447031
3.252652168273926, 3271.763037268276
3.5458824634552, 3153.940789793327
3.59474778175354, 3108.650940749387
3.7414565086364746, 3027.5992900441925
3.9368271827697754, 3012.328065484937
3.9857938289642334, 2990.522905230202
4.083413600921631, 2977.26444498598
4.132211446762085, 2976.1804174266
4.278866529464722, 2880.30598863418
4.376684904098511, 2807.882511067932
4.474361419677734, 2763.4156938779925
4.767517328262329, 2739.238725973555
4.816333055496216, 2737.7986275137227
4.962937116622925, 2705.3176897169906
5.405335903167725, 2673.82874913502
5.652146100997925, 2672.9208460891095
5.995835065841675, 2652.442723608925
6.190937519073486, 2652.0548870930797
6.239851713180542, 2634.843909941934
6.613640069961548, 2624.2824993585236
7.265808343887329, 2597.6492377620016
7.31482720375061, 2534.2295929179527
11.420512437820435, 2530.2232600279967
11.518345594406128, 2515.7609664602787
T19
2.3750596046447754, 3877.5903249067487
2.666916608810425, 3735.83596307307
2.7156360149383545, 3692.775029988785
2.7643966674804688, 3444.863606775878
2.8622303009033203, 3379.3081644435297
2.960134267807007, 3207.9514587090816
3.7918317317962646, 3112.9375156776223
3.889849901199341, 3099.1912829065695
4.085497617721558, 3058.2284391636204
4.529857397079468, 2970.59393599091
4.6275575160980225, 2809.9495887136436
5.0187928676605225, 2767.687231183314
5.116796493530273, 2739.810645274818
5.4588236808776855, 2732.704498231644
5.507639169692993, 2720.746561304666
5.605607509613037, 2698.887989355222
5.703203439712524, 2678.885289300815
6.141808748245239, 2666.756040703389
6.239705324172974, 2663.5500720357813
6.581830263137817, 2651.731663171202
7.516191482543945, 2603.0979357268952
7.56503701210022, 2594.0745732704527
7.613812446594238, 2575.051154298737
T20
2.230525016784668, 3469.1918025745545
2.327794075012207, 3244.8766527663684
2.474278211593628, 3113.082619765686
2.6699421405792236, 3098.667262527917
2.8167169094085693, 3009.9221250354603
3.305649757385254, 2876.709235787741
3.5011203289031982, 2859.234778695187
3.6966023445129395, 2827.341546246462
3.843355178833008, 2804.207577168534
3.941288948059082, 2767.876793756499
3.9901154041290283, 2752.6903450528625
4.038940668106079, 2733.8080913200974
4.0877790451049805, 2702.18216717217
4.380885124206543, 2669.061749432789
T21
2.568336009979248, 3448.494397402188
2.8602373600006104, 3445.8205022328475
2.908910036087036, 3343.652142977051
2.9576528072357178, 3314.6100060179015
3.0065255165100098, 3289.582369825657
3.055476665496826, 3203.9652972325857
3.153266429901123, 3196.2515484463074
3.2513959407806396, 3089.667076359852
3.5940258502960205, 3079.764505248808
4.034052848815918, 3031.941481776681
4.082948923110962, 2952.9060247150483
4.327554225921631, 2920.2355240988254
4.425309419631958, 2889.5297575592704
4.718196392059326, 2886.8661235419277
4.767131567001343, 2877.684252915642
4.865203380584717, 2861.4412741429696
4.914093255996704, 2848.906590691622
5.1415510177612305, 2832.6636119189498
5.190378427505493, 2791.7382871586015
5.337090492248535, 2760.8192912754894
5.434773206710815, 2730.9743924941577
5.7765727043151855, 2680.884862011706
6.022798299789429, 2666.7455706961628
6.072511196136475, 2655.4885865209217
6.516313552856445, 2633.0160498569894
7.271255254745483, 2628.3681714590057
22.400427103042603, 2625.684648429451
T22
1.9378631114959717, 3756.2498273080273
2.034938335418701, 3345.0356167198333
2.132584571838379, 3271.141717265127
2.327904462814331, 3179.3000328252674
2.3768577575683594, 3137.2076846256095
2.6212668418884277, 3098.3559468881576
2.8166613578796387, 3090.3044501607656
3.257089614868164, 2955.9324694227253
3.5503618717193604, 2906.708727476391
4.08769965171814, 2828.0336844779376
4.331977367401123, 2776.492072063993
4.830045700073242, 2708.907959716569
5.074200630187988, 2699.1075075030094
5.123115301132202, 2652.749576000264
5.416004657745361, 2610.9435049062886
5.611241817474365, 2602.979729422106
5.660111904144287, 2598.451663892687
20.917863368988037, 2595.897091527615
21.064363956451416, 2576.4504111674905
21.211214780807495, 2574.4048124087276
21.30879545211792, 2573.6129235151166
26.755713939666748, 2564.916037860239
T23
1.8409857749938965, 3508.6246789769502
1.987128734588623, 3392.218599027925
2.0846667289733887, 3341.302287737635
2.1334962844848633, 3237.9986953151238
2.3289382457733154, 3124.3266365359596
2.912909984588623, 2955.4559498218005
3.010629415512085, 2928.6040772052365
3.2059035301208496, 2883.1040074519115
3.2546234130859375, 2874.056062945019
3.3521673679351807, 2858.011230361153
3.498645544052124, 2853.240475079103
3.5962255001068115, 2844.7628647711535
3.644974946975708, 2822.7106082678074
3.742499589920044, 2805.9714925586595
3.889211416244507, 2694.456977698428
4.036440849304199, 2681.1614367511356
4.085232734680176, 2671.459967339644
4.134857416152954, 2666.6486302929698
4.233704328536987, 2662.026556867175
4.43371844291687, 2631.9582726936787
4.482551097869873, 2608.7811824584205
4.829336643218994, 2604.3287748239527
4.878153562545776, 2586.671698918013
5.025366544723511, 2578.2775303689414
16.864028215408325, 2554.589005299349
23.50703740119934, 2551.2706997407367
26.778624534606934, 2550.231469219085
T24
1.9392971992492676, 3928.4111745865375
1.9879436492919922, 3858.9812220634776
2.036602258682251, 3743.878828012559
2.0854015350341797, 3634.620980362146
2.2319717407226562, 3471.2551033547497
2.476155996322632, 3434.634393541317
3.258793592453003, 3423.2523470645247
3.502840757369995, 3415.6594256799726
3.600684642791748, 3414.3455879214744
4.0590739250183105, 3160.4039689545752
4.10793399810791, 3147.265335951408
4.156804084777832, 3111.1204911550158
4.205566644668579, 3057.8421619565343
4.5962488651275635, 3033.423180479702
4.742833137512207, 2984.6804961841844
4.791664361953735, 2955.7220679009333
4.889312505722046, 2941.9074294022284
4.938229084014893, 2890.8715433121833
5.084936857223511, 2884.751486911613
5.133920907974243, 2868.7208171682723
5.475898265838623, 2831.668942568125
6.765826463699341, 2794.3092276606476
6.863785982131958, 2793.8707799719414
6.912578105926514, 2771.861844598927
10.550413131713867, 2720.2323612030887
12.242794036865234, 2716.0787638646434
T25
2.422036647796631, 4006.805603665038
2.519176959991455, 3567.5566556495905
2.7142651081085205, 3521.3782711004897
2.7630867958068848, 3418.3763837708684
3.007530927658081, 3383.44494617873
3.6756556034088135, 3172.2404290036357
4.262592315673828, 3133.8449874875078
4.409421920776367, 3116.3432047458773
4.703179836273193, 2965.6326442010177
4.800975561141968, 2937.160237818898
4.850481271743774, 2915.9378676009073
4.997076034545898, 2905.04399370437
5.045918226242065, 2887.871611085284
5.143641233444214, 2804.870620543341
5.339120864868164, 2783.5668575711607
5.38804030418396, 2755.3986698011577
5.827966213226318, 2733.3173179959413
5.9256627559661865, 2720.6039796240802
6.07264518737793, 2718.5159130785905
6.121496915817261, 2703.1978903125564
6.170352458953857, 2694.384050431312
6.219211578369141, 2668.2980100294226
6.268001079559326, 2644.101719076367
6.415143728256226, 2624.4118096759194
7.354609489440918, 2616.3954739186156
7.403470754623413, 2594.2625873955258
7.501138687133789, 2582.6517840164597
7.599658012390137, 2548.271587622148
12.907493591308594, 2499.349468495493
T26
2.8694968223571777, 4079.288201186195
3.1122119426727295, 4028.938425205939
3.1609325408935547, 3818.2588547420455
3.209721088409424, 3667.061404162465
3.2587027549743652, 3553.748887140071
3.307676076889038, 3500.676705885824
3.5034635066986084, 3324.056172608747
4.042395830154419, 3317.869184989482
4.582047939300537, 3233.8114768969244
4.9254772663116455, 3150.3767653788673
5.072598218917847, 3144.2403861048515
5.366798639297485, 3119.371850708005
5.464900493621826, 3108.620933043945
5.759049654006958, 3049.7912026543054
5.857059001922607, 2895.054514874908
6.004293441772461, 2853.6841549399833
6.347238063812256, 2762.6268071917293
6.542986154556274, 2729.833811062912
6.739206075668335, 2726.4629081818857
6.935225248336792, 2710.583675979171
7.0335023403167725, 2687.565528801875
7.1806604862213135, 2663.0046385508904
7.474193334579468, 2625.337508790428
8.749286413192749, 2625.2466455107788
8.798259496688843, 2611.7844885056547
10.901721477508545, 2610.754628501163
10.950632572174072, 2582.4378713729675
10.999605178833008, 2577.3036121894547
11.048587083816528, 2576.764300277253
11.24678087234497, 2576.5753768110008
11.793130159378052, 2576.2240797253326
14.176228046417236, 2566.619987310434
14.579561948776245, 2547.1694028666534
24.750295877456665, 2523.461566128535
T27
2.3836050033569336, 3611.386895597767
2.626211404800415, 3539.1126690160017
2.674844741821289, 3490.4892299111234
2.723611354827881, 3471.945653117029
2.7723922729492188, 3429.738617072784
2.821291208267212, 3375.9476932505495
2.8702282905578613, 3353.2733980994963
3.0171139240264893, 3287.09110266887
3.1638684272766113, 3115.444434343459
3.31074595451355, 3111.864196379145
3.457348108291626, 3102.126606312202
3.5063157081604004, 3017.2079279334866
3.800243854522705, 3002.0091362518724
4.044454336166382, 2901.640209600242
4.582367181777954, 2897.954210032709
4.631315231323242, 2860.9886249496776
4.680137395858765, 2838.138361529709
4.875577211380005, 2833.674448757025
5.0220136642456055, 2793.503656920948
5.4613847732543945, 2747.3901295929973
6.352902412414551, 2745.9629062920285
6.499231576919556, 2738.965065008262
11.24226999282837, 2731.123125281738
11.388926982879639, 2724.9600835978636
11.732778072357178, 2638.191308033827
11.781588792800903, 2636.731224229996
13.024385690689087, 2635.6833037802717
15.954944849014282, 2635.4286568854877
22.797433853149414, 2622.549673956819
23.529296875, 2596.9736443514703
27.012654066085815, 2589.4121264572605
T28
2.9326798915863037, 3925.919509996631
3.029689073562622, 3885.3223240396765
3.0783231258392334, 3758.993293496489
3.126981019973755, 3650.182147814805
3.1757709980010986, 3451.8639907323522
3.2735116481781006, 3396.202157996304
3.3714354038238525, 3158.648054601741
4.642796277999878, 3091.5779165242566
5.42659854888916, 3048.581292932882
5.720410108566284, 3031.2749131096934
5.916163682937622, 2973.8877020783257
6.112148761749268, 2945.081206034927
6.259235858917236, 2937.718884818256
6.308096170425415, 2914.468273853854
6.454659461975098, 2849.747801621328
6.699155330657959, 2849.5111756864935
6.845762014389038, 2734.4102181832714
8.163923501968384, 2727.2020565771672
8.212861061096191, 2723.4948740889376
8.261763572692871, 2713.17736710218
8.310702562332153, 2704.207828661165
8.555077314376831, 2701.9552542767196
8.75337290763855, 2700.136955356167
8.80216646194458, 2698.9068265453097
8.851009845733643, 2661.259960506606
8.997532844543457, 2658.022321423603
9.14531683921814, 2615.922315068543
9.291725158691406, 2580.207799813972
11.878828287124634, 2576.888932854141
13.388875484466553, 2576.652480687422
T29
2.9847137928009033, 3466.1954302388767
3.4702446460723877, 3351.7960989254643
3.7143051624298096, 3326.685565672349
3.8122599124908447, 3224.573506981047
3.959005355834961, 3182.184643457702
4.54597806930542, 3154.2904335281346
4.69266676902771, 3120.841072202398
4.7906389236450195, 3115.0330491863133
4.888340711593628, 3085.917006144533
5.181349515914917, 2986.318210421392
5.327885866165161, 2896.4271688200242
5.669823884963989, 2889.284169192193
5.767642021179199, 2819.788957179524
5.816533088684082, 2775.6665849584388
5.914449453353882, 2723.985736583825
6.402926445007324, 2691.7918863202212
6.500727415084839, 2680.5765406826977
6.598395347595215, 2676.4512397610815
6.745039224624634, 2624.9875683145947
7.087902784347534, 2624.8170257024176
7.332426071166992, 2601.3290207749815
7.480218172073364, 2596.747627591074
8.477927207946777, 2592.735640249157
12.662524700164795, 2591.5175288622268
25.685256719589233, 2583.2805120282574
T30
2.0548598766326904, 4165.138599695638
2.1036407947540283, 4112.886690434068
2.15229868888855, 3996.6941705034114
2.2011947631835938, 3909.4069853460824
2.298827648162842, 3589.1346246920875
2.4461729526519775, 3514.215592802968
2.9857146739959717, 3289.4828405045264
4.0176873207092285, 3278.1115731890895
4.066591501235962, 3153.1954644047946
4.409865379333496, 3149.9831412663625
4.703691720962524, 2905.28858449572
4.850399971008301, 2894.4044729462476
5.193029403686523, 2831.6017110534012
5.4378581047058105, 2800.840507195622
5.6823389530181885, 2755.074391165632
5.780084848403931, 2682.3922278889804
6.024758815765381, 2681.227555276302
6.073679447174072, 2661.703517748567
6.464656352996826, 2639.279808109859
7.008085250854492, 2622.4021912518656
7.564151287078857, 2621.3382558375015
7.813115358352661, 2597.6762297992536
8.014445304870605, 2595.67808331424
8.420384883880615, 2595.3643435412087
8.566953182220459, 2595.2549910253147
8.665555715560913, 2586.5185144523857
8.716475486755371, 2576.9431944683893
8.765892744064331, 2566.796417698759
19.700835704803467, 2498.272514209355
25.176326274871826, 2489.765427008999
T31
3.3593170642852783, 3724.352351877198
3.5058584213256836, 3616.4201192219043
3.5547218322753906, 3521.1604501588154
3.6035115718841553, 3489.8203707954963
3.75028133392334, 3470.6294491313456
3.7992210388183594, 3391.8996195000364
3.99503755569458, 3330.5324114191462
5.022884130477905, 3275.5547068243322
5.7086098194122314, 3076.4312947353465
6.10071325302124, 3039.771818818146
6.247548341751099, 2922.1550182198116
6.737123012542725, 2790.0339222338807
6.88385009765625, 2780.715209344431
7.030605316162109, 2766.871114386042
7.128241062164307, 2752.455250007508
7.177037000656128, 2706.575738901185
7.763268709182739, 2696.1986631791515
7.860990285873413, 2691.982739872241
8.593216180801392, 2676.6308678079513
8.642059326171875, 2676.4707210891065
8.740275621414185, 2663.52666261993
9.084510326385498, 2640.575129953737
12.331595659255981, 2613.1468928172544
17.831116676330566, 2597.169196527655
17.880249977111816, 2589.0572272285935
T32
2.0364863872528076, 3797.5569749742863
2.0851995944976807, 3661.525193281006
2.1338956356048584, 3631.4683998875553
2.1827573776245117, 3550.0192802496313
2.2317054271698, 3537.2945131487213
2.329509973526001, 3337.5357301876065
2.5251312255859375, 3276.4718464871985
2.8673267364501953, 3101.852206322801
3.329977512359619, 3024.7590355322754
3.5257070064544678, 2930.8426040262275
3.7212576866149902, 2924.0611720581364
3.8188581466674805, 2873.757036719733
4.063601493835449, 2831.1687346571707
4.210124492645264, 2808.6276111273037
4.259158134460449, 2803.059215973335
4.454726696014404, 2780.2276805493166
4.698681592941284, 2770.1799462047056
4.747565269470215, 2763.8142801378854
4.796494483947754, 2740.904198673088
4.845423698425293, 2687.835447392863
4.943213224411011, 2658.782682610152
5.1885199546813965, 2657.917312249192
5.684380292892456, 2657.6271229435224
5.733344554901123, 2635.939806796843
5.881332635879517, 2623.2221252500312
7.49043345451355, 2602.0410659817862
7.539254903793335, 2594.437879851146
7.637006521224976, 2565.980994436075
7.735140323638916, 2536.771389074216
24.20671272277832, 2532.2718304145674
T33
2.733541250228882, 3727.3070099873585
2.8793721199035645, 3602.6688131449337
2.928022623062134, 3571.3170811376767
2.976757526397705, 3546.8383067425457
3.0743727684020996, 3451.5209841461037
3.221067428588867, 3327.4273632891127
3.3679749965667725, 3320.1803208629135
3.4656691551208496, 3201.9049995362293
3.5145020484924316, 3074.564964952122
3.9556055068969727, 2915.2345374022552
4.396127939224243, 2839.8272022766178
4.640490770339966, 2826.8811073954566
4.885058164596558, 2786.997524361417
4.933860778808594, 2768.177655335341
5.373372316360474, 2762.2575796745077
5.422325134277344, 2746.9765353882976
5.47129487991333, 2735.4500909681374
5.520127058029175, 2654.1177876200236
T34
2.280147075653076, 3863.158145410591
2.328702211380005, 3769.7101679259795
2.4743287563323975, 3530.3555843929935
2.523001194000244, 3482.1331789653923
2.5718798637390137, 3290.378286663239
2.7189829349517822, 3114.109512498486
3.34017276763916, 2993.8155469486373
3.5363686084747314, 2900.237007579766
4.1731226444244385, 2891.659867872717
4.661827802658081, 2828.693936406198
4.955348014831543, 2813.5833444418677
5.199519872665405, 2802.6239875601605
5.3461151123046875, 2766.6129465541744
5.639296531677246, 2758.320611416071
5.6883704662323, 2735.4291551887873
5.786160469055176, 2713.166462117486
6.3232927322387695, 2700.5535707768577
6.372255325317383, 2678.2908777055563
6.421060562133789, 2665.8491851211293
7.056496858596802, 2628.109878722229
10.5718412399292, 2627.9281891726714
10.620774745941162, 2620.453657385573
18.26354694366455, 2614.620616736851
T35
2.276217460632324, 3791.9176868734357
2.324758768081665, 3772.084914311621
2.6159920692443848, 3516.495280213101
2.664675712585449, 3476.706955742149
2.762256383895874, 3458.0418323493213
2.811066150665283, 3366.906268463237
3.104065179824829, 3358.303568881034
3.2017014026641846, 3303.2677153379773
3.3484859466552734, 3267.166663659882
3.4463870525360107, 3233.1412732862227
3.7889297008514404, 3116.5822664970474
3.9355528354644775, 3095.77820165921
3.9844133853912354, 2981.874805498752
4.082400321960449, 2955.987000041874
4.131190538406372, 2913.2626966771204
4.179983139038086, 2887.7800125496287
4.521885395050049, 2866.7734641979914
4.570824861526489, 2834.0928061560553
4.619605779647827, 2825.0732931520906
4.668444395065308, 2769.521721937839
4.961099863052368, 2731.1197221394395
5.058729410171509, 2686.4079946108977
5.595743656158447, 2684.175454230717
5.742007732391357, 2677.1217716752144
5.988128900527954, 2664.5376330954896
25.83121681213379, 2634.7589729973406
25.880032539367676, 2627.91573866611
25.92878293991089, 2616.835387627827
26.17434787750244, 2596.966583091882
26.272862911224365, 2579.2144943022577
T36
2.132657766342163, 3743.372256578208
2.278184413909912, 3656.811746682215
2.3267195224761963, 3614.7362349946343
2.375448703765869, 3489.4020139141358
2.473104953765869, 3382.1576470170403
2.521972894668579, 3323.023050650314
2.5708584785461426, 3249.6221469355223
2.6196587085723877, 3139.626422205445
3.1079912185668945, 3087.98261120345
3.4007089138031006, 2937.6334069760633
3.5959372520446777, 2906.6116915135935
3.693441152572632, 2896.846296541684
3.839735746383667, 2888.2290627068433
3.888526439666748, 2860.099989816401
4.32728123664856, 2856.289806554327
4.424810886383057, 2851.6073817488796
4.522371530532837, 2837.466198219161
4.571189880371094, 2824.388906560256
4.6202452182769775, 2819.395649372309
4.669184446334839, 2786.380720423418
6.006219863891602, 2778.3862131978967
6.507442474365234, 2772.8986383894517
6.605960369110107, 2764.4185306671425
11.091524600982666, 2762.8582221271063
17.799506902694702, 2755.097020259069
18.09237766265869, 2736.9929807757144
18.7775719165802, 2720.655338459066
18.87550115585327, 2707.20464835281
22.196149826049805, 2673.936388113012
T37
2.5736165046691895, 4009.4009548636677
2.768000364303589, 3884.1502475343295
2.8167879581451416, 3367.102150538645
3.3547513484954834, 3301.236745803122
3.403634786605835, 3239.169394949946
3.599132537841797, 3214.0390061525977
4.088522434234619, 3134.673918874789
4.28402304649353, 3133.351830399246
4.969776391983032, 3083.1360222396033
5.116596460342407, 3049.5882705656695
5.263260841369629, 3035.3909837935644
5.312104940414429, 3005.099925801391
5.409875392913818, 2984.189937619609
5.507760524749756, 2981.3185806687106
5.65440559387207, 2895.2873809057637
5.948018550872803, 2873.7877725246653
6.045703887939453, 2867.9365312415466
6.094593286514282, 2853.9869043580256
6.143503904342651, 2851.723211369099
6.1923747062683105, 2845.561715704971
6.485744476318359, 2767.3901975680783
6.730227708816528, 2753.224511013017
6.827914237976074, 2750.4863599093806
6.9260313510894775, 2670.0221596068004
6.974876403808594, 2659.419933767087
7.121484756469727, 2643.613545695611
7.366889476776123, 2602.3641351826373
21.554760694503784, 2598.3083153364423
21.60363483428955, 2588.153071415