T0
0.7912909984588623, 23.456635050399598
T1
0.48560094833374023, 79.50368937624607
T2
0.8046228885650635, 82.43230814040199
15.161199808120728, 80.12195331994562
17.212161779403687, 76.90593678029126
19.263127088546753, 71.18350892021556
T3
0.484816312789917, 52.7026044086757
6.63773775100708, 49.54928923633667
T4
0.48429107666015625, 52.89542331652503
T5
0.1953732967376709, 52.122440327024286
T6
5.078768253326416, 117.44474598965147
9.180583953857422, 99.2569924901407
17.384242296218872, 82.96996382181162
T7
0.19532132148742676, 34.45381462754738
T8
0.1947183609008789, 89.71005637688036
12.498657703399658, 78.21225896845648
T9
0.1950223445892334, 89.49871479662482
T10
0.19489359855651855, 87.2239108560552
4.296947717666626, 53.98897176993257
T11
0.19510221481323242, 102.34355357646965
2.246150493621826, 63.71738863817552
12.501107454299927, 61.707808579393536
T12
0.1952674388885498, 98.34494034517266
2.2462661266326904, 91.29841747873375
6.348352909088135, 86.1654019538545
10.450586080551147, 68.54602692583218
T13
0.4988400936126709, 114.97905544285437
2.548980951309204, 68.50511848979
4.600015640258789, 67.94973991804082
16.905856609344482, 59.07960133930094
T14
0.19517040252685547, 87.82086761419976
4.2971107959747314, 83.84913099853631
8.398991107940674, 76.66968595500636
12.500802278518677, 72.0033269027875
18.65372586250305, 53.759614486279496
T15
0.1947014331817627, 86.35819522419078
2.245765209197998, 83.55206309714268
T16
0.1947193145751953, 62.470456621026315
T17
0.19426774978637695, 65.82917223349969
T18
0.19470596313476562, 47.25418035498366
2.2457003593444824, 32.31061847904845
T19
0.19503450393676758, 103.87155936906183
4.296899318695068, 46.925704650039904
T20
0.1944584846496582, 76.8619481706226
4.296536207199097, 49.34639076200615
T21
0.1946713924407959, 93.95494789770673
6.347741365432739, 85.37756889726862
16.60282278060913, 82.98572129341842
20.704790115356445, 80.93301323188821
T22
0.1948256492614746, 66.21742178502988
T23
0.19443011283874512, 80.06684494342434
2.245525360107422, 77.61181415868481
22.75536561012268, 47.193560166891444
T24
0.19457077980041504, 89.82456064516116
16.603074073791504, 87.50220996775286
18.65415668487549, 84.66956104927276
T25
0.1947031021118164, 29.61944079005596
T26
0.19466543197631836, 65.15845200242154
12.54868221282959, 61.17696009053225
T27
0.19458556175231934, 28.327618597340688
T28
0.19466280937194824, 74.16403326563614
6.347535133361816, 67.71692423222902
T29
0.19479846954345703, 48.74125319485157
T30
0.19501233100891113, 109.81711807877898
6.348280668258667, 91.43936542272513
10.450373888015747, 86.07390056260826
12.501420021057129, 74.40789956618862
18.654239892959595, 70.47079946834837
T31
0.1948392391204834, 68.22878509320856
8.39874792098999, 47.30618656586454
T32
0.19458436965942383, 144.1084082396763
4.296428442001343, 47.335210632162955
T33
0.19512248039245605, 86.66318228730401
T34
0.19470500946044922, 71.52335904498385
T35
0.19505906105041504, 99.65365628624058
6.348176956176758, 63.965637424333735
16.60341739654541, 63.297944204298204
T36
0.19523978233337402, 65.94579987306237
T37
0.19486641883850098, 82.16676267022498
6.347994089126587, 74.9598114101224
T38
0.19486331939697266, 81.12727255866861
16.602959871292114, 77.25769745152455
24.80749249458313, 73.61156119820672
T39
0.1951897144317627, 55.73245959439707
T40
0.19467878341674805, 77.97113897647193
10.450125217437744, 70.65619764419588
12.501096725463867, 49.20644634493471
T41
0.19528508186340332, 44.12369497330132
T42
0.19480490684509277, 85.05181419797064
2.245908260345459, 70.80623204507053
8.398813247680664, 63.69536988748991
T43
0.194718599319458, 71.17901370839849
18.655094861984253, 61.0091418019518
T44
0.19458365440368652, 44.76262639710741
T45
0.19508147239685059, 96.80378425822573
16.60322666168213, 77.27318036464858
T46
0.19481444358825684, 101.72819436920591
10.450028657913208, 34.574553565747735
T47
0.19460558891296387, 84.53201449014043
24.8069064617157, 70.71482846595457
T48
0.19496393203735352, 62.287925619397726
T49
0.1945197582244873, 41.119083171670795
T50
0.2621123790740967, 79.90228953882314
10.517145872116089, 67.8855513837592
12.568177461624146, 65.19883780810505
T51
0.19465041160583496, 80.7182640409225
6.347583770751953, 77.66116688391887
T52
0.19479060173034668, 85.61260813961687
6.347775459289551, 77.6024584624201
26.85741353034973, 52.99251963040136
T53
0.19450640678405762, 77.7033168580966
2.2455244064331055, 70.762501744