T0
0.7883782386779785, 80.79400240759614
T1
0.4870567321777344, 46.18969045862541
T2
0.5791535377502441, 47.430436097407025
T3
0.5028080940246582, 47.443013353803025
T4
0.4843790531158447, 109.71424810846348
2.5354580879211426, 84.08460734232116
4.58641505241394, 77.78528019647248
6.637434244155884, 70.34068036294043
T5
0.4359769821166992, 98.46655189025681
2.4868884086608887, 93.66219667599175
6.588679790496826, 86.00399185368796
14.792375564575195, 60.42966069322654
T6
0.48436760902404785, 40.4649077231037
T7
0.19479751586914062, 77.74564263334513
6.347293138504028, 75.2298063944604
8.39823031425476, 36.97891248914718
T8
0.19572043418884277, 40.09517394635435
T9
0.19520854949951172, 62.95216079369269
12.500434160232544, 57.65370646487797
T10
0.1947956085205078, 66.5428071284693
T11
0.195098876953125, 135.88452318869346
2.246053457260132, 76.8822361231662
12.500176668167114, 76.01381298406774
T12
0.19462084770202637, 40.353730926990906
T13
0.1948697566986084, 89.4398748824786
2.245741128921509, 80.63635097943597
22.754324197769165, 77.68793543160317
T14
0.1948528289794922, 83.49415187779857
6.347820043563843, 82.82522653730393
T15
0.19476103782653809, 68.77047438043857
18.6524658203125, 65.02365845739622
T16
0.19460225105285645, 51.64707785385969
T17
0.19496846199035645, 61.829069097219296
6.347756862640381, 55.5437014013999
T18
0.19442486763000488, 62.919109379501705
14.550493955612183, 45.46033254105256
T19
0.19442987442016602, 72.83839531979768
T20
0.20058369636535645, 109.19102328647723
8.404282331466675, 105.36342144940777
12.50633192062378, 99.36145028350556
14.557222127914429, 74.57604898184992
T21
0.19454216957092285, 103.20991155841014
2.245739221572876, 98.8534027760796
8.398554563522339, 97.1275688332451
T22
0.1945817470550537, 74.04993400767874
T23
0.1946706771850586, 100.622119785195
2.2456018924713135, 89.40398400015926
16.60180401802063, 88.50972269358515
24.805440664291382, 74.50921796824174
T24
0.19484186172485352, 28.55379572230294
T25
0.19463396072387695, 43.27104760522563
T26
0.19496417045593262, 48.481904560858226
T27
0.19458532333374023, 36.79209520179148
T28
0.19498085975646973, 94.13683778311768
4.296799659729004, 94.04704483565764
6.347729206085205, 83.10134895418742
T29
0.19480443000793457, 72.72466322566919
28.907856225967407, 32.12013583136838
T30
0.1951131820678711, 46.42074840002175
T31
0.1948549747467041, 80.20223783366676
10.484126091003418, 65.36714807457673
T32
0.19556665420532227, 55.26023464566433
22.755270957946777, 41.78066089082205
T33
0.1947939395904541, 44.053111534994116
T34
0.19494271278381348, 122.48047522605951
2.245897054672241, 110.04323034122294
4.296823501586914, 101.30695593388495
6.347733020782471, 94.72060273312842
10.449604272842407, 76.36153610688054
14.551508903503418, 48.575727149396315
20.704413652420044, 45.02403951944312
T35
0.1949634552001953, 52.42757217198029
T36
0.1945960521697998, 98.39054321289096
2.2455801963806152, 86.43254111464778
8.39822268486023, 73.8924965321763
T37
0.19479823112487793, 72.8870971835674
T38
0.19436287879943848, 84.54580570540696
18.652575254440308, 81.9522743637774
T39
0.19491004943847656, 74.25423663007146
T40
0.19460701942443848, 85.26785684095526
4.296517610549927, 78.51285765454884
24.805187225341797, 56.403516863150465
T41
0.19499540328979492, 92.79526973344252
8.398549318313599, 82.1883188917994
10.449500799179077, 78.87180966274965
18.653122901916504, 58.03743048691438
T42
0.1949472427368164, 109.7245586827469
4.296653747558594, 83.11915944164076
12.499945402145386, 78.19348693771249
14.550772666931152, 61.2399374053688
T43
0.1989898681640625, 68.24367934457975
T44
0.19524025917053223, 27.17327952485803
T45
0.19479036331176758, 62.61656152350534
T46
0.19445586204528809, 64.50424460722655