T0
0.7878758907318115, 33.06730354931294
19.2506422996521, 30.208081945552305
21.30197238922119, 24.52262207005398
T1
0.7765636444091797, 47.031501619256
2.8279008865356445, 44.870696803528084
6.931469440460205, 39.83785538311059
19.238925457000732, 29.759947353898067
T2
0.4961433410644531, 39.3340897143816
T3
0.7757978439331055, 38.22338468992574
13.083077907562256, 35.05128473303792
T4
0.19531655311584473, 48.71810304105118
8.400383710861206, 41.02751495261966
T5
0.19573450088500977, 52.58299361367235
4.298614501953125, 51.7270992845098
14.55521845817566, 46.059090693616994
28.915086030960083, 37.00714532260009
T6
11.393712043762207, 114.67501663711775
13.44491720199585, 106.55511079287879
15.49617886543274, 59.41217856801603
17.547486305236816, 49.513546947159554
25.75382351875305, 47.5102267200208
T7
5.812967538833618, 93.75488801454657
7.864282608032227, 92.35942273692339
9.915642976760864, 61.321254344408175
14.018462181091309, 55.286312576586816
16.069904565811157, 52.654371501468574
20.173065662384033, 44.44676887676907
26.327462196350098, 39.942071810422576
T8
6.691367149353027, 129.86929021447352
8.74272084236145, 80.86859441321522
12.845783948898315, 53.09075976145781
T9
1.180523157119751, 137.67480352288123
3.231740951538086, 73.28378621592472
5.283348321914673, 64.94621703593914
7.334874629974365, 54.968899267916086
T10
23.479636669158936, 74.03794021854922
T11
3.454819679260254, 77.4218287447176
5.50606894493103, 71.96422025106165
7.557768106460571, 70.75652053789537
9.609178066253662, 57.2272891827163
15.76369571685791, 45.47587611876648
T12
0.19536519050598145, 64.70543010337867
2.246936321258545, 49.61746097171175
4.298349857330322, 48.73470740188789
6.349743843078613, 42.18643500848869
12.504098892211914, 40.43124789656481
16.607067346572876, 37.82778359593048
26.86489772796631, 36.37507553245577
T13
0.4980194568634033, 41.738260341998
8.702653408050537, 26.48906405950893
10.754180192947388, 24.71482153546592
T14
0.5033001899719238, 28.035484618805135
T15
0.5053515434265137, 48.892119204908255
T16
0.1951742172241211, 45.07190689452737
T17
0.3407471179962158, 14.588726648279026
T18
0.1958303451538086, 48.61487616531083
2.2473886013031006, 46.39149475214256
6.350372076034546, 40.376375149478875
20.710614442825317, 29.28075644621176
26.8643856048584, 28.906096403507846
T19
0.19518017768859863, 36.3942847206235
4.297771453857422, 33.2422902782385
8.400243282318115, 31.82041130259931
T20
0.19507718086242676, 23.208920523922185
T21
0.19524860382080078, 43.42958600490684
T22
1.4022161960601807, 58.732436178098894
3.4534220695495605, 54.93366585093396
7.555651664733887, 52.73612333368814
13.708975076675415, 47.399103790690674
15.760281085968018, 44.368331456375316
19.863063097000122, 31.321788802105488
T23
0.19532108306884766, 28.998451861491105
T24
0.19509315490722656, 50.05224051163674
12.50296688079834, 48.21025877474361
14.554300546646118, 36.83429462722292
16.60571837425232, 36.301768504987805
T25
0.19539451599121094, 45.21612835470812
2.2468254566192627, 36.8774387831925
T26
0.1954052448272705, 43.50268515580888
20.708856105804443, 34.735831823577755
T27
0.1957404613494873, 38.07726304702409
2.2470180988311768, 30.687745100300855
T28
0.1962118148803711, 33.10513635867996
22.7610764503479, 31.181184078649437
T29
0.19538235664367676, 62.59606726177999
8.401787519454956, 59.75445982268895
24.81398296356201, 55.9367099363098
T30
0.19580793380737305, 53.89884779561545
6.3494789600372314, 50.840032771105065
8.400661945343018, 48.66626701738441
T31
0.1972806453704834, 36.70715302663275
26.86503291130066, 32.14241391931779
28.916391849517822, 17.545041599536994
T32
0.1953721046447754, 41.49080556683598
2.2467381954193115, 41.42128822085505
6.349724531173706, 40.18174214248366
8.401039838790894, 39.40697516869092
T33
0.19570636749267578, 39.42854749093911
T34
0.19560861587524414, 33.49119957308221
T35
0.19583559036254883, 57.02098779901716
2.2472288608551025, 55.2030736588507
4.298676490783691, 53.014329307925436
6.350111246109009, 47.18531036578254
10.453108787536621, 42.671769022286256
12.504540205001831, 40.97334330385566
T36
0.19588732719421387, 57.75350921332816
4.298804044723511, 48.32565751762044
10.453306436538696, 46.27863389593203
20.71060013771057, 43.667226008494325
T37
0.19601011276245117, 29.07277222237805
T38
0.1951427459716797, 48.93377986891868
12.503320932388306, 48.859407861855935
18.657164812088013, 46.713044801074275
24.810914278030396, 41.94570837724136
T39
0.19522595405578613, 29.38957706697203
2.2466917037963867, 27.28427620619776
T40
0.19522428512573242, 48.002319478835446
8.399673700332642, 43.70512725994998
T41
0.1945183277130127, 48.29738294120111
T42
0.1951601505279541, 35.323232458049894
4.297865867614746, 34.30591291663781
6.349206447601318, 24.561555125890706
16.60547375679016, 23.196935556322906