T0
0.7870681285858154, 79.49262857658107
2.838442087173462, 68.255429831423
11.04386591911316, 44.610985161869166
21.301249980926514, 42.36545702498839
T1
3.7779617309570312, 45.266920270600345
T2
0.5220334529876709, 53.33033817468639
6.67584753036499, 47.893892004510946
12.829620599746704, 39.8294988510396
T3
3.2568702697753906, 46.07735896782567
9.408814907073975, 45.90988193294772
17.61332130432129, 45.755806769795655
T4
0.48503589630126953, 67.5167950887758
2.536374568939209, 65.68848027447046
6.639103889465332, 58.01930175321857
27.15272307395935, 36.40804091155214
29.204070329666138, 34.430939031696425
T5
0.19501590728759766, 68.53024671028092
2.2463598251342773, 65.66047327548132
14.554398536682129, 62.57232505414566
24.81108832359314, 61.32457586020552
30.964786767959595, 61.22104206962283
T6
4.361959934234619, 104.00879694584441
8.464375257492065, 65.34080413183294
14.618884801864624, 58.63603902595711
T7
5.9112749099731445, 72.39881419499682
10.013517618179321, 72.12876128845552
12.064749717712402, 64.30235729430918
16.1671621799469, 54.62000569933723
T8
7.39883828163147, 46.71257968400674
T9
2.804424524307251, 86.08423638957187
6.906766653060913, 79.0702152845317
8.958062648773193, 78.31008071387373
11.009247303009033, 52.66375781720333
31.52314043045044, 50.72012051022685
T10
4.211936950683594, 110.5538465602468
6.263115406036377, 91.27228457049341
8.314493417739868, 78.77742678921194
16.520554304122925, 78.40355963154403
22.674728870391846, 73.30820502360766
T11
2.280421018600464, 62.56168590608381
24.842570543289185, 52.31824093884038
T12
5.278897047042847, 81.17031878442643
9.381223201751709, 65.39363255600176
11.43240761756897, 57.12230257041224
19.638877630233765, 54.2533775061502
25.793195486068726, 52.31519531101503
T13
0.19508934020996094, 50.815737085324855
2.2462687492370605, 49.69947741224296
6.348523378372192, 42.41831615413422
10.451130390167236, 41.925339124419764
28.912256240844727, 39.41761266026195
T14
0.1953277587890625, 42.80843021051626
4.297980546951294, 41.548212181118515
8.400916814804077, 38.044607917461725
10.45227599143982, 36.19591124605738
20.70829939842224, 31.950385746173126
22.759496688842773, 31.78747076391104
24.810763359069824, 27.895851127705868
T15
0.19473600387573242, 47.73388330191364
2.245997905731201, 46.477444991053865
4.29742169380188, 43.263415234741224
6.348697185516357, 40.570742935963395
T16
3.388673782348633, 98.05599041667949
5.439837694168091, 76.5892112967208
7.49104642868042, 72.5936654292799
9.542398929595947, 55.102880931991
T17
0.19475364685058594, 13.979270327995538
T18
0.1963481903076172, 53.60875065038507
2.248079776763916, 37.89750094221048
18.66004991531372, 35.91014177149912
T19
5.14350962638855, 77.23617768965252
7.194680213928223, 61.26484172261127
9.24595856666565, 52.72990864473185
13.348721265792847, 50.93863742512835
T20
6.028256177902222, 93.23366847399433
8.079665422439575, 93.16738673494955
10.13088870048523, 56.801061401735524
16.285322189331055, 41.37150624645808
26.554221630096436, 35.58774847909113
T21
0.6309483051300049, 45.34931518345721
2.682079553604126, 38.50932039135073
4.733160018920898, 31.978830352448412
12.93746280670166, 31.73664232908569
14.988670825958252, 19.148911453386635
T22
3.5879883766174316, 108.19695663195473
5.639443397521973, 68.63242530552223
7.690821647644043, 62.55140618319905
11.793827056884766, 61.19253999423711
T23
1.7545173168182373, 65.32428001523007
3.8089988231658936, 55.97704175232339
7.911666631698608, 36.0327997709053
16.117424488067627, 32.63204467626229
T24
0.19441747665405273, 69.08246368839436
2.2459211349487305, 61.56782724823922
4.297323942184448, 28.973167574266704
T25
2.8999269008636475, 86.76803801113402
4.951087713241577, 66.52498453264448
9.053500175476074, 55.887006083147774
13.155945539474487, 54.52956393530849
23.41244101524353, 51.3542703314169
25.463719606399536, 49.64345511718294
29.566343307495117, 46.88495076136578
T26
0.3402266502380371, 98.12267030773339
2.3915445804595947, 45.792759451370884
T27
2.856041193008423, 89.66680204436041
4.907424211502075, 60.56230417105925
6.958932399749756, 57.620892824017126
9.010401487350464, 36.58017970262354
T28
7.513301134109497, 67.84113954576026
11.615776538848877, 53.31196074888925
13.667003393173218, 51.481822344783716
15.718305110931396, 45.21454892118941
17.769784927368164, 40.19534375702499
21.872844219207764, 36.101856839359655