T0
0.785470724105835, 37.39692420761675
T1
0.795698881149292, 30.56690903235758
T2
0.5374181270599365, 41.88740474969321
2.5884158611297607, 36.1731608649692
12.843334913253784, 30.807285678052448
T3
0.19498562812805176, 29.860625509305454
T4
0.19631123542785645, 41.114306970471944
4.29844856262207, 40.711858293228254
10.451323747634888, 40.24575170093105
T5
0.776017427444458, 18.893997816683168
T6
0.4843153953552246, 28.16966639994044
T7
0.19558405876159668, 40.61013140054434
2.246515989303589, 18.74053925531882
T8
0.19465088844299316, 23.113230118035965
26.854506969451904, 18.833399148224057
T9
0.1955115795135498, 38.08723402303558
4.297579288482666, 16.31764009737951