T0
7.381488084793091, 155.31034074599341
9.432454824447632, 90.81470400054175
T1
1.6414883136749268, 59.66694959281784
T2
1.8506252765655518, 85.91830777506364
8.003132104873657, 63.371424197640046
T3
1.8411133289337158, 72.3636744652248
T4
15.783949136734009, 138.5850405609345
17.834994316101074, 135.81897279885857
19.886203289031982, 43.25197889938838
T5
2.662644624710083, 97.03776965703128
4.7135910987854, 88.193328840337
6.76449179649353, 40.85413146152432
T6
0.8266696929931641, 57.07855769380642
T7
1.16560697555542, 94.35956773488131
5.267897844314575, 83.93040296515582
23.728623867034912, 83.4381965997024
31.933724403381348, 80.311546540227
38.08757925033569, 76.64486119810918
42.19040322303772, 72.52617070307417
T8
2.8085973262786865, 75.02083673445999
4.85961651802063, 65.52177325256747
T9
3.6323230266571045, 111.01486315673462
7.734249591827393, 107.12432998345125
11.836222648620605, 91.99453801072272
17.989489316940308, 90.30862734134668
20.0405912399292, 79.67303524762647
28.245182752609253, 75.13574816002189
32.34758234024048, 56.340581889801705
T10
7.7007269859313965, 107.21591139714835
24.10878825187683, 79.22994126573604
36.41588473320007, 77.1978336266792
40.518486738204956, 63.815885871074194
54.8770809173584, 63.39386825723567
T11
2.713153839111328, 80.07473526827656
6.81511378288269, 59.160434890277116
15.019346714019775, 52.893000378101675
41.685487031936646, 42.89032956064935
T12
2.7116200923919678, 122.15529924648908
6.813436031341553, 101.99030770161535
8.864524126052856, 91.72439592950938
10.915476083755493, 63.327333892122454
T13
1.5505061149597168, 100.12833638311545
36.41752028465271, 88.37755543638627
42.57068705558777, 64.94473776668438
T14
4.4031617641448975, 166.7572156033376
8.505236387252808, 90.45440648900689
10.556326150894165, 77.5957951143189
20.811518669128418, 67.9813558717947
61.83533596992493, 65.1566362572632
T15
2.148592472076416, 122.67215443701056
4.199654817581177, 118.64367300093579
6.250598907470703, 115.96552956374117
8.301644086837769, 77.5375227370084
30.863494157791138, 50.397532887886896
41.11956977844238, 39.31861190660163
T16
4.501220703125, 59.97588383439807
10.654175043106079, 57.3006401350364
T17
4.067255258560181, 93.44937924202033
16.37263250350952, 57.08529029963574
T18
4.1142096519470215, 78.78303540873543
18.472089052200317, 31.865284847949177
T19
4.259284734725952, 79.01372910829204
32.972906827926636, 78.87678601254379
T20
1.2596461772918701, 50.16167063352182
11.514509439468384, 27.779339587335592
T21
2.1328542232513428, 147.15749121977223
4.1840500831604, 109.18278984770092
8.2860107421875, 97.41049269581762
28.797611713409424, 78.54167134831604
53.41291332244873, 78.29296184325204
59.566256523132324, 68.73713251978589
T22
8.934486865997314, 136.43048160363804
10.98535704612732, 128.87033768423447
13.036347389221191, 58.0044304004075
T23
3.2846803665161133, 120.07304396323114
5.3357253074646, 92.04425230680991
19.69266676902771, 77.98847340760881
42.313995599746704, 16.519015855977777
T24
6.026795148849487, 162.7561302755221
10.128763198852539, 156.16683539964436
12.179666519165039, 150.90510317756977
18.332451105117798, 68.8978284854038
44.99669909477234, 62.849275439170135
T25
6.203170299530029, 111.2843272556684
8.254047632217407, 78.14841183095123
18.509620666503906, 73.00793104067552
24.663326263427734, 72.06804350346617
T26
12.299818992614746, 38.93746414514807
T27
2.6161253452301025, 166.09230747799873
6.718259334564209, 62.61152488384612
T28
3.532383918762207, 138.8847471699373
5.583280801773071, 131.16956360525532
7.6342453956604, 95.5532905464169
26.09412431716919, 94.31253811731668
32.24912095069885, 81.60383369454611
40.45357632637024, 39.21328048871486
T29
1.7436587810516357, 125.66282744840251
5.845515012741089, 98.3776531363867
20.202638626098633, 92.45514784745987
24.305107593536377, 90.75269801231627