T0
2.329536199569702, 4040.316388043546
2.572209119796753, 3807.5309088221256
2.669588088989258, 3722.646722570935
2.7182717323303223, 3552.0275296009786
3.107797622680664, 3506.5973221440363
3.4970712661743164, 3341.2952714263374
3.643342971801758, 3323.5947386677144
3.740734577178955, 3183.235062558946
3.8867101669311523, 3136.6136423619755
3.935420513153076, 3098.27337075329
4.130117654800415, 3086.776496540522
4.178797483444214, 3076.2495161284023
4.373543739318848, 3007.6594157500804
4.42212438583374, 2974.9563015275635
4.47076678276062, 2949.931051118605
4.519401788711548, 2928.4332662673114
4.568021774291992, 2909.2580475511786
4.616746425628662, 2882.65610955561
5.054289817810059, 2748.463813273396
5.249325752258301, 2724.5054839065124
5.443952798843384, 2711.0654478740325
5.834063529968262, 2669.689822186134
5.979841947555542, 2587.3524542926752
6.660883903503418, 2583.210222581911
6.855143785476685, 2573.6409278750216
T1
2.6690127849578857, 3490.1001595852285
2.960975170135498, 3235.193235229308
3.009751319885254, 3161.214942098275
3.1073763370513916, 2996.394566612842
3.302175760269165, 2970.117689595645
3.448547601699829, 2899.938531968204
3.4972620010375977, 2883.075495591489
3.59462833404541, 2835.7086475150427
3.7892544269561768, 2833.6967741461704
3.838010787963867, 2829.695859966567
3.886705160140991, 2813.619365448001
3.983964681625366, 2809.4954246008565
4.179174900054932, 2787.701482837656
4.2278265953063965, 2747.9094517726626
4.276495933532715, 2726.395157588704
5.007491827011108, 2705.869178709472
6.081442594528198, 2666.359183789318
T2
2.4292685985565186, 4018.122964299968
2.5749359130859375, 3733.367753523955
2.6235663890838623, 3712.2537976794993
2.769604444503784, 3611.2112315795093
2.818202018737793, 3495.0220004912553
2.964090347290039, 3401.937677496724
3.0616185665130615, 3380.6171615645144
3.1103506088256836, 3365.9712356137898
3.2076632976531982, 3243.747371881909
4.034560918807983, 3128.976027560726
4.083411455154419, 3124.6518638887355
4.180919408798218, 3090.387097732164
4.229715824127197, 2943.2659170891275
4.3270063400268555, 2910.9201732179936
4.424067497253418, 2876.8637435190903
4.56975531578064, 2802.2148361265135
4.71556544303894, 2793.758516999267
4.76422905921936, 2783.807376536861
5.056161880493164, 2760.942328991092
5.20206618309021, 2729.9688417163707
5.3477466106414795, 2720.1959508491127
5.638882875442505, 2714.7418878604367
6.075906038284302, 2675.769850054843
9.866758346557617, 2675.4344347010046
T3
2.3755133152008057, 3918.7519303871086
2.618163824081421, 3695.6872253357724
2.6667678356170654, 3468.696775844335
3.056090831756592, 3367.0679846137937
3.347888469696045, 3304.7409966763225
3.9799180030822754, 3294.2933861937054
4.028656721115112, 3214.90454701845
4.17447566986084, 3195.726502768797
4.3203442096710205, 3104.6473085024772
4.56353497505188, 3095.9395921448886
4.612130880355835, 3035.519884208101
4.855392217636108, 3006.797893394163
5.050080299377441, 2963.505135786807
5.098674058914185, 2961.8050856595364
5.2930121421813965, 2938.430111484704
5.34154200553894, 2923.852262814631
5.438895225524902, 2887.003690690297
5.778555631637573, 2885.309974675547
5.924443960189819, 2881.0157996862254
5.972979307174683, 2879.930061277948
6.021621227264404, 2868.7094197768456
6.118923902511597, 2838.0164514377248
6.21619439125061, 2802.566033973766
6.264824867248535, 2769.660743867513
6.3133227825164795, 2755.08289519744
6.410741806030273, 2748.074282507543
6.4592509269714355, 2716.5402113591117
6.556423902511597, 2670.290601116343
6.7999796867370605, 2664.05084249044
15.015206813812256, 2661.4984741786466
T4
2.1845672130584717, 3572.8776403096417
2.2331748008728027, 3476.3005496940605
2.3793015480041504, 3337.76554103558
2.428013324737549, 3232.476049967023
2.5741117000579834, 3201.7422656716517
2.6227898597717285, 3183.394090607224
2.7201075553894043, 3045.273219527211
2.8662962913513184, 3012.1875960658363
2.915168523788452, 2961.7847547010024
2.964125394821167, 2847.865248375834
3.012746810913086, 2795.79976071103
3.158688545227051, 2765.107686488467
3.2075130939483643, 2758.6795216819883
3.2563540935516357, 2694.6725998222246
3.3050827980041504, 2669.897554182622
3.402367353439331, 2657.735561513313
3.4995028972625732, 2614.7281280545576
3.6452784538269043, 2612.8674128324783
4.082916021347046, 2609.3571815100877
4.131509780883789, 2607.8566604181688
5.251348972320557, 2585.2788999351033
T5
2.279358148574829, 4149.405316247037
2.4734787940979004, 3979.112331632001
2.5222673416137695, 3861.88586177415
2.619642734527588, 3600.4426936068194
2.717055320739746, 3541.971312084075
2.814466953277588, 3426.873679032564
3.1550354957580566, 3371.0994881137885
3.252336025238037, 3234.900247418249
3.3497045040130615, 3219.2279125411296
3.3984057903289795, 3167.1461976098362
3.447145938873291, 3131.924462291354
3.7391202449798584, 3076.9782950538356
3.9337356090545654, 3062.6734166623355
3.9824295043945312, 2959.444385661438
4.1284801959991455, 2926.6383362964116
4.177141904830933, 2913.4413301433087
4.274556398391724, 2897.887796543
4.323247194290161, 2873.116413099284
4.566401720046997, 2821.390000533167
4.6150946617126465, 2815.2218363620195
4.76088547706604, 2809.528244772504
4.906813621520996, 2809.393428013922
4.955494165420532, 2791.9308241213294
5.053314447402954, 2759.484702968897
5.102057456970215, 2750.1083247669594
5.150731325149536, 2713.5485860361805
5.247988939285278, 2698.4946759134036
5.29658842086792, 2687.6072481185256
5.540176153182983, 2671.525639228945
5.783644437789917, 2635.906060136869
6.417912721633911, 2629.2776871106034
T6
2.079852342605591, 3916.8746299341437
2.225308656692505, 3846.966038459068
2.273948907852173, 3654.587899981212
2.3226587772369385, 3585.178558709522
2.371241807937622, 3558.1052561049582
2.4198126792907715, 3464.7086081883026
2.5169970989227295, 3317.2085554626683
3.1489312648773193, 3124.9351284729055
3.2461416721343994, 2995.655774367391
3.489130735397339, 2978.798580981005
3.5864593982696533, 2943.1312256788515
3.6350786685943604, 2938.018338561975
3.6837213039398193, 2904.736077653244
3.7808520793914795, 2855.507591072339
3.926551342010498, 2835.833827955037
4.072741985321045, 2770.6496072524315
4.121329307556152, 2762.9979665587016
4.169932126998901, 2738.5257101181633
4.218528985977173, 2735.103237810108
4.26714563369751, 2726.9913268730743
4.461347341537476, 2654.729000201871
9.379601001739502, 2646.2249112699355
T7
2.5650782585144043, 3598.749387097414
2.7104861736297607, 3540.475501188994
2.8076565265655518, 3480.6459116139886
2.856274127960205, 3338.179057506626
3.0996298789978027, 3315.2567522054014
3.1482033729553223, 3260.9503762575623
3.24540376663208, 3243.0269043023145
3.536853075027466, 3209.478597690162
3.6340994834899902, 3128.6277604340867
3.877140522003174, 3031.467330044208
4.168760061264038, 3023.267659984718
4.266056060791016, 2963.4179261107056
4.314647674560547, 2925.100364469792
4.460466623306274, 2918.7553489079874
4.509099245071411, 2914.2319401999994
4.557706832885742, 2908.2219996938948
4.606289386749268, 2899.034394592367
4.6548566818237305, 2852.4213466058136
4.703490495681763, 2823.583574987555
4.7521185874938965, 2789.0550798637123
4.800731658935547, 2767.677841896977
4.898423194885254, 2711.436051194847
5.286809682846069, 2702.5161743060453
5.383928298950195, 2701.740855634256
5.578177213668823, 2691.8765213915613
5.772912263870239, 2666.820631551571
6.746300935745239, 2636.965677779255
T8
2.627131938934326, 3639.305532321596
2.821604013442993, 3552.9852053124487
2.870286226272583, 3467.9263369480323
2.96781849861145, 3420.2606524148287
3.0653791427612305, 3306.634556204561
3.308729410171509, 3191.0873209519777
3.4062132835388184, 3150.3055556580657
3.454859495162964, 3147.2175880597497
3.5035433769226074, 3085.292408922338
3.698139190673828, 3034.4891182910214
3.746819496154785, 2993.8865504301357
3.7954649925231934, 2955.8817435832025
3.893150806427002, 2934.9532677702955
4.087912321090698, 2925.8866490096407
4.233977794647217, 2889.644091819311
4.282613277435303, 2874.1852969675383
4.526071786880493, 2857.4819550507527
4.720775842666626, 2835.4602776680113
4.769400596618652, 2804.3101754061645
4.866858720779419, 2800.302990160475
4.9643824100494385, 2759.4285914668726
5.353746175765991, 2748.1089708080253
5.499929666519165, 2734.0777886414435
5.597308874130249, 2700.865362361539
5.694660186767578, 2682.434285776282
5.743560314178467, 2658.939506049006
6.620475769042969, 2645.8706132337684
8.813781499862671, 2632.2315035296197
8.862651348114014, 2614.0049362384016
9.64211106300354, 2599.197208745929
T9
1.5512197017669678, 3602.410630103346
1.5998177528381348, 3491.870491653215
1.6484782695770264, 3446.686829825063
1.6971123218536377, 3302.043129652331
1.8431329727172852, 3254.7885062580463
1.9890873432159424, 3253.678304822708
2.0377566814422607, 3226.0021089271904
2.183749198913574, 3178.8535174167337
2.232480525970459, 3162.19227651901
2.2811272144317627, 3091.384674428831
2.329796075820923, 3084.6432344799396
2.3784995079040527, 3030.515438974864
2.427271842956543, 3006.623183621108
2.573249340057373, 2936.843138430253
2.621999502182007, 2895.0000722349796
2.670630693435669, 2770.293922383673
2.9627130031585693, 2758.3835660255427
3.254359006881714, 2751.470743706741
3.4487335681915283, 2744.6250827422627
3.643799304962158, 2735.7929989153054
3.7895967960357666, 2734.595914334961
3.8867621421813965, 2716.8675959569227
5.833622932434082, 2716.5212610979506
5.8823277950286865, 2702.911881194479
8.858604192733765, 2701.0393891163258
13.385959386825562, 2687.929314291803
13.483487844467163, 2683.752599235231
T10
2.327805519104004, 3954.876285468461
2.3764045238494873, 3522.981829476368
2.522597312927246, 3458.4748430207983
2.571290969848633, 3450.9593450529064
2.6199769973754883, 3365.8135835131543
2.8631296157836914, 3362.541474484853
3.0095314979553223, 3283.053071239963
3.4477787017822266, 3282.569912822044
3.59367036819458, 3213.3119680594245
3.6422948837280273, 3036.0160603131517
3.8855226039886475, 2943.867244141933
4.08029842376709, 2935.3530493452417
4.1289637088775635, 2924.8948683304334
4.1778340339660645, 2857.277658426712
4.274965047836304, 2825.4151589341927
4.372262001037598, 2825.222446337153
4.469373941421509, 2746.618970548676
4.906802177429199, 2724.863193984129
4.955529689788818, 2723.593670507602
5.150455713272095, 2713.440894225161
5.393539190292358, 2712.314689091785
5.561291933059692, 2682.433247485329
6.146244525909424, 2674.7437159710826
7.705338478088379, 2656.5169917078456
8.922797918319702, 2638.354029598224
9.507176160812378, 2632.985629785646
9.604370594024658, 2620.9870966406743
T11
2.374208927154541, 4105.521059183171
2.568524122238159, 3556.1098343462654
2.714524745941162, 3539.0797761265276
2.8117477893829346, 3337.854016533165
2.8604345321655273, 3319.362425536121
2.9577784538269043, 3263.005021321471
3.7842819690704346, 3262.8737676779856
3.832979440689087, 3147.278329536086
3.9303061962127686, 3103.6676000831358
4.125397682189941, 3068.1442947862233
4.368596076965332, 3025.6666284834064
4.4659740924835205, 3008.8759044551116
4.61192774772644, 2969.1401119865623
4.709144830703735, 2938.712857377701
4.7577574253082275, 2919.473819260573
4.896520376205444, 2872.6752382586565
4.945275068283081, 2830.5440262114134
4.994173526763916, 2830.1157292481366
5.140286207199097, 2801.630862893988
5.188918590545654, 2800.8335591904324
5.237519264221191, 2767.0539425753086
5.286174058914185, 2744.726365829876
5.5293731689453125, 2727.5584859284863
5.919387340545654, 2717.7160479619924
6.065329551696777, 2673.9842726214265
6.114048004150391, 2657.8589711325913
6.211273908615112, 2602.8471951056417
T12
2.1894288063049316, 3954.72244150388
2.4319493770599365, 3562.293287035165
2.529219388961792, 3550.6522338922223
2.5778536796569824, 3480.5736934993474
2.675241708755493, 3474.418503841778
2.772613763809204, 3450.572179863477
3.0161778926849365, 3391.4146809793165
3.4539644718170166, 3103.7938410030474
3.843266010284424, 3022.999795513155
3.989614248275757, 2970.399057159404
4.087127923965454, 2948.310869912879
4.184412956237793, 2906.152219871641
4.23311972618103, 2878.950548640976
4.52476167678833, 2859.864731310867
4.8549957275390625, 2854.329908804066
4.952493667602539, 2848.4376107985445
5.001092195510864, 2770.4994466524076
5.390052318572998, 2762.264102985122
7.970142364501953, 2754.904647448726
13.229514122009277, 2739.7562635725626
T13
2.180894374847412, 3609.156219262586
2.4234368801116943, 3594.636225429247
2.4720449447631836, 3561.734091783306
2.520855188369751, 3535.9000975150993
2.6181797981262207, 3370.433704154013
2.666804313659668, 3351.809169703047
2.7154576778411865, 3308.0251209810085
2.812826633453369, 3204.40585857947
2.861453056335449, 3188.368377569146
3.0567336082458496, 3115.670349543798
3.2062926292419434, 3083.409988356434
3.3037056922912598, 2983.9991806745675
3.4497716426849365, 2977.785538188633
3.547046661376953, 2971.8537766377995
3.6443276405334473, 2964.9754561814334
3.74184250831604, 2949.279830493746
3.79071044921875, 2944.873588284274
3.839622974395752, 2929.529056320709
3.8884313106536865, 2906.509798411382
4.034629583358765, 2870.7310601001955
4.083312273025513, 2867.5663709537184
4.27795934677124, 2864.0430112175673
4.326590299606323, 2810.0207954880025
4.42385196685791, 2797.4323554797447
4.521216154098511, 2769.248622456231
4.7160162925720215, 2758.177555407412
4.764616966247559, 2740.1753131021687
4.959349155426025, 2731.6088004032063
5.447248220443726, 2723.921634640021
5.544466733932495, 2712.59572775953
5.836975812911987, 2680.1078932593664
5.934230804443359, 2661.8937821121217
6.031919479370117, 2629.865340654447
6.12925124168396, 2618.7257524109737
7.346490383148193, 2606.684151496418
T14
1.8897705078125, 4225.611551885144
1.9385361671447754, 3855.6293311783666
2.0847132205963135, 3559.1201903038746
2.7175445556640625, 3515.5311592259386
3.1353113651275635, 3223.13396606264
3.184025526046753, 3211.7593835194275
3.2326464653015137, 3200.85981804521
3.3785040378570557, 3186.260268842205
3.4271981716156006, 3182.7070136594702
3.475924253463745, 3142.987494333007
3.524590015411377, 3128.6058800570463
3.5732762813568115, 3126.279758463992
3.6219305992126465, 3104.842493943768
3.670551300048828, 3072.6438990574243
3.7678275108337402, 3002.6509316093143
3.816453695297241, 2975.705311055761
3.8650572299957275, 2966.0976808511477
3.962301254272461, 2944.4839862739173
4.010941743850708, 2910.772300522134
4.156882047653198, 2875.218348916984
4.205644369125366, 2825.9708661273908
4.254314184188843, 2802.615752586309
4.351593255996704, 2775.2175520111923
4.643700361251831, 2743.3388930038054
T15
2.710165500640869, 3844.27438714834
2.9527242183685303, 3669.1531591202656
3.001394510269165, 3599.7132050360087
3.195833683013916, 3578.7761405264464
3.2931106090545654, 3556.518944658339
3.3417739868164062, 3511.3779376517778
3.3904895782470703, 3509.074968240602
3.828866481781006, 3455.31322927968
3.974933624267578, 3381.038444036196
4.023585081100464, 3285.8790474509733
4.1208274364471436, 3234.94007228766
4.412779808044434, 3097.1477792235964
4.510305404663086, 3066.3858108261484
4.656282901763916, 3020.1305218907655
4.704928874969482, 2971.728452922427
4.80228590965271, 2943.15490033236
4.85101318359375, 2888.6982619491755
4.899842977523804, 2877.8739684920874
4.99739408493042, 2864.3739841833594
5.0461461544036865, 2831.161256914289
5.143458843231201, 2817.690225755592
5.240721940994263, 2800.769802571973
5.2893640995025635, 2787.298771413276
5.484562873840332, 2779.1313522059063
5.533300399780273, 2748.73989786359
6.06889533996582, 2736.2236040902935
6.263403654098511, 2715.712501982707
T16
2.4594061374664307, 4068.4369109412073
2.5082485675811768, 3982.2247134380887
2.5571067333221436, 3810.942779797304
2.6059937477111816, 3535.8253349663137
3.482053518295288, 3512.832494646922
3.6281673908233643, 3346.854133754765
3.8716530799865723, 3035.0594573980925
4.115373134613037, 3007.25208238668
4.212668180465698, 2989.574119382625
4.358529567718506, 2886.4926119550946
4.504511833190918, 2807.107735398342
4.796527147293091, 2804.0436936175392
4.942973852157593, 2792.5858202277304
4.9916510581970215, 2766.100158452071
5.137791872024536, 2707.8593057347025
5.235099792480469, 2694.834472687682
5.576047897338867, 2681.2709674176003
5.624682188034058, 2649.452763936206
5.673641920089722, 2607.7838678030967
6.453273057937622, 2604.68606560801
7.867071151733398, 2579.256076599995
T17
2.785048723220825, 3392.4858591851225
3.0279581546783447, 3254.0985431516747
3.12518310546875, 3142.5661937951227
3.2223193645477295, 3075.393177074977
3.3678548336029053, 3001.7376155341335
3.6106252670288086, 2876.385135194956
3.7564094066619873, 2853.3583166705357
4.096350193023682, 2826.23689410917
4.145079612731934, 2792.954137978464
4.2908031940460205, 2766.0160524234816
4.388010501861572, 2737.9068012211355
4.485288381576538, 2714.462978098745
4.534100770950317, 2702.193921796992
4.728628158569336, 2701.4265829025535
4.92370343208313, 2683.1110319425497
5.701913356781006, 2681.8498507389595
6.188068866729736, 2660.6199718161224
6.285637378692627, 2654.9668503877765
6.3342509269714355, 2637.423441690291
6.528808116912842, 2629.6078295143234
T18
2.0341668128967285, 3706.659907498077
2.13122820854187, 3629.463937218883
2.179795026779175, 3615.3928560243075
2.2769315242767334, 3503.200047049977
2.3741464614868164, 3493.20708522918
2.422767400741577, 3324.0366641072324
2.6171975135803223, 3229.9126395591884
3.1043224334716797, 3001.6543204696936
3.2015182971954346, 2991.298097883133
3.298764944076538, 2971.361690337071
3.395977020263672, 2952.2624244519975
3.4448492527008057, 2940.161742302589
3.4935293197631836, 2914.6893293512985
3.5421652793884277, 2903.396873220132
3.6394078731536865, 2821.317386653929
3.6881327629089355, 2805.1176808827004
3.736928939819336, 2798.570088999957
3.931820869445801, 2751.7925691993732
3.980470657348633, 2744.4749998205225
4.36983060836792, 2742.970227771075
4.467148542404175, 2729.1443653908354
4.564429521560669, 2711.178242446418
10.321800708770752, 2672.9280902105093
10.516136169433594, 2670.960328810572
10.71101188659668, 2666.1867519063526
T19
2.182530641555786, 3746.2165799858776
2.3280744552612305, 3508.4742371254542
2.619818925857544, 3462.822681725578
2.6685328483581543, 3390.9020071063424
3.1555233001708984, 3337.6610215506953
3.252804756164551, 3069.677097454536
3.3503031730651855, 3022.7962399611424
3.5934855937957764, 3015.7774978251837
3.6906962394714355, 3003.269755933812
3.739302396774292, 2985.7290368044196
3.7879700660705566, 2980.692482983708
3.8367466926574707, 2975.9645766708127
3.885603189468384, 2924.370977821105
3.9343578815460205, 2901.3426012222335
4.0316550731658936, 2867.6948471800424
4.177914142608643, 2836.7699939054146
4.323801040649414, 2818.035056186098
4.372506380081177, 2786.9430158696196
4.421267986297607, 2729.4137842605705
4.518620014190674, 2726.032445685036
4.664455890655518, 2710.326139947065
4.810474634170532, 2708.108844344548
4.859177827835083, 2700.782441278221
5.102820634841919, 2692.6036588063
5.638041019439697, 2691.323686789925
6.076715707778931, 2683.607629343547
6.271610260009766, 2663.6312042068166
6.320265769958496, 2657.093923398861
6.660642147064209, 2651.639915246167
8.373513221740723, 2642.127648614769
8.665969610214233, 2633.0880739848944
8.812187433242798, 2619.9728200396203
9.007368564605713, 2614.168577305056
12.952951908111572, 2583.423492133428
13.050380945205688, 2579.982271233792
13.14764952659607, 2569.8461643754854
T20
1.6526968479156494, 3930.784525532232
1.7015485763549805, 3758.1312875623407
1.84822416305542, 3619.763898746445
2.092420816421509, 3530.2343746909464
2.239067792892456, 3435.5831838690065
2.532130002975464, 3326.5451924007793
2.580984354019165, 3260.3585523112415
2.629879951477051, 3205.2358148800704
2.7275876998901367, 3199.4798549572006
2.8253278732299805, 3061.4367752855906
2.9718761444091797, 3026.692138283004
3.0207338333129883, 2902.5879674504395
3.167267322540283, 2884.9755655540066
3.264784574508667, 2860.965391662554
3.459660291671753, 2832.1777914053528
3.5570523738861084, 2827.29005604994
3.6543006896972656, 2811.9417457134114
3.7514352798461914, 2789.809264391559
3.8000035285949707, 2777.32709794103
3.8485634326934814, 2729.311244105338
3.8971445560455322, 2695.6040629728523
4.0432891845703125, 2674.2614192060137
4.920171737670898, 2628.3457966487913
4.968876838684082, 2618.661425345068
5.066136598587036, 2603.518808352528
5.163267374038696, 2595.6312512557633
9.695521354675293, 2594.553765705001
14.156970262527466, 2592.2627412614675
T21
2.568570137023926, 4072.4582981765125
2.762669801712036, 3735.6970358201797
2.9084455966949463, 3583.468592139645
2.957076072692871, 3304.5864062214823
3.2485201358795166, 3292.612977099896
4.27000093460083, 3029.955422047613
4.318682670593262, 3022.837787038021
4.562018394470215, 2996.060651140142
4.707885503768921, 2977.420277820027
4.75656795501709, 2953.1085998218914
4.902906894683838, 2897.581190638608
5.048783540725708, 2759.14135584842
5.2918736934661865, 2731.655368455875
5.340489625930786, 2727.644597819555
5.437649488449097, 2717.9830890392914
5.486263751983643, 2713.9723184029863
5.826738595962524, 2700.3634332944057
6.312658786773682, 2679.3497833671427
6.798771619796753, 2676.3881183707563
6.8958823680877686, 2673.489926197217
7.333181142807007, 2653.288457415183
T22
2.618133306503296, 3896.513725260127
2.764129877090454, 3779.901464071183
2.8129682540893555, 3630.081354402486
2.8619284629821777, 3382.170903306236
2.959562301635742, 3235.9169937584084
3.544109582901001, 3077.4270397983782
3.787473440170288, 3046.2268785233027
3.8363001346588135, 3018.8230193662603
3.8851125240325928, 2927.7937712047424
4.03135871887207, 2922.4188802519784
4.0800395011901855, 2905.303180833711
4.5664637088775635, 2874.7346745776013
4.663758993148804, 2870.816106390921
5.004615783691406, 2857.583154531705
5.101834774017334, 2827.110341010208
5.1993608474731445, 2807.8222416769568
5.248226642608643, 2800.458091192151
5.29704213142395, 2785.6372405921284
5.589576482772827, 2768.0395020589785
5.6384499073028564, 2750.728127604234
6.223437786102295, 2737.5589221247355
8.561915874481201, 2726.7672843078326
T23
2.616265058517456, 3947.9434291969374
2.7133283615112305, 3722.472299897665
2.761929988861084, 3606.0315083106398
2.8106884956359863, 3562.6303816466097
2.85964298248291, 3514.0819441642525
2.908534526824951, 3417.324880602144
3.103274345397949, 3397.2545285672095
3.2491443157196045, 3368.8961320605304
3.3464126586914062, 3329.6534601699386
3.3950066566467285, 3237.6006618703686
3.492224931716919, 3200.6667076833546
3.5409090518951416, 2964.7038188552833
3.686925172805786, 2899.213642590723
3.7357728481292725, 2863.9091414251307
3.7845335006713867, 2816.220890866054
3.9304537773132324, 2807.5940264420788
3.9791078567504883, 2792.3291482086497
4.1735405921936035, 2776.859237271259
4.270829200744629, 2756.3683630756277
4.3681511878967285, 2745.949070156392
4.416800022125244, 2739.147835220341
4.95112419128418, 2739.068952203568
6.167788982391357, 2670.0803063001076
12.115622520446777, 2669.014792728951
12.16426682472229, 2638.9735942746775
T24
1.9452776908874512, 3854.4778297260054
1.994140386581421, 3637.3056485251727
2.0430684089660645, 3530.889387028612
2.0919158458709717, 3485.3710486480995
2.1896729469299316, 3460.655380404569
2.238558530807495, 3446.957541839991
2.287458896636963, 3396.1765241060057
2.629526376724243, 3242.44657644011
2.8738014698028564, 3050.4416267370398
3.0692059993743896, 3047.9298361810943
3.215768337249756, 2993.830873375089
3.3623573780059814, 2968.401278861973
3.4600605964660645, 2913.977782524249
3.557774782180786, 2895.2849800011754
3.655517578125, 2881.5941578552447
3.7043895721435547, 2842.988141661641
3.85083270072937, 2805.649565611806
4.046126842498779, 2799.1787399569293
4.192343235015869, 2794.3494154265063
4.532397985458374, 2752.5509695703367
4.6784608364105225, 2740.92332354674
4.824747323989868, 2727.23795155088
5.408442258834839, 2686.8226122764318
5.651441812515259, 2680.989175284907
T25
3.196019172668457, 3569.9760591935774
3.341491222381592, 3492.0167060461245
3.4386556148529053, 3336.2404872577317
3.535954475402832, 3270.009484582115
3.8276877403259277, 3168.9292100550956
4.557256698608398, 3152.3220683452673
4.849364757537842, 3073.2310833095253
4.898123264312744, 3034.4988371350482
4.946863174438477, 2970.6018270212808
5.190071105957031, 2904.7728236141556
5.238710403442383, 2877.987898518375
5.335987091064453, 2862.433406680095
5.433291673660278, 2853.7210743404576
5.481934070587158, 2803.6385260240786
6.454633951187134, 2794.649558985082
6.551950216293335, 2783.330248008293
6.649318218231201, 2782.677686282361
13.277611255645752, 2782.0743808776897
13.423646688461304, 2767.7054687477357
13.61860179901123, 2755.2459298698086
T26
2.6192641258239746, 4113.565583567237
2.6679940223693848, 4057.2928617664584
2.765486478805542, 3746.3417598371016
2.9608283042907715, 3653.181084087453
3.009765148162842, 3555.3248854017147
3.204469919204712, 3455.8594988164114
3.642674207687378, 3416.076836217442
3.6914782524108887, 3401.349235167887
3.8379688262939453, 3261.7700108633726
4.227855205535889, 3149.5500054577715
4.422763347625732, 3119.9220133174676
4.471641778945923, 3035.607302464894
4.520371913909912, 2978.845038102023
4.666438817977905, 2967.0493990421674
4.715260028839111, 2952.0461773033894
4.763926982879639, 2950.497039571259
4.812614917755127, 2936.787369675134
4.9585278034210205, 2880.079076209484
5.055807590484619, 2824.7480557812814
5.201643943786621, 2770.87363905253
5.299082517623901, 2705.7428670521476
5.591718435287476, 2690.3259552746167
5.640547275543213, 2640.2640299127233
5.689436912536621, 2626.8244380643446
5.738208770751953, 2577.477251729433
9.597861051559448, 2572.4537711861194
9.84145188331604, 2547.8514593626896
10.08508563041687, 2540.9754628497467
T27
2.0327260494232178, 3840.969883054393
2.129870891571045, 3673.8941176914814
2.227019786834717, 3630.7566384279053
2.2757010459899902, 3561.4876256741845
2.3242859840393066, 3517.976332262275
2.4216928482055664, 3477.4170968630933
2.4703004360198975, 3369.7353530434193
3.0539374351501465, 3069.7197369565984
3.2486274242401123, 3069.596013334798
3.2972779273986816, 3047.923738517842
3.3945324420928955, 3032.2915511771716
3.4432625770568848, 3007.470248161306
3.589081287384033, 2941.430139634598
3.637683868408203, 2909.7417437145778
3.7349343299865723, 2861.152762829326
3.8806564807891846, 2843.3118599255104
3.9292309284210205, 2814.8394051819923
4.026366949081421, 2811.997859531126
4.172192573547363, 2788.637747815126
4.31773042678833, 2787.086153729295
4.46350622177124, 2729.9281195327058
4.512108087539673, 2723.0503289536864
4.657878398895264, 2682.806381412549
5.04721736907959, 2627.2866575014195
T28
2.8626298904418945, 3791.37426193642
3.1548073291778564, 3588.4125784878415
3.3013832569122314, 3450.759125150187
3.399186134338379, 3398.4346195685357
3.448060989379883, 3380.9043280279875
3.5457117557525635, 3377.1781001455674
3.5947256088256836, 3310.444606464778
3.6435694694519043, 3258.4030323661864
4.082816123962402, 3167.941485906049
4.131667613983154, 3121.3849832666456
4.4735236167907715, 3088.7841167811566
4.66861367225647, 3037.320667821783
4.717315196990967, 3002.966665722386
4.912279367446899, 2973.3319356620777
4.960893869400024, 2913.7263265414513
5.009463787078857, 2904.9801407560735
5.203863620758057, 2861.6078323639085
5.252452611923218, 2840.4458618376084
5.349647045135498, 2830.313009696998
5.446847200393677, 2822.566986177597
5.592385292053223, 2807.248975722003
6.12660813331604, 2797.7690534721187
6.321123361587524, 2793.7811647390336
6.369693756103516, 2784.1459341919253
6.467046499252319, 2781.6675762985687
6.515815258026123, 2770.7251855463546
6.564404249191284, 2754.476174878815
6.661908388137817, 2733.8104557093175
8.133558511734009, 2733.36365761669
9.495211601257324, 2731.7501148579468
10.272448301315308, 2726.3150097422913
10.56394076347351, 2725.6905458997935
11.6815185546875, 2719.939358699674
11.778849840164185, 2684.2715992245066
11.827667474746704, 2673.214357608871
11.973626613616943, 2666.030475850741
12.070728063583374, 2664.985447115585
12.167949438095093, 2664.009305118874
T29
2.3709681034088135, 3610.973525087553
2.7109487056732178, 3560.6672459604742
2.759680986404419, 3466.846259192913
2.8568599224090576, 3453.5517728250416
2.905449151992798, 3421.598320398174
2.9540209770202637, 3415.3536107268737
3.0026934146881104, 3290.3680229723104
3.391282320022583, 3167.7601433525415
3.4399049282073975, 3161.1085159995855
3.4885401725769043, 3151.7172459915746
3.5371665954589844, 3093.3054396038497
3.731832504272461, 3047.046534548441
3.878204345703125, 3004.841571852332
3.9270379543304443, 2988.7732648480887
3.975808620452881, 2986.4088826926454
4.0245349407196045, 2980.835541811335
4.073366165161133, 2932.994419449431
4.122087240219116, 2923.316260283027
4.170705795288086, 2817.943222816626
4.219380617141724, 2787.5370976673294
4.268118381500244, 2781.6716343411535
4.316815137863159, 2777.4950718675536
4.754702806472778, 2756.112172056208
4.851948499679565, 2727.456789144402
4.949314594268799, 2706.0738893330563
5.143863201141357, 2705.7524675103487
5.192534685134888, 2699.8294931144483
5.48402214050293, 2682.2178385225416
5.9223878383636475, 2663.2629486839724
11.693419218063354, 2662.689745758864
T30
1.7949368953704834, 3688.551045945831
2.0861308574676514, 3473.7706734664534
2.134850263595581, 3442.502272046331
2.183553457260132, 3285.8336070824153
2.2324328422546387, 3256.756647882983
2.2811508178710938, 3219.2888728639664
2.3298041820526123, 3183.0162072306994
2.378530263900757, 3166.8121071790083
2.42718768119812, 3095.3948134087404
2.47601318359375, 3065.0331159674097
2.5247442722320557, 3035.0900142463215
2.573333978652954, 3005.598460194771
3.012057304382324, 3004.3829235185403
3.1093242168426514, 2924.27342820981
3.20670223236084, 2896.609366533725
3.255486011505127, 2884.532826565628
3.3528265953063965, 2867.5163300536224
3.4015016555786133, 2864.8559273696737
3.5476512908935547, 2852.675167430556
3.6935184001922607, 2835.612853961982
3.9856371879577637, 2803.5338059988862
T31
2.527859926223755, 3988.1803394646267
2.57653546333313, 3946.211148179398
2.625281810760498, 3701.874185454639
2.771266222000122, 3642.9523223498836
2.868649959564209, 3544.835277094724
3.2103934288024902, 3436.0089477680594
3.648489236831665, 3275.7287385491945
3.7950241565704346, 3222.314022877661
3.8439033031463623, 3189.211259478703
3.892756938934326, 3175.619356049079
4.087764739990234, 3101.7518481381994
4.185214281082153, 3101.290036180595
4.233906030654907, 3076.6680093699106
4.331435918807983, 3066.7608349924267
4.477504730224609, 3040.432845540272
4.623596906661987, 2981.174827485942
4.672275543212891, 2971.2799603663007
4.7209107875823975, 2936.3803234701336
4.867007493972778, 2917.917811084044
5.256265163421631, 2905.8655454968975
5.305021286010742, 2885.089705004095
5.353920936584473, 2883.810524072818
5.402653455734253, 2862.2799226775824
5.451239109039307, 2859.1477602493396
6.211886882781982, 2843.142925418142
8.404767513275146, 2841.7179673653736
8.59929871559143, 2817.7862903119094
8.745375156402588, 2764.5515778783883
9.13509488105774, 2687.316355464791
T32
2.0323398113250732, 4457.229891437557
2.129418134689331, 4010.8493660255626
2.1781458854675293, 3842.1722588912526
2.226759195327759, 3643.566377387222
2.3726487159729004, 3550.6548254130175
2.518430709838867, 3514.6621275630314
2.9560344219207764, 3377.0655189224053
3.150724411010742, 3317.7895954833803
3.393842935562134, 3194.4444510801695
3.4910497665405273, 3161.739490085616
3.637176513671875, 3103.061353781246
3.831874370574951, 3044.819428374656
3.928990125656128, 3012.472011207152
4.074812650680542, 2979.6950197554834
4.123441696166992, 2906.052244241422
4.22067403793335, 2884.0887181390135
4.5609564781188965, 2877.207170765192
4.80431056022644, 2862.963607398764
4.999061107635498, 2816.239713037299
5.534381628036499, 2781.334963704023
6.266659259796143, 2779.0234408750985
6.608947992324829, 2761.498416888906
6.804296493530273, 2754.0624778886267
6.950791835784912, 2728.020655951492
7.097355127334595, 2703.690607159064
8.173108339309692, 2688.41011876642
8.222049713134766, 2668.845082797823
T33
2.812929391860962, 4095.6877643303887
2.9100165367126465, 3871.280099188356
2.9587247371673584, 3805.453526082638
3.007517099380493, 3599.799329257032
3.056206464767456, 3578.8459087122465
3.1055219173431396, 3555.823153949721
3.154186248779297, 3520.04810832144
3.4461233615875244, 3518.590560337383
3.4949281215667725, 3453.507858709083
3.738440990447998, 3426.0412763191416
3.8849124908447266, 3364.3325803000043
4.128662824630737, 3276.922739877773
4.177335023880005, 3141.261294265103
4.420746088027954, 3101.4792530697596
4.712850093841553, 3093.1647655919514
4.81005859375, 3083.656288916245
4.956277132034302, 2989.2905983838573
5.150897026062012, 2963.494332694914
5.345764636993408, 2903.5972158650984
5.588761329650879, 2897.4967854787246
5.637381076812744, 2872.282692508845
5.978354454040527, 2856.7633732475806
6.027048826217651, 2803.5445696617244
6.07573127746582, 2771.62393565441
6.319051265716553, 2745.7916680823255
6.611268997192383, 2733.9224216279254
6.708440542221069, 2713.2017134460766
6.757230281829834, 2700.5351878344227
6.854921102523804, 2677.99736243418
6.9035804271698, 2662.2848847344285
7.049679756164551, 2636.0642501299153
7.4875781536102295, 2614.3534437129856
9.045393228530884, 2608.3432867513184
12.675703763961792, 2606.5369786165393
T34
2.243838310241699, 3831.9590298192343
2.3409292697906494, 3795.94820472016
2.3895444869995117, 3749.309662737549
2.438180685043335, 3529.774030763918
2.4868955612182617, 3514.887667938179
2.632678508758545, 3494.4422516010964
2.8279101848602295, 3393.735481366384
2.876648187637329, 3386.3733596738894
3.1197431087493896, 3356.513422499789
3.2656936645507812, 3237.3062104266573
3.460252046585083, 3151.879567950775
3.508862257003784, 3143.553532927035
3.55747127532959, 3138.792032360623
3.6060900688171387, 3068.1416907646635
3.6546807289123535, 3063.0498890704184
3.8004472255706787, 2996.885017392735
3.84902024269104, 2941.614569644269
3.897589921951294, 2930.5067680670472
3.994744062423706, 2908.9979014506243
4.140471458435059, 2833.961327641431
4.189074277877808, 2812.895774432982
4.286293029785156, 2772.175256506205
4.480403184890747, 2746.5324523162853
4.86987042427063, 2736.9662192550604
5.015545129776001, 2727.8408998296654
5.0641725063323975, 2693.544882841583
5.3069891929626465, 2690.43219213908
T35
2.730868101119995, 3913.7970199695847
2.8766469955444336, 3774.70846621292
2.9255220890045166, 3774.4333746715856
2.9743261337280273, 3735.3378864791302
3.023258686065674, 3704.3270619039395
3.1206459999084473, 3554.262490158537
3.2665953636169434, 3466.939470210331
3.3152332305908203, 3462.6876106747513
3.704235553741455, 3357.0408641994436
3.7529845237731934, 3354.1607471332245
3.8018734455108643, 3096.021570863435
4.289270401000977, 2974.1765431651875
4.532954454421997, 2926.92657264274
4.6303019523620605, 2923.024697704561
4.776515007019043, 2870.7713490439346
4.825266122817993, 2833.481430588319
4.971307754516602, 2801.1747426189686
5.360726356506348, 2785.578942151551
5.506528377532959, 2775.6889625853655
5.652652025222778, 2757.239200940501
5.750060558319092, 2735.5726574366854
5.847289085388184, 2733.9829297517717
6.390999794006348, 2712.2819038727757
6.585930585861206, 2712.2082936265797
6.78030252456665, 2710.7543569200643
6.927528142929077, 2670.7867050860514
8.12541675567627, 2660.4429507655877
12.80865478515625, 2653.2664982040587
12.954997777938843, 2591.4240858191915
T36
2.373899221420288, 3930.376027509672
2.4709651470184326, 3888.658278117058
2.5195422172546387, 3814.754447145737
2.616576910018921, 3810.7236391743936
2.665220022201538, 3667.6131472053385
2.7139170169830322, 3653.7465963155264
2.762730360031128, 3396.843587744588
3.589315414428711, 3167.661931324852
3.978672742843628, 3029.4414569460205
4.02750301361084, 2998.893332436055
4.173825263977051, 2922.572445539772
4.222551584243774, 2875.943089676861
4.271283388137817, 2873.82226189028
4.466207504272461, 2839.3387585765595
4.514935493469238, 2831.8245669986063
4.661194086074829, 2829.017373039489
4.710030555725098, 2828.5056054162706
4.807287216186523, 2812.5147568122775
4.855903625488281, 2805.544399682898
4.9046173095703125, 2803.270362309442
5.050462007522583, 2772.888685995931
5.147600412368774, 2741.1867843102955
5.244987487792969, 2738.8210861183907
5.73180890083313, 2737.3332660904707
5.780479907989502, 2726.7432527797646
5.829154014587402, 2715.947835169063
5.926386833190918, 2706.034948333414
6.364364385604858, 2702.108482024254
9.39612102508545, 2701.241354211743
9.737595081329346, 2686.2603639966983
13.198455095291138, 2676.297394684909
T37
2.6151905059814453, 3618.3093977909302
2.663811206817627, 3609.9855693122518
2.7125649452209473, 3361.8509899640194
2.8611154556274414, 3344.802453507218
3.201784133911133, 3242.6407349212823
3.4450714588165283, 3167.3034139246156
3.5424277782440186, 3121.9406818377174
3.640136241912842, 3096.9967473305005
3.9322266578674316, 2866.3504522973235
4.029745817184448, 2859.5321033205255
4.1271679401397705, 2832.3709785115498
4.273148775100708, 2773.897374209497
4.370508670806885, 2738.4149721174035
4.759372234344482, 2727.4193175706314
4.807990789413452, 2719.212726576501
4.905366897583008, 2659.717987468408
5.002825975418091, 2654.046318449371
5.440460920333862, 2648.326719336328
T38
2.3753974437713623, 4427.1085090140405
2.618126153945923, 3904.724075054459
2.6668262481689453, 3765.4300954432692
2.7641379833221436, 3736.408749115886
2.812748432159424, 3664.5248883994936
2.9586031436920166, 3646.927553649919
3.2017383575439453, 3625.29861320692
3.2503883838653564, 3586.654102696906
3.639524459838867, 3350.101689264324
3.882589340209961, 3196.3521206093283
4.319933176040649, 3167.896969051755
4.514502286911011, 3101.0272523032036
4.612147092819214, 3054.84356758809
4.76571798324585, 2898.1322844938404
4.814326286315918, 2876.906040714879
4.911496639251709, 2873.5622301880067
5.008739948272705, 2712.6429704038455
5.105980634689331, 2684.831784830414
5.154561281204224, 2659.8307070593146
5.592522859573364, 2629.3580370238924
5.689812183380127, 2612.6310091781197
5.835563898086548, 2599.5310857341537
5.884130477905273, 2582.7901448537305
5.932717561721802, 2572.3917360597698
T39
1.9387786388397217, 3582.763915096817
2.1329944133758545, 3505.7531880571623
2.181670904159546, 3398.2333707333746
2.42497181892395, 3381.2167988542496
2.4736392498016357, 3351.479223850547
2.522355556488037, 3296.3434111382667
2.7660045623779297, 3263.085458013491
2.8147621154785156, 3246.2456116391695
2.960575819015503, 3183.982604524659
3.1492278575897217, 3174.7253623354045
3.1978354454040527, 3122.900579093126
3.2464325428009033, 3055.6646300958673
3.4414398670196533, 2965.426264390524
3.587573528289795, 2932.2657703486766
3.636319875717163, 2906.6582309803343
3.68518328666687, 2885.6393599976436
3.7340152263641357, 2872.9965717069135
3.7827534675598145, 2867.4227470706974
3.928539991378784, 2851.893919046808
3.9771652221679688, 2844.543711809776
4.12300181388855, 2789.3474523911573
4.4151225090026855, 2775.287349289836
4.463759422302246, 2725.212202526789
4.658397197723389, 2720.932306038536
4.804671764373779, 2623.157095857343
5.684321880340576, 2602.4444395921746
5.92858624458313, 2590.2923017297144
T40
1.8957467079162598, 3858.2631816620997
2.041909694671631, 3841.068473332969
2.090719699859619, 3799.6301370578003
2.1395456790924072, 3643.878055433728
2.1883599758148193, 3470.4340402445523
2.432631015777588, 3375.7555671444425
2.5304441452026367, 3366.6051836495462
2.7256743907928467, 3363.4134926843835
2.774510622024536, 3345.0975797182473
2.9696617126464844, 3320.251718468906
3.0672414302825928, 3282.2851127465256
3.116060495376587, 3185.3998214500316
3.262373447418213, 3145.7298670537857
3.3599934577941895, 3117.103529190572
3.4575483798980713, 3086.5511706943944
3.5551810264587402, 3057.9346676362184
3.604034900665283, 2960.3632014125615
3.7504734992980957, 2931.1532867289934
3.7993340492248535, 2911.4525881787267
3.945692300796509, 2908.120052791899
4.043401479721069, 2888.851380817752
4.092190504074097, 2838.602831119788
4.1411919593811035, 2833.542390480201
4.190038442611694, 2789.5186731155554
4.238870859146118, 2785.8699373218114
7.559847116470337, 2778.6448795010074
7.8039445877075195, 2777.7099954670703
8.097247838973999, 2776.953757710784
8.487501621246338, 2752.6018443398643
13.314902782440186, 2750.891739965853
T41
1.2249960899353027, 4132.929937229157
1.2737624645233154, 4120.718620971311
1.3713712692260742, 3736.232677236505
1.4202802181243896, 3724.021360978644
1.5181012153625488, 3619.8290799977694
1.5670018196105957, 3426.9573882510012
1.8113064765930176, 3322.319580302734
2.1532065868377686, 3157.1041905202146
2.2022035121917725, 3029.360119466859
2.3488123416900635, 3007.523114744894
2.446528673171997, 2992.025633108293
2.4954380989074707, 2986.3588027018413
2.6420326232910156, 2980.367731304461
2.6908750534057617, 2949.452285675361
2.7397804260253906, 2881.9045622379635
2.8374388217926025, 2857.652755035291
2.8862831592559814, 2822.8496742065036
2.9351274967193604, 2752.8753230175353
3.179253339767456, 2742.5550495896896
3.2769534587860107, 2676.9792692242045
3.3258438110351562, 2657.1715946742625
4.20527982711792, 2647.6885169493908
T42
1.697718858718872, 3917.630087219877
1.8434474468231201, 3749.9860344483313
1.8920676708221436, 3492.8406491851056
1.9407737255096436, 3309.5938095460006
2.233182668685913, 3198.237364997258
2.9640684127807617, 2999.558507504291
3.012906551361084, 2969.3516515708907
3.1105878353118896, 2942.338099320914
3.1593449115753174, 2887.7753070499457
3.207991361618042, 2849.348824198969
3.5002517700195312, 2738.6042270460894
3.6461946964263916, 2719.3033317619993
4.232049465179443, 2703.0362171858287
4.768917798995972, 2657.551221939866
4.8661370277404785, 2647.1498887217604
12.378936290740967, 2629.631493493056
12.653707265853882, 2617.107447582006
T43
1.5501055717468262, 3856.2871844177425
1.5986876487731934, 3563.9436992722913
1.6472797393798828, 3556.7759196038533
1.6958496570587158, 3467.511862608415
1.7444102764129639, 3430.0526428764424
1.793123722076416, 3252.186824538003
2.085362434387207, 3125.5534404706123
2.4262871742248535, 3008.94839759171
2.572054862976074, 2994.4437774672697
2.620702028274536, 2991.0879252472805
2.6695425510406494, 2959.6682822305593
2.718273639678955, 2925.1150291041704
2.815762996673584, 2897.28493491048
2.912785053253174, 2875.30166566759
3.0584073066711426, 2872.018819918885
3.106905460357666, 2866.813782020603
3.2039480209350586, 2865.0146153547976
3.252551317214966, 2859.4476368880423
3.301366090774536, 2845.9960654429888
3.350111961364746, 2832.592242587183
3.3986876010894775, 2761.272921426469
3.7875730991363525, 2755.56828790126
4.273776531219482, 2752.012631017031
4.419628858566284, 2749.977301808438
5.002865552902222, 2721.584285213263
7.67622971534729, 2653.9770879499556
T44
1.6499183177947998, 3774.6335342807724
1.747511386871338, 3714.409149283674
1.796325922012329, 3559.8381389188435
2.089339256286621, 3469.9824913605844
2.138176918029785, 3394.5009964596393
2.4308667182922363, 3182.3567083914677
2.918924331665039, 3102.8012619591755
2.9677178859710693, 3085.3198819798854
3.065526247024536, 3050.8330432303046
3.1631195545196533, 3023.123983300553
3.211973190307617, 2979.967413272374
3.260791063308716, 2934.9762677094986
3.4074604511260986, 2901.148182076373
3.6028246879577637, 2871.1403931627283
3.6516776084899902, 2845.648689921436
3.7004663944244385, 2815.6409010077914
3.846930980682373, 2815.4778324936633
3.9936277866363525, 2764.1970187745756
4.091394662857056, 2761.5228011934378
4.188962697982788, 2743.985999648343
4.872358083724976, 2726.9693968743813
5.506305694580078, 2718.3365788074007
5.701332092285156, 2688.8682279348723
6.871622800827026, 2672.2369278983388
6.920183420181274, 2658.30769275919
6.968829393386841, 2656.463105797724
7.748976469039917, 2655.239318749984
11.910446166992188, 2635.9846130054793
12.883366346359253, 2629.2224573554413
14.586310386657715, 2622.827705753938
T45
2.3246452808380127, 3583.6571467183385
2.3732376098632812, 3525.296832723121
2.664731740951538, 3371.5957586659642
2.713357448577881, 3273.5605992161
2.7619845867156982, 3257.1893486664194
2.9562935829162598, 3193.2687688718433
3.150789260864258, 3086.80722500883
3.199399709701538, 3068.018146945149
3.247982978820801, 3009.784784786316
3.2965099811553955, 3006.162947084813
3.345158338546753, 2987.399742562615
3.4424359798431396, 2944.072906960937
3.63675856590271, 2927.7573975585838
3.7831168174743652, 2910.8233137519564
3.8318018913269043, 2875.245818435258
3.928929567337036, 2858.24392868625
3.977626323699951, 2838.3820375720534
4.075205326080322, 2833.0106276933366
4.12398099899292, 2829.819332926185
4.270336627960205, 2811.2032324018946
4.416695833206177, 2749.5944593065215
4.465425968170166, 2747.815632434067
4.5142621994018555, 2721.438573593361
5.197589159011841, 2716.296239426869
5.7827534675598145, 2709.3309328942705
6.013834476470947, 2692.5824645629036
6.160069704055786, 2685.4150945968286
9.175286293029785, 2669.28244318621
12.392353057861328, 2613.915526636716
12.489963293075562, 2606.926021756968
T46
2.2295045852661133, 3947.615058117546
2.2782046794891357, 3945.4165857635817
2.3267710208892822, 3942.270129163546
2.3754115104675293, 3733.5799948983768
2.4727160930633545, 3602.766386215051
2.521333694458008, 3557.6747799237346
2.5699291229248047, 3476.219485736219
2.6185386180877686, 3294.162373749248
3.398425579071045, 3204.569707326591
3.5932435989379883, 3180.732601120224
3.690821647644043, 3082.4250711335917
3.7396254539489746, 3038.7771539908863
3.7884135246276855, 3012.320750193816
3.95121431350708, 2944.2104557311686
4.000060319900513, 2901.052964351198
4.2435142993927, 2872.2630949193117
4.292256116867065, 2871.0363754631253
4.438249826431274, 2861.323184441062
4.584427833557129, 2809.2204474626633
6.0952277183532715, 2800.126183598186
6.972901821136475, 2791.4056329970335
7.0216429233551025, 2763.48005103771
7.070354461669922, 2739.8266496180586
7.119132995605469, 2715.5754213521286
7.167858600616455, 2710.580867953773
7.216594219207764, 2701.011512440644
7.265324115753174, 2683.8781595562177
7.362643241882324, 2680.923703369088
7.898879289627075, 2658.403044235063
8.77639889717102, 2651.6163537839166
8.825072050094604, 2644.4763437650545
9.995465278625488, 2619.35240396249
12.240273237228394, 2572.516207315726
T47
2.3380534648895264, 3647.205194217895
2.6298344135284424, 3529.716123500446
2.678523302078247, 3527.3197769339167
2.727208375930786, 3427.1237176567083
2.824462652206421, 3397.859085637392
2.9222054481506348, 3378.8705434593576
3.0196735858917236, 3328.003075447021
3.0683741569519043, 3291.261762004622
3.2144103050231934, 3289.04302219284
3.7988498210906982, 3108.569694355625
3.8476145267486572, 3025.411671906302
3.9450910091400146, 2979.3457738987345
4.1395978927612305, 2926.0600813911587
4.236728668212891, 2907.2758474404254
4.4310338497161865, 2903.2748880833096
4.4797608852386475, 2901.241514694644
4.528601169586182, 2826.7436955781304
4.625903844833374, 2775.4343236398854
4.7231738567352295, 2774.2436933097197
4.820399045944214, 2738.5826200924785
5.112438440322876, 2737.8238989724196
6.136051416397095, 2736.8729059564503
6.428429126739502, 2733.670490502598
6.477107048034668, 2708.6028432670137
9.11273193359375, 2698.880280076206
9.161503314971924, 2664.369435224755
10.915302991867065, 2661.0686938691942
14.469980001449585, 2639.02945961598
T48
2.0394811630249023, 3846.3212311773095
2.233917474746704, 3554.2029599261878
2.3314404487609863, 3554.1661713946523
2.3801074028015137, 3522.8681156912935
2.4287142753601074, 3491.313076837454
3.2553884983062744, 3280.89852038979
3.3040690422058105, 3108.8181514325406
3.8393261432647705, 3090.382743584909
3.9851486682891846, 3050.6190470658767
4.082517862319946, 3025.9174844807276
4.13114070892334, 2983.0376289248525
4.325570344924927, 2953.2843823227304
4.4228644371032715, 2935.967738203195
4.471685171127319, 2869.684756499788
4.569215297698975, 2855.936736022806
4.666423559188843, 2814.2200512440177
4.812135219573975, 2810.3135644077265
4.9579527378082275, 2809.2436235288624
5.006586790084839, 2793.247719954583
5.055238485336304, 2784.979148080951
5.200943946838379, 2774.908105947863
5.24958610534668, 2749.728943833281
5.298384428024292, 2741.638430127947
5.444735527038574, 2732.953032249701
5.542317152023315, 2726.4297528104507
5.688713788986206, 2688.8097384047287
5.786033630371094, 2651.8963255732233
7.83897590637207, 2646.640866938047
8.18011736869812, 2622.985051212483
T49
1.5027329921722412, 3752.6214109794964
1.648364782333374, 3501.0804045633267
1.6971473693847656, 3406.2359148032556
1.8916373252868652, 3321.204396421672
1.9403831958770752, 3300.6837857947103
2.0865142345428467, 3089.4246052623057
2.4766812324523926, 3035.002829522913
2.62253475189209, 2975.6494822144305
2.719686269760132, 2972.393237410026
2.7683022022247314, 2938.9785073141684
2.8168561458587646, 2877.874972104619
3.011404514312744, 2815.6886074683425
3.3997299671173096, 2801.850650666456
3.497119903564453, 2801.00534026025
3.7398767471313477, 2787.4243996167643
3.7885899543762207, 2724.844863522303
4.518473148345947, 2704.3802193274896
5.686784505844116, 2692.483566814539
5.881590843200684, 2674.5883582180104
5.9303483963012695, 2658.924168114405
6.027672529220581, 2655.887947581592
6.271148443222046, 2650.5775102201587
6.807466983795166, 2632.1996267155628
7.391244411468506, 2625.33876189313
7.440107345581055, 2621.4631986578024
12.556643962860107, 2604.9257084293786
12.653921127319336, 2595.294476217663
12.702671766281128, 2576.3547686126985
T50
2.2329583168029785, 3764.910703168018
2.4278242588043213, 3428.2135460314457
2.622654438018799, 3413.9877748883446
2.7200658321380615, 3396.1022359264607
2.768778085708618, 3379.3910039635375
2.8175387382507324, 3318.7099634524347
2.915083408355713, 3312.142093807459
3.012582540512085, 3285.0509821781307
3.15862774848938, 3248.2362206692487
3.2072157859802246, 3046.8446066991164
3.450944662094116, 3044.1522460067354
3.4995782375335693, 3028.0130210027855
3.5482659339904785, 2983.765617930214
3.596986770629883, 2952.0572094352246
3.8889734745025635, 2854.9303704300983
4.0352654457092285, 2814.390529095079
4.376626014709473, 2783.8056059596856
4.668790578842163, 2775.016038264177
4.814906597137451, 2760.6205731936498
4.863615274429321, 2751.643452757431
6.476080894470215, 2739.1135362656496
7.061196327209473, 2709.4985720166005
7.207547664642334, 2690.3988466946903
8.669050693511963, 2687.5765079864505
8.766639232635498, 2650.4925038479705
9.205178022384644, 2638.025383430897
9.253930807113647, 2613.869220373119
T51
1.3086462020874023, 3906.1982022353623
1.3573439121246338, 3820.348317303491
1.40604567527771, 3740.987788647777
1.6004412174224854, 3623.0770276339317
1.6492223739624023, 3579.205074902129
1.7467267513275146, 3494.9543874092196
1.8447184562683105, 3318.9726710349205
2.039367198944092, 3296.620657123669
2.0880446434020996, 3190.9262230158347
2.380173921585083, 3091.6598550877825
2.4288363456726074, 3040.346105277349
2.4774351119995117, 3028.2532769158133
2.526109457015991, 3005.1872387903277
2.5748090744018555, 2945.123664879153
2.6234474182128906, 2911.6262384868605
2.6721715927124023, 2886.1574246568925
2.769603967666626, 2850.507313867449
2.91552472114563, 2830.9111329560546
3.499551296234131, 2820.2596169871686
4.1818084716796875, 2803.1637456781173
4.328098773956299, 2798.47303911802
4.669016361236572, 2794.3072413257614
4.863468647003174, 2785.9378688355937
5.058053731918335, 2777.3642666777887
5.74051570892334, 2771.7888574382523
5.78940749168396, 2758.4195076159376
8.860538959503174, 2749.00079655023
T52
1.7455337047576904, 4187.808793539967
1.7941672801971436, 3964.1788261598413
1.8427860736846924, 3791.921866279008
1.8915295600891113, 3471.614250420127
2.2329843044281006, 3401.6119209619064
2.719701051712036, 3258.4942404107715
2.9633045196533203, 3196.2344173407764
3.255453586578369, 3165.909616179517
3.4988129138946533, 3105.3641059989895
3.5962417125701904, 3064.920669734114
3.8886799812316895, 2994.914987117707
4.0344555377960205, 2957.8511747105367
4.131760120391846, 2936.6428387766937
4.180400609970093, 2917.135257490154
4.423557281494141, 2910.6600822905166
4.472292423248291, 2880.137394678124
4.618047475814819, 2862.4922952926718
4.763810396194458, 2856.0534316909325
4.861147165298462, 2848.6238448076765
4.909990549087524, 2806.433492387325
5.007650375366211, 2804.2721256132645
5.056369304656982, 2764.5077982302028
5.153684854507446, 2744.489481165496
5.202296018600464, 2724.5380012747773
5.25090217590332, 2709.690645379509
5.299592733383179, 2684.5577494708414
T53
2.376460075378418, 4009.0201230016246
2.425257444381714, 3968.1121545445058
2.5227456092834473, 3906.073274819908
2.620612621307373, 3740.5382990474463
2.7183666229248047, 3542.914799529375
2.962657928466797, 3493.626432524121
3.109130620956421, 3379.6260026332748
3.255641460418701, 3329.2339413872833
3.4020650386810303, 3312.252092691255
3.4995172023773193, 3158.9509555626137
3.6460208892822266, 3134.9256675962097
3.6947884559631348, 3094.467055685018
3.7922286987304688, 3053.4716960156366
3.9384207725524902, 3035.181602300552
4.03588342666626, 2964.1312078420888
4.230774164199829, 2907.989496684182
4.328529119491577, 2858.0196399248816
4.54740571975708, 2848.935906635743
4.644952058792114, 2839.0243683489243
4.693713903427124, 2837.3341428103595
4.791135311126709, 2791.089487145844
4.83984112739563, 2781.1112373846554
4.888540267944336, 2753.2092915073736
4.937298774719238, 2746.840061087729
5.132171869277954, 2718.7508641709865
6.0099709033966064, 2687.8714137845673
7.813891887664795, 2670.9732700512977
10.497268438339233, 2663.769182912525
T54
1.7985332012176514, 3694.893439680498
1.8473029136657715, 3505.5325221378152
1.993457555770874, 3450.418087464408
2.0909876823425293, 3428.986633624474
2.1397860050201416, 3387.811266425255
2.189793109893799, 3307.32727619294
2.238703966140747, 3165.084332335202
2.3851165771484375, 3135.4366735488875
2.4829232692718506, 3105.1964760375995
2.532022714614868, 3061.558846600543
2.6297383308410645, 3022.564721761577
2.727433919906616, 2945.9426998264535
2.7762303352355957, 2910.096319496588
2.824998378753662, 2897.353740726685
3.2637126445770264, 2881.4240104282217
3.361318349838257, 2833.629104582724
3.410134792327881, 2824.967484859473
3.5565133094787598, 2799.07587069468
3.605349540710449, 2768.509485352697
4.3298280239105225, 2711.857635976354
4.427340269088745, 2699.1859383213596
5.405085802078247, 2698.024850169313
5.453965187072754, 2678.880598865391
5.502853631973267, 2677.7195107133593
5.551685333251953, 2656.3329577745317
7.604139804840088, 2641.2939207912714
9.461916446685791, 2629.316001777508
9.705378532409668, 2609.3206337691518
11.806197166442871, 2582.8996248284384
12.734424352645874, 2579.082393183795
T55
1.9411821365356445, 3832.076211135369
1.9899868965148926, 3796.950248848909
2.038827896118164, 3641.221375733803
2.0875895023345947, 3570.1938706486253
2.2335307598114014, 3447.3773545733857
2.3792760372161865, 3365.1156713389355
2.5745351314544678, 3203.6803190061037
2.671783447265625, 3098.018056103523
2.8663125038146973, 2968.3861824706837
3.159001350402832, 2921.5651985629374
3.2566401958465576, 2892.6843336993916
3.354078769683838, 2882.220754549722
3.5981605052948, 2868.6122937828623
3.646843910217285, 2861.194013747401
3.7442455291748047, 2833.5517218882596
3.841616153717041, 2824.721569065834
4.046517610549927, 2799.396606090333
4.144094467163086, 2788.7057945505658
4.241566896438599, 2775.9155863955384
4.290251016616821, 2755.233442808254
4.3876564502716064, 2745.3250147454964
4.436763286590576, 2726.8484601398377
4.534339427947998, 2698.9495086269453
4.583028793334961, 2697.9772121953283
4.631704092025757, 2679.5006575896696
4.875125885009766, 2679.41300186445
5.020921230316162, 2677.725783783404
6.003759384155273, 2656.2485198306676
6.101347208023071, 2655.4268496415316
7.519964218139648, 2654.4609293602552
8.057041883468628, 2646.048308615762
8.300869226455688, 2625.2800152903365
8.349523305892944, 2613.5018325893616
T56
2.0818734169006348, 3695.8457396995364
2.2761635780334473, 3666.0254930330702
2.3732781410217285, 3591.4164318104886
2.421928644180298, 3469.193153437751
2.6162493228912354, 3452.555134835391
2.664976119995117, 3369.804875513102
2.7138099670410156, 3331.055329356066
3.2491705417633057, 3201.8257948579267
3.346294403076172, 3076.95044749706
3.394939661026001, 3051.963835907867
3.540809154510498, 2975.844835269818
3.589529514312744, 2956.5314209388307
3.638078451156616, 2919.0101868179336
3.9785585403442383, 2907.593266181051
4.076169967651367, 2903.5707793875335
4.173491477966309, 2865.9648257014196
4.3191022872924805, 2861.4305453479756
4.367687463760376, 2859.083072369147
4.465073823928833, 2854.059438348617
4.562198162078857, 2843.8682782393153
4.7079386711120605, 2843.731805145784
4.805012226104736, 2827.6797351012065
4.902509450912476, 2823.1278141307266
4.9517364501953125, 2802.6203264061332
5.097809076309204, 2798.848016215168
5.146652460098267, 2793.647101746872
5.732008457183838, 2770.04374562054
5.8290979862213135, 2767.6053106217732
6.366772890090942, 2766.9082080084772
6.5127177238464355, 2757.2526153146464
6.804516792297363, 2754.951176600065
10.50970458984375, 2747.216839679444
11.777618169784546, 2717.6439096631366
T57
2.149902582168579, 4214.19806493081
2.1986098289489746, 4167.891418021376
2.2472684383392334, 3913.464094022551
2.2959256172180176, 3698.253072035208
2.3934507369995117, 3675.117334169234
2.442254066467285, 3664.4069361473084
2.5395383834838867, 3521.0433844784566
2.588284730911255, 3484.389833964451
2.6856350898742676, 3371.531316350898
3.5627903938293457, 3154.8017133186804
3.660294532775879, 3043.056849322238
4.098011493682861, 3030.4903331382957
4.146666765213013, 2998.4114177868614
4.195234537124634, 2831.483080249818
4.243856906890869, 2803.253504237131
4.292527675628662, 2792.290556851134
4.681255340576172, 2760.5371947326203
4.729882478713989, 2735.3564778287982
5.070181131362915, 2712.1144524627452
5.313555717468262, 2704.9873646826163
5.362244367599487, 2698.405513752208
5.410992860794067, 2693.8347336196894
5.459763526916504, 2685.8461537400435
5.55702543258667, 2683.9800662589114
6.093086004257202, 2682.1799908342073
6.141786336898804, 2668.5956927573425
6.19040584564209, 2636.6677316452697
6.238980770111084, 2634.537433080681
6.336655378341675, 2626.376100120353
6.969533443450928, 2619.0546332784143
7.1154327392578125, 2612.931544256324
T58
1.5506706237792969, 4038.859461682121
1.599302053451538, 3929.8063281221985
1.6479158401489258, 3792.786536778003
1.6966133117675781, 3743.7884450876445
1.7452924251556396, 3604.574188414568
1.793973445892334, 3459.9881351201766
2.523756504058838, 3048.6984162500157
2.961362361907959, 2988.21510021617
3.107384204864502, 2945.195610979994
3.1561343669891357, 2886.7887048618577
3.204815626144409, 2874.8891319963004
3.3022663593292236, 2842.631815747838
3.3509387969970703, 2840.16041623427
3.399590015411377, 2837.909686307874
3.4482052326202393, 2763.350586219545
3.6427249908447266, 2754.961572606073
3.6914968490600586, 2743.799563419292
3.8866958618164062, 2743.2905624033447
3.935340166091919, 2718.2229062709957
3.9839835166931152, 2679.903327879656
5.545499324798584, 2644.6317044240714
T59
1.9842643737792969, 3925.1263147231803
2.1780850887298584, 3821.088032936168
2.226624011993408, 3613.025693575837
2.27518367767334, 3566.695115369599
2.323836326599121, 3504.5419969082577
2.372380018234253, 3420.5245780475816
2.4209256172180176, 3299.7329703575524
2.61515736579895, 3277.639111534896
2.760979652404785, 3190.9410451560834
2.858534812927246, 3132.4529622008267
2.9560935497283936, 3048.7441114552785
3.1026217937469482, 3040.153090990745
3.2489912509918213, 2978.771661977851
3.297844171524048, 2949.4451555807755
3.4930102825164795, 2864.2414430728822
3.5905604362487793, 2832.9386937692907
3.687856435775757, 2824.065268732462
3.73650860786438, 2822.3394551852252
3.7851479053497314, 2787.279301913659
3.8338356018066406, 2739.7322973096307
3.8825490474700928, 2726.950642122465
3.9312586784362793, 2725.32680708963
4.029155254364014, 2644.60532302894
4.370173454284668, 2642.83600204275
4.418871641159058, 2641.4082946092676
4.467573881149292, 2635.3698753054196
4.516233921051025, 2614.4330263917946
4.7113728523254395, 2614.1627108321118
4.760077953338623, 2602.149593639275
4.9062206745147705, 2586.4266721849126
5.492234230041504, 2570.8646842969174
14.938584804534912, 2559.3041871638998
T60
0.4861772060394287, 3472.6935791481374
0.5349216461181641, 3376.320471723433
0.681652307510376, 3194.509150515936
0.8278675079345703, 3089.7087142763776
0.876697301864624, 3000.933111124992
1.0720245838165283, 2986.2430942845676
1.2182819843292236, 2967.1124241283833
1.3157339096069336, 2931.5304222040286
1.3644886016845703, 2887.326625277332
1.4620580673217773, 2884.948325479607
1.5107154846191406, 2862.4744370117696
1.5593812465667725, 2850.2024144552415
1.9498176574707031, 2829.950366331177
2.0473482608795166, 2811.035524963285
2.0961802005767822, 2781.5074036987935
2.291260242462158, 2772.8053551453486
2.388794183731079, 2770.6306006610685
2.4863104820251465, 2762.007109116923
2.583872079849243, 2745.4349645533075
2.6328022480010986, 2738.418814353412
3.120108127593994, 2727.6947227707133
3.1687047481536865, 2694.5134518331615
5.996833801269531, 2685.5591570719116
6.143165111541748, 2681.247236413925
6.240870714187622, 2677.3704957063455
6.338456153869629, 2675.013241271852
6.436043739318848, 2659.8797471539438
10.08181118965149, 2657.147688956902
T61
1.6955034732818604, 3751.313013009916
1.7448251247406006, 3686.9711057488166
1.793506383895874, 3665.1784606874135
1.939701795578003, 3533.4641485250613
2.036961555480957, 3400.919324200586
2.0855798721313477, 3387.703493248453
2.182765245437622, 3356.0039040343254
2.231393814086914, 3237.593888333562
2.5725739002227783, 3217.9100038756296
2.6702351570129395, 3198.9369102337514
2.719064712524414, 3131.2180367256224
2.76796817779541, 3117.549783116716
2.914165496826172, 3083.1175918622757
3.0115795135498047, 3078.071622770658
3.157508611679077, 3008.932121966165
3.2061607837677, 3006.1522612814006
3.3525147438049316, 3000.5356821863097
3.4012291431427, 2966.4781922015973
3.450010061264038, 2859.5193619153724
3.693772077560425, 2850.7881542294053
3.7913575172424316, 2845.7775731572474
3.8401339054107666, 2833.6353283544886
3.9372951984405518, 2824.904120668536
4.375067710876465, 2789.356288074705
4.472303867340088, 2777.4762939006905
4.569567441940308, 2760.0847133941716
4.715454578399658, 2729.89184785774
4.812688112258911, 2721.5980189858674
4.861529111862183, 2714.8713935678243
5.007604598999023, 2712.430228350917
5.105193614959717, 2707.8404295782966
5.202637195587158, 2706.5278688839608
5.251432418823242, 2662.145002395031
5.300116539001465, 2658.101318228946
5.348768472671509, 2616.856255210776
T62
2.08679461479187, 3634.226207835207
2.184096574783325, 3600.2267979553726
2.28169846534729, 3432.470380500803
2.4277939796447754, 3257.4361370832776
2.8173720836639404, 3227.1909907080553
2.86607027053833, 3182.515794851788
3.012240171432495, 3083.44860805769
3.2554705142974854, 3074.812455732186
3.304065704345703, 3034.9115921193734
3.5032713413238525, 2983.6816566811613
3.600372314453125, 2972.3188964579604
3.648967981338501, 2967.8554908885562
3.746185302734375, 2918.507756152554
3.94047212600708, 2916.6313039314846
3.9891161918640137, 2888.0729229325225
4.183684349060059, 2880.012323265153
4.2323267459869385, 2842.919311682417
4.329430103302002, 2833.7865087642713
4.42680287361145, 2785.8688628078526
4.475475072860718, 2772.7315975933598
4.572561740875244, 2755.933199244537
4.621229410171509, 2745.571411547382
4.767207145690918, 2726.5491402831685
6.764156818389893, 2706.623022840271
8.569922685623169, 2650.7209665120026
T63
1.5019280910491943, 4150.352056066229
1.6479616165161133, 3699.8931587652187
1.7943873405456543, 3668.762161780949
1.843050241470337, 3578.540228163809
1.891718864440918, 3498.981781425304
2.3295366764068604, 3348.8607840135373
2.572667121887207, 3171.5518716742954
2.670119524002075, 3144.943232843172
2.8161368370056152, 3043.26965226233
2.962158441543579, 3021.0477636313444
3.010749340057373, 3012.635470875801
3.1565754413604736, 2942.722738554643
3.2539150714874268, 2937.5685690173705
3.302821636199951, 2897.6558036745555
3.4492287635803223, 2857.5045452707564
3.4979336261749268, 2851.161440018186
3.546652317047119, 2832.070749617662
3.5954415798187256, 2808.258788310224
4.08191704750061, 2795.018649956808
4.130583047866821, 2730.850535755206
4.76387357711792, 2722.648445867948
4.812548398971558, 2716.23896608848
4.861197471618652, 2691.8441755516105
4.958535432815552, 2666.946870276661
5.219088554382324, 2642.577281422855
T64
2.275047779083252, 3829.1910879547213
2.517637014389038, 3799.0472220566444
2.5663864612579346, 3538.7462459399103
2.615095376968384, 3496.0774362407537
2.7609527111053467, 3417.907303868211
3.0527355670928955, 3331.0652458030672
3.101607322692871, 3316.256663468972
3.24760103225708, 3257.456239881314
3.5394606590270996, 3242.5757929615356
3.6856038570404053, 3209.381042994617
3.734215259552002, 3097.7414451882796
3.7828023433685303, 3093.548631533282
3.831413984298706, 3016.9488380628172
3.928589344024658, 2978.8224437452736
4.025956392288208, 2972.3408052675222
4.074582576751709, 2913.8123478331254
4.269892930984497, 2884.510114696488
4.513130187988281, 2866.235591595134
4.561760902404785, 2783.9307934343087
4.756185054779053, 2768.9234044459154
4.80487585067749, 2752.504470090629
4.99948525428772, 2734.4230104507005
5.048134088516235, 2719.5587346379907
5.242598533630371, 2709.9405508966447
5.437605381011963, 2708.6366167093074
5.5833961963653564, 2702.219030186374
6.119572639465332, 2698.207114508259
6.168290376663208, 2693.7090994667815
6.363396644592285, 2685.0754291393823
6.460475921630859, 2678.8383118737256
6.509148836135864, 2665.8049198933004
6.557873725891113, 2660.2873102764715
6.850346326828003, 2658.770888220417
6.9962005615234375, 2614.6361057497998
7.241202354431152, 2613.94710537231
7.290051698684692, 2578.4346022917453
8.314735651016235, 2577.4731755711255
10.657342910766602, 2554.65173930717
T65
1.790473461151123, 3610.3061103106593
2.032780885696411, 3576.856522032671
2.130254030227661, 3503.4232600908
2.276409864425659, 3441.0167847258563
2.471520185470581, 3435.245763535597
2.520313262939453, 3342.5116807902086
2.812243700027466, 3322.995590059494
2.909588575363159, 3212.8555542290414
3.0068628787994385, 3109.3587957532
3.201291084289551, 3054.3370823240402
3.298645496368408, 3025.918046678431
3.347306966781616, 2999.099206573548
3.4445102214813232, 2972.396051167627
3.4931232929229736, 2960.9811823788914
3.6389424800872803, 2932.246463345975
3.687562942504883, 2821.4295289914735
3.78475022315979, 2796.62668169642
3.8819828033447266, 2782.845011415615
3.9306092262268066, 2718.548311122111
3.979156732559204, 2713.5662610364525
4.222642183303833, 2693.464207751429
4.708736419677734, 2692.83602555182
4.805788993835449, 2688.720360426436
4.854391574859619, 2687.8847232960106
5.000382661819458, 2659.6019926783774
5.924424886703491, 2621.221725144307
T66
1.5993258953094482, 3666.327537236255
1.6478955745697021, 3662.3060122315655
1.8421621322631836, 3461.144320074978
1.8907980918884277, 3445.4942622380477
1.939401626586914, 3434.22371801961
2.036572217941284, 3347.0607799231366
2.1337127685546875, 3293.6243103835295
2.2309226989746094, 3276.632432485989
2.425711154937744, 3253.2354240293207
2.474400758743286, 3001.074078807622
2.571653366088867, 2982.9889209974353
2.7174947261810303, 2976.900129913498
2.7661778926849365, 2957.115781033077
2.913792848587036, 2888.695614476659
3.011033535003662, 2883.572468517552
3.0597310066223145, 2878.538505135817
3.157081127166748, 2814.1911832224723
3.4009976387023926, 2809.336426272741
3.4497687816619873, 2762.966396694872
3.4984498023986816, 2750.4364816622983
3.7415218353271484, 2744.8848245612025
3.887286424636841, 2719.3255299177836
3.9844729900360107, 2695.6708240004373
4.374340295791626, 2694.263706500962
5.299873352050781, 2688.8505590603017
5.3969738483428955, 2678.9686320847977
7.005127429962158, 2677.1864886292606
T67
1.501664638519287, 3940.181249705536
1.6471121311187744, 3752.5542981719773
1.6957271099090576, 3445.5229840844113
1.8899304866790771, 3428.322766215715
2.5230889320373535, 3427.9457765233674
2.5716817378997803, 3408.234986539537
2.620281457901001, 3230.9629117785807
2.6688528060913086, 3107.3877230540675
2.814865827560425, 3106.00020860917
2.912411689758301, 3101.316353125221
2.9610841274261475, 3080.9829139385984
3.0096917152404785, 2987.568926439548
3.155560255050659, 2942.673915871579
3.3012731075286865, 2919.063838314323
3.3984596729278564, 2904.878386981116
3.495577335357666, 2895.3942378336505
3.5441176891326904, 2871.344889846514
3.6411983966827393, 2866.3304378451867
3.738452911376953, 2864.2394406888925
3.787081003189087, 2824.9296675643127
3.9813361167907715, 2815.647717539294
4.078455209732056, 2800.069021503281
4.175538063049316, 2772.086807118001
4.272728443145752, 2756.5322234772757
4.3698365688323975, 2746.021658278085
4.56430721282959, 2706.397362887932
4.758985280990601, 2657.8692382646987
6.657099485397339, 2652.4445530858357
6.754536390304565, 2648.7383987577923
7.630295515060425, 2634.7470124712563
12.710435628890991, 2630.786899134575
T68
1.6477487087249756, 3801.8389912005077
1.6963045597076416, 3537.4971744761133
1.7449977397918701, 3449.0110885561007
1.793614149093628, 3414.6849476419447
1.8422329425811768, 3413.9678744240227
1.890890121459961, 3331.409888516064
1.9881563186645508, 3323.5453143250197
2.1827492713928223, 3295.72865481989
2.32865571975708, 3048.667142243343
2.474501132965088, 3010.274125680269
2.6692521572113037, 2968.439683407356
2.7664058208465576, 2901.4934753654525
2.9119935035705566, 2891.652382629545
3.0585813522338867, 2822.0210143474833
3.2529470920562744, 2789.422129623301
3.3499560356140137, 2749.399697720335
3.3985981941223145, 2739.352936655632
3.4958877563476562, 2725.7592321902484
3.544422149658203, 2720.122417154882
3.7879390716552734, 2710.016494690295
3.884982109069824, 2699.8783420086547
3.9335250854492188, 2673.910494170428
3.9820611476898193, 2619.6583196058928
4.031152725219727, 2608.3256818394
4.274073839187622, 2600.9147970933554
4.614716053009033, 2589.9397701104463
5.052094221115112, 2578.591206904064
5.588106632232666, 2558.148051767639
5.636699199676514, 2555.5536241941445
5.685365676879883, 2535.1104690577195
5.734014272689819, 2491.618230292617
5.831170558929443, 2483.2149771273107
9.337092876434326, 2478.6493619806715
10.745665073394775, 2473.592519967511
12.594053745269775, 2457.6467020262207
T69
1.6496269702911377, 3631.416533242562
1.7957420349121094, 3514.487287058175
1.8445580005645752, 3512.4464815284155
2.0882551670074463, 3419.1793214229983
2.2829701900482178, 3380.0856627822504
2.5263330936431885, 3276.066661516772
2.575000762939453, 3187.9723341200443
2.818647623062134, 3082.3363069445186
2.916203260421753, 3002.212716078997
3.013883590698242, 2962.8423087234114
3.062748670578003, 2952.58921911745
3.16025972366333, 2876.8009890367684
3.2575297355651855, 2869.801276385886
3.306123733520508, 2845.939823257606
3.3547754287719727, 2830.588283957084
3.841646909713745, 2821.121447659156
3.8902933597564697, 2757.997971309189
4.280116558074951, 2752.2224491659435
4.328919410705566, 2713.5424297518766
4.377556324005127, 2695.416252189374
4.621520757675171, 2689.753769361967
8.120531558990479, 2670.2459016170033
10.701066732406616, 2650.4730117529543
T70
1.5489461421966553, 3558.398505043966
1.694648265838623, 3555.651746694377
1.791917324066162, 3386.27619380955
1.8891000747680664, 3367.9553900296887
1.986405611038208, 3332.07117978709
2.0836832523345947, 3289.2431444244867
2.473233699798584, 3112.6685191707365
2.521836519241333, 3049.5967555644165
2.570361614227295, 3020.7799802946392
2.667503595352173, 3010.1471364048048
2.7162506580352783, 3008.593730064167
2.7648613452911377, 2931.944390701203
2.813542604446411, 2895.724635432867
2.8623549938201904, 2885.5885348501324
2.9112086296081543, 2861.052964769071
3.00846791267395, 2819.618524058358
3.2031166553497314, 2775.531087016905
3.4950430393218994, 2774.041203607776
3.64125394821167, 2770.2083709752187
4.566584587097168, 2767.0175809101493
4.615189790725708, 2755.86431441264
4.95559287071228, 2749.601213869144
5.004182577133179, 2738.2349114458048
5.101567983627319, 2731.971810902309
8.722130537033081, 2717.0847242644813
9.209194660186768, 2703.4695918725047
10.183900117874146, 2694.603310626