T0
2.7388110160827637, 59.02322154299327
T1
5.617080211639404, 119.74385885118681
5.81136155128479, 100.84414481015119
5.957334041595459, 69.53335885267734
6.492926120758057, 60.2789427114476
8.001769542694092, 57.29856988928077
8.294229984283447, 55.35059372137039
8.586309432983398, 53.2331374676578
8.830054759979248, 52.52764636919892
8.878894567489624, 47.288982780977676
12.866453409194946, 45.69513794434897
14.713457822799683, 29.338103859750845
T2
4.819033861160278, 163.41936751275352
5.1590025424957275, 157.2304665296324
5.207716226577759, 104.49176078998426
5.598279237747192, 94.17350425974291
5.696732521057129, 87.44373521792295
5.842680931091309, 79.64028957254777
6.183544158935547, 78.74089416013157
8.130892753601074, 77.50235199603048
8.325339078903198, 73.45553842498339
8.422776460647583, 67.59962181454466
8.812273025512695, 62.20183406695287
9.153024673461914, 60.271617595535645
10.223917961120605, 55.931854444599594
14.60254430770874, 51.97424615210912
14.699758768081665, 51.259578458673786
T3
5.140669345855713, 104.48994643268088
5.189177513122559, 87.40957573265041
5.529306650161743, 60.930090114190534
6.161700010299683, 53.480024927077466
14.428434610366821, 51.34021041027154
15.692209243774414, 46.01118894236424
T4
1.3128833770751953, 45.27485474864079
1.4585304260253906, 45.21831497083622
3.0128843784332275, 27.725148354962585
T5
4.360724210739136, 125.74793241360021
4.603609561920166, 114.98767045303248
4.798234701156616, 72.5948114354178
4.847141981124878, 71.35539510895615
5.529244899749756, 57.35816059629724
7.427729845046997, 55.38491397629696
7.670954465866089, 51.4632298096476
15.54990553855896, 39.55461133947392
16.1824848651886, 37.26602748745063
19.101566553115845, 36.8698843466409
T6
2.721665620803833, 56.617460957750154
7.139199733734131, 46.645687903655926
7.4800567626953125, 33.961987798022164
10.54550290107727, 27.90321607196529
T7
20.046953916549683, 74.85384579405218
T8
5.96250319480896, 98.59792794082023
6.059715270996094, 96.13150657129881
6.545580625534058, 95.16596011568618
6.642997741699219, 92.69095877306245
6.691798686981201, 74.99302457462181
6.7895495891571045, 71.56105674948049
7.85993504524231, 71.41192348737968
8.152724266052246, 67.57090549077111
8.250080347061157, 61.592518506527995
8.590176820755005, 60.725594272633316
11.508417129516602, 59.72227559400926
12.189745664596558, 57.78786953555391
12.287270545959473, 49.09753885476675
12.578784227371216, 45.23131249464495
T9
2.9609274864196777, 49.89876098971581
T10
3.7841525077819824, 135.09902410975337
3.832684278488159, 133.03465772996424
3.929856061935425, 130.26853633944847
3.978499412536621, 117.61303824945935
4.075736999511719, 100.77651447551762
4.1244049072265625, 99.76350183484465
4.464864730834961, 90.68167258991889
5.486431360244751, 88.8952467429117
5.924129247665405, 80.70816687901242
6.605731964111328, 79.07933064436656
6.849365472793579, 77.55959103559144
7.044266223907471, 62.98864831765968
8.066154718399048, 54.008833461775794
13.169630527496338, 20.429074783751275
T11
2.8339309692382812, 65.20501292609697
2.9309327602386475, 54.906687991009676
3.125545024871826, 46.4644700719291
3.805703639984131, 35.84683387964469
T12
4.8927507400512695, 151.01937045378145
5.0387022495269775, 132.8711905901946
5.233516693115234, 125.41042998975172
5.282235860824585, 125.30705344855232
5.331099987030029, 117.66401095775655
5.379835605621338, 84.86554439507017
5.671641111373901, 76.98310869066336
5.76889181137085, 59.89691059557663
6.497872829437256, 57.49424583801738
6.5466063022613525, 55.26005494481069
7.13039755821228, 50.03480835552182
7.422122240066528, 46.887973075288755
17.544254779815674, 40.15070492606901
T13
5.084201335906982, 113.98621419104893
5.132806301116943, 112.65860255768348
5.181396961212158, 85.24982728401665
5.814282417297363, 80.808138931141
5.911485433578491, 66.06164632564469
7.517335891723633, 60.40601629207231
7.712145566940308, 54.351952169585275
8.590102195739746, 52.651369573730335
9.126505136489868, 49.974079137522494
10.586036443710327, 49.90273272875493
11.21828579902649, 49.603684586247255
11.898479700088501, 43.51512151139468
T14
14.595093011856079, 74.38862759589392
15.56660532951355, 63.77945705039747
15.712123155593872, 60.256834927793534
15.809351682662964, 53.29420308790577
16.197964668273926, 46.472934049903415
T15
1.6508939266204834, 82.68554737525847
3.156400203704834, 73.8325835223659
3.3019778728485107, 59.84963225339743
3.4477455615997314, 58.06713635572669
3.5935776233673096, 56.65026102984848
3.642181634902954, 46.065870051053935
9.564642667770386, 42.544523429438414
15.798068046569824, 28.98535911894578
T16
3.0579726696014404, 117.1595172560119
3.3008475303649902, 106.4165410941423
3.349616765975952, 91.78173094555677
3.982952833175659, 90.53964178549359
4.4696807861328125, 89.48528168781922
4.859432220458984, 68.44244338278804
5.298269748687744, 53.2305528980869
5.833539962768555, 50.254939432539686
6.857177019119263, 47.02248023679567
18.348668575286865, 46.161026927751664
T17
6.251889944076538, 137.14371191579266
6.495431423187256, 108.9730974536069
6.836103916168213, 105.90830784250284
6.933318853378296, 104.72001227384317
6.981936931610107, 89.59015121316042
7.127875089645386, 88.9262432406831
7.176534652709961, 70.74586787464796
9.463050842285156, 63.45461430709838
9.511672496795654, 52.74244660127442
10.050902128219604, 50.149740657048824
10.294049978256226, 45.156981201900635
T18
5.767209768295288, 147.46196076313936
5.961498737335205, 142.3277382925953
6.2045063972473145, 126.28482705048373
6.399345397949219, 96.78526119192975
6.789118051528931, 56.69105157198646
8.3455970287323, 50.083648253748834
9.902308702468872, 44.41717738829175
T19
5.863492250442505, 103.01871713068977
6.154520511627197, 99.80029593400832
6.397107124328613, 57.37929002144665
7.224462032318115, 54.83654182391183
7.516080617904663, 47.340246398729505
9.121813774108887, 36.114699577286956
10.873788356781006, 19.134849583599134
T20
5.259718179702759, 118.30193626983237
5.453859567642212, 102.31823862566671
5.551099538803101, 89.39914411758946
5.795320749282837, 69.29742419633112
6.086707353591919, 58.45744869661576
7.450080394744873, 46.85578173115937
9.263073682785034, 43.72812691958097
12.569905519485474, 25.565298846260703
T21
2.9269020557403564, 127.30259228819341
3.024240255355835, 108.90008590034995
3.0727970600128174, 105.68948208389338
3.2188031673431396, 89.99191004876047
3.6561408042907715, 81.74987323797541
4.093850612640381, 66.3108571122284
5.846113443374634, 66.27895853419614
5.8949196338653564, 66.03214886187197
5.992171287536621, 65.88873739301198
6.674801826477051, 65.23887111946533
6.820983171463013, 64.44057617252838
7.452950716018677, 63.34378125474177
7.501583576202393, 61.268183500433224
8.036304712295532, 58.83028800399188
9.9318106174469, 57.49771160534874
10.515656232833862, 55.75665155673778
15.719118356704712, 20.333243481734826
T22
4.116343259811401, 120.79684061735315
4.456139802932739, 116.35530398738774
4.553174018859863, 114.06137498198223
4.601735591888428, 103.50912346206314
4.650490045547485, 98.78394562046014
4.74796986579895, 98.01760490688321
4.894183874130249, 86.63058401425951
4.991857290267944, 79.55681398128945
5.137721538543701, 50.214065920969006
12.848551750183105, 45.772846767104056
T23
1.3593549728393555, 88.75718344734923
1.5048668384552002, 81.53811156394659
1.5534672737121582, 79.5673791346635
1.8935744762420654, 77.67042647726339
2.088031053543091, 76.61091235976346
3.1580615043640137, 43.70664346522244
3.2552552223205566, 27.323713788515306
T24
3.0061354637145996, 91.40498224911425
3.2001824378967285, 83.46096708024561
3.7344932556152344, 83.1261174820902
3.783156633377075, 80.53186799678952
3.8319058418273926, 80.19701839864138
3.9292421340942383, 77.75806577726325
3.9780049324035645, 67.53635065948765
4.3182899951934814, 59.63015587222617
5.679832220077515, 45.54477313133248
T25
3.0531935691833496, 115.98624536527495
3.489935874938965, 81.40449164720485
3.6360394954681396, 76.2971062168508
4.024836301803589, 63.66200147980999
5.3397135734558105, 63.510579944908386
5.681199073791504, 58.241152496033465
8.06409740447998, 57.99961029500264
8.90866470336914, 56.496534796839114
9.005925416946411, 51.67312355485046
9.103238821029663, 48.06695738923008
9.151931762695312, 47.70307120146754
9.200650453567505, 47.665364338965446
9.297917366027832, 40.81998040902545
11.438321828842163, 36.95248832197831
T26
2.41084361076355, 82.62650992129056
2.5078816413879395, 63.739386032670154
2.7508909702301025, 61.90379887702875
2.848050355911255, 58.85263774108171
2.8967607021331787, 44.09211517724907
2.945495843887329, 41.079489928240946
3.820249319076538, 28.260740736761363
5.668577194213867, 21.95994145230361
T27
3.051419973373413, 122.1882330040462
3.148435354232788, 103.6168242289641
3.34291410446167, 89.97277145225235
3.8296945095062256, 86.27965526933986
4.169783115386963, 83.56203869070305
4.266923427581787, 82.91295238774183
4.315629005432129, 78.58928911631665
4.558803081512451, 68.51891842158511
5.62860894203186, 65.09058943887067
6.212415933609009, 62.71168184038834
6.9904465675354, 61.15141282440891
T28
2.960254430770874, 144.17409700116696
3.203136682510376, 78.86622275629634
3.4461703300476074, 73.12304512877017
4.0310423374176025, 63.15912057686364
4.826452732086182, 60.61602084704646
5.797927379608154, 52.131278733329964
6.089983224868774, 51.216989201719116
7.11113715171814, 48.84711001767573
10.028390884399414, 44.86011546323425
T29
2.328033924102783, 122.73721791848948
2.4250552654266357, 118.84955209541658
2.473675012588501, 81.590324374185
2.61962628364563, 77.10067958439322
2.7171943187713623, 48.70236623317032
9.324825525283813, 48.23387766376982
T30
4.60715913772583, 182.24038004810427
4.898982763290405, 164.3993615303043
4.996138095855713, 119.30203241694107
5.435420989990234, 113.80967494676588
5.7764105796813965, 112.61743289590959
5.873753070831299, 102.61361517311161
7.576660633087158, 100.26742122323049
7.771209955215454, 94.07763957538555
8.647560358047485, 74.08393844291277
9.134737491607666, 65.5840864087877
9.57230019569397, 62.58646245049749
10.253828048706055, 61.47822657266806
16.627880811691284, 54.63280489164026
16.822691440582275, 48.48886277174461
T31
3.5180044174194336, 97.57467117653869
3.615098476409912, 88.99548651155783
3.6638007164001465, 80.45417116016324
3.9067909717559814, 74.65165953701216
4.052945137023926, 73.98625874402933
4.150396823883057, 71.99008477408643
4.345229625701904, 71.94655729766964
4.442509889602661, 70.32752429810353
5.026928424835205, 67.99969519716979
5.124176979064941, 64.88919121558865
8.590477466583252, 64.52875629293703
9.175402641296387, 62.03266909621016
11.659331321716309, 60.272886876504344
11.902693510055542, 59.17883485202765
12.097426176071167, 57.191132249812654
15.899397373199463, 56.611248020024505
16.14336085319519, 55.20006338048552
T32
0.7792909145355225, 38.21272847033106
T33
3.153878927230835, 95.42385370664124
3.3481252193450928, 91.24208809067204
3.3968114852905273, 70.84175213178241
3.49448823928833, 69.2555045963527
3.9326624870300293, 52.69944584880432
4.663039207458496, 36.22587238261622
7.302028179168701, 27.626303608143644
T34
3.1944947242736816, 100.06289845197898
3.388615608215332, 99.0480126753173
3.4372060298919678, 88.39371231768018
3.4857630729675293, 83.57274168773438
3.6315698623657227, 81.21217960898502
3.680391550064087, 61.743065848218976
3.7775979042053223, 37.17787356094777
5.479079723358154, 36.35540515385219
6.694993495941162, 33.647834339310066
12.334146738052368, 32.30548905069736
18.1946439743042, 18.2415046311653
T35
3.4411513805389404, 120.38400939133135
3.8296587467193604, 95.00891115195554
3.975605010986328, 71.64960821167188
4.706768035888672, 53.89541161231318
T36
2.9126195907592773, 128.34848455310566
3.0582244396209717, 95.82692931652127
3.2041685581207275, 72.99394967808621
3.2528469562530518, 54.042710282352346
3.4961142539978027, 47.55955287136021
4.498550176620483, 40.49279411260068
9.271725416183472, 37.388111039945215
T37
2.91538667678833, 103.11677351310937
2.963956594467163, 90.3353754255877
3.061156988143921, 84.94678916259727
3.450669765472412, 77.43967961176531
3.5967061519622803, 76.7835218210239
3.8884358406066895, 76.11687925009755
3.986070156097412, 75.70997544544662
4.083279609680176, 72.79898174967093
4.32611346244812, 70.23797735990229
4.9098286628723145, 63.98646535448643
5.104205846786499, 61.251433515113604
5.494117021560669, 56.65665505503421
5.54303765296936, 56.03745495723706
7.924956798553467, 44.41850114700355
12.714775562286377, 43.81038128779619
T38
2.1829934120178223, 114.71040177735267
2.3287901878356934, 96.40672827281378
2.6202445030212402, 89.40222470810113
2.7660722732543945, 85.56133944667818
2.814608573913574, 83.96434876223066
3.057553291320801, 77.66140029051166
3.1061363220214844, 61.68229960730241
3.154792308807373, 51.14393772686162
5.05072021484375, 50.940942676628765
5.342291831970215, 49.06283139232255
5.537073373794556, 44.67557660404418
T39
1.2632617950439453, 63.96268754961784
1.3605248928070068, 55.52983954735828
1.7496874332427979, 54.35425346410193
12.745818614959717, 41.00384554159973