T0
1.1597213745117188, 653.9137715203251
6.711825609207153, 619.7123098580341
T1
1.36509108543396, 1076.5991771287227
1.868992567062378, 770.1033285336016
2.7309327125549316, 730.3171762201091
2.831113815307617, 645.1887216520117
T2
1.6462700366973877, 933.947196008914
2.561760663986206, 750.2558593432768
3.570002555847168, 732.251639306065
4.084982633590698, 690.5793505577458
5.697319507598877, 686.4882805139059
T3
1.8966822624206543, 950.2414587537642
2.5007214546203613, 726.139649793171
3.724213123321533, 720.8532194978179
6.292169809341431, 651.026053888927
T4
1.746422529220581, 898.7749864998914
2.3007936477661133, 869.9124133482255
2.4541118144989014, 859.0856458693161
2.5040130615234375, 756.7323480061896
4.128715991973877, 746.0754153972375
7.29801607131958, 735.4977211356891
T5
1.6933650970458984, 1021.6929953066574
1.7428381443023682, 910.8790178371564
2.5570600032806396, 790.5964370666479
2.766092538833618, 729.861780230829
6.30086350440979, 718.4933327269537
8.463853359222412, 676.6938842222153
T6
2.088334321975708, 890.7145787283516
2.490365743637085, 886.7156524416059
2.540363073348999, 766.8234426807903
3.301919937133789, 766.0368407095812
5.51543664932251, 715.271983087965
8.07087254524231, 641.1242457887274
T7
1.745889663696289, 956.2172845374444
1.9504776000976562, 912.7478900880524
2.0027520656585693, 883.3855047432589
2.1535444259643555, 785.4106665604777
3.1421866416931152, 761.595787555576
5.192414045333862, 722.401357430761
T8
1.6845307350158691, 1008.3222067987663
1.7348449230194092, 939.7812977677531
2.8716323375701904, 910.9515228271775
2.9707868099212646, 803.791664202101
3.02014422416687, 754.4342108180135
7.030601501464844, 712.588197907724
T9
1.7479534149169922, 839.2239984548942
2.1941041946411133, 815.2730592535081
2.5526044368743896, 737.6246959320415
2.705176830291748, 695.3717870466935
T10
1.7949492931365967, 895.3631027859519
2.3022677898406982, 737.9219718081586
3.1300125122070312, 733.7864012774226
3.880915403366089, 718.2192865461257
3.979700803756714, 700.7208277754544
T11
1.588557481765747, 858.8231881772226
2.913473606109619, 784.9859956096334
3.6869618892669678, 744.7542657741142
5.91157603263855, 725.4008680550469
T12
1.0410888195037842, 770.2724591951555
1.5426292419433594, 749.3132454631996
3.7197585105895996, 747.0819286140031
4.543928623199463, 713.1010604930198
T13
0.9408690929412842, 1062.0400672767864
1.3974082469940186, 961.7245351961756
1.5494349002838135, 882.577988722478
2.3200900554656982, 809.0775764112477
2.4230589866638184, 800.0996439506416
3.6205005645751953, 780.7890332327079
3.8696556091308594, 752.7889751992625
3.977370262145996, 735.6061732005473
4.846937656402588, 707.5686519897426
T14
1.636887788772583, 808.9206007261964
3.0592830181121826, 806.6883140910068
3.2627835273742676, 797.5672021143255
3.5179901123046875, 760.1491041341942
4.43564248085022, 755.4086697911698
5.343732833862305, 639.4145013654925
T15
1.7458105087280273, 876.968618963554
2.0519325733184814, 842.3920382275392
2.2052392959594727, 803.1164614317531
2.3077361583709717, 762.1660682976362
4.9584527015686035, 727.7028723375843
T16
1.440009355545044, 842.6943329974602
2.2984821796417236, 735.3918670880666
5.507816791534424, 735.0098657784838
5.816722631454468, 709.4313838138623
7.073631763458252, 636.047599243946
T17
1.9413866996765137, 897.0332530006999
2.3001081943511963, 895.6292126499902
2.6076316833496094, 772.7834193848248
3.326537847518921, 764.8350812851568
3.945502281188965, 716.7855825335137
6.401148557662964, 700.6842472887947
T18
1.8934016227722168, 860.9437132407475
2.6999752521514893, 686.5843645381829
6.235222339630127, 599.5643554955459
T19
1.5670945644378662, 1240.7882793081226
2.022230863571167, 874.3590953470994
2.1750082969665527, 839.6132984451833
2.582657814025879, 756.6047202001937
3.3409833908081055, 738.0486539457052
3.542438268661499, 715.7323261533456
6.327099800109863, 670.5217812901683
T20
1.919456958770752, 694.7510338968859
9.007566928863525, 682.503689945006
T21
1.3397531509399414, 751.122085381925
2.0497803688049316, 717.3139307291422
3.858494281768799, 716.8950576185889
4.207385540008545, 681.5584452775802
T22
1.588413953781128, 822.1076464338403
3.3327622413635254, 821.3060646094236
3.742835283279419, 713.7920120450726
4.309888124465942, 569.3027385946771
T23
2.000535488128662, 747.7234152858728
5.487016916275024, 724.1626686823001
6.242414712905884, 682.9080599495646
T24
1.6797103881835938, 960.8468830759084
2.4881772994995117, 871.8991374107572
2.7940256595611572, 853.4863218942919
2.950321674346924, 694.6801214975858
13.857220888137817, 678.6253382729046
T25
1.778857707977295, 799.663701025449
2.1794776916503906, 754.4896172872104
2.9494597911834717, 747.9050648825505
3.6045424938201904, 727.1954792630422
3.854473114013672, 696.2356521713373
4.867158651351929, 592.2883711907489
T26
1.4207699298858643, 929.6527193900838
1.7678234577178955, 906.3404445918568
1.9179837703704834, 744.0664035996742
T27
1.9284238815307617, 833.10558716995
2.74808931350708, 730.479922231083
3.816119432449341, 685.6236889748106
4.068596601486206, 679.5963903740194
5.74420166015625, 669.2750068506866
T28
2.0012874603271484, 906.6719712837075
2.258474349975586, 778.4911679668876
3.702637195587158, 755.1145410135068
3.8044512271881104, 695.5106663882325
T29
1.8429064750671387, 933.1649619843229
2.7231879234313965, 882.2955141505809
3.0792195796966553, 857.8543173751386
3.3921239376068115, 836.0057917259255
3.8535614013671875, 816.3544915183447
4.168402194976807, 621.1648218366463
T30
1.6869542598724365, 759.1505252725328
2.135869264602661, 704.072807374032
T31
1.7391836643218994, 892.7164752496319
1.9911866188049316, 860.7095621188782
2.2988293170928955, 802.7292925739021
2.498488426208496, 632.7330910107412
T32
1.5944275856018066, 746.0246126767161
4.681217670440674, 733.4582564642915
T33
2.0435895919799805, 867.1571026936144
2.143263101577759, 818.8564803265763
2.5498456954956055, 793.3282321943116
3.2085120677948, 763.2444223166676
3.3625895977020264, 745.0750249526754
3.6124632358551025, 724.425985628448
5.178969144821167, 723.5605707212235
5.837774038314819, 716.345412480965
T34
2.2358434200286865, 940.4269791139523
2.437403440475464, 795.2376432845485
3.2027509212493896, 788.0011952990462
3.3570187091827393, 720.96805581238
T35
1.9081635475158691, 597.8015976414172
T36
1.8463866710662842, 952.0023323674395
2.711289644241333, 896.2660204372951
2.8154616355895996, 830.6538605080423
2.9160349369049072, 819.138363363134
5.137794733047485, 752.2509807596507
5.940803527832031, 751.3961930875957
T37
1.2951619625091553, 854.4551695083937
1.5526516437530518, 854.0117893938004
2.1381173133850098, 846.7857529110479
2.1925716400146484, 749.9297852890013
2.6091480255126953, 631.2978971499397
4.455733299255371, 605.000614522025
T38
2.1415324211120605, 738.7648380893661
2.7537686824798584, 627.1708871800802
T39
2.513033866882324, 882.9227914351213
2.5622916221618652, 872.1835365640727
2.816145181655884, 864.3507334498863
2.8707735538482666, 759.538001236142
5.474385499954224, 757.1906325227174
7.434088945388794, 723.3190191972681
7.63140344619751, 705.7618901518144
8.677086591720581, 670.6450776224519
T40
2.2064783573150635, 1109.2252335781232
2.2605106830596924, 881.5429506140354
2.641451597213745, 674.1296312493068
3.9191081523895264, 647.4745717551123
T41
2.1932780742645264, 801.9860310784279
2.696566581726074, 766.8606355153752
2.748304843902588, 636.6312574297044
5.259594678878784, 615.8512729564682
T42
1.6456787586212158, 750.0667148704379
3.7871572971343994, 697.4500480980496
4.494089126586914, 634.8567774287076
T43
2.1048357486724854, 860.6082737967808
2.867745876312256, 859.1954106930061
2.9201741218566895, 727.7351250200591
3.2173309326171875, 656.121969526168
T44
1.5782442092895508, 1036.2709853267297
2.028806447982788, 791.8376919180737
2.1832165718078613, 791.5568105166167
3.054872751235962, 675.784920540289
T45
1.9830951690673828, 938.127966713073
2.4327268600463867, 909.8127220114839
2.486995220184326, 816.9810018915741
3.0468525886535645, 814.9309796318994
4.345456123352051, 707.816428921753
T46
1.7534868717193604, 1079.9437982819509
2.0055134296417236, 765.0038605300651
2.2603983879089355, 733.7296510522574
T47
1.5411045551300049, 684.7515366725711
4.684762239456177, 659.107078414585
T48
1.6872336864471436, 1104.384252882941
1.8896658420562744, 758.247814748669
3.004997968673706, 696.8668855348806
3.0567452907562256, 665.1469990291225
T49
2.087904691696167, 834.0039586896746
2.293701410293579, 794.1005684553529
3.8376095294952393, 773.8300308453036
4.395067930221558, 754.3817390754557
T50
1.4012236595153809, 879.0529509512562
1.9131221771240234, 768.5573504603963
3.6069464683532715, 762.9066544625966
3.6564197540283203, 663.7303382060782
6.418156862258911, 612.7603340467176
T51
1.8982985019683838, 915.8352600494836
2.247720956802368, 833.7033978994732
2.3990793228149414, 781.5330324716633
2.6509275436401367, 727.3245052044076
4.014030933380127, 674.6252718614851
T52
1.3861660957336426, 878.3157527156582
2.142122268676758, 698.4794100007566
T53
1.8522508144378662, 998.4566500461224
2.1027817726135254, 966.027811205553
2.4633634090423584, 762.4525638699561
4.18918514251709, 723.58056194034
11.714555978775024, 704.5767810383259
T54
1.1011247634887695, 991.9883730383444
1.8139317035675049, 877.2726467599568
1.864772081375122, 765.3744621828664
2.315526008605957, 738.1093652367708
3.0324110984802246, 686.8658308406011
T55
2.098931074142456, 1001.2159899340331
2.2034828662872314, 975.6503807633126
2.6638636589050293, 767.7314437438617
4.173367977142334, 755.2983284389484
4.979254961013794, 735.2482337033871
6.536162376403809, 696.211291362255
T56
2.0972046852111816, 838.2321496643126
2.294968843460083, 826.0729465851618
2.604512929916382, 635.501870417298
T57
1.192363977432251, 1016.1983798196743
2.0462241172790527, 884.6354812777281
2.1974618434906006, 693.5417954253644
2.248669147491455, 676.8331136474444
4.335346221923828, 668.5714379639685
6.9876720905303955, 623.039850913483
T58
1.6509613990783691, 891.4787693130784
1.8506994247436523, 825.713192602052
2.7193288803100586, 794.2656696392369
3.0872268676757812, 757.9343567061878
3.8554675579071045, 720.5916412415972
T59
1.9003241062164307, 847.3466444946098
2.0537807941436768, 832.2824815437925
2.6602377891540527, 815.8965408477961
2.9180636405944824, 786.3851578291215
3.569164991378784, 735.0037571186695