T0
2.049156665802002, 123.88372282248889
10.253056287765503, 77.97993321473618
T1
2.6439695358276367, 117.8303718544472
4.694913387298584, 80.93600185610697
12.89905595779419, 65.44133080817377
21.10316514968872, 59.51277237332653
T2
1.3572325706481934, 50.183766815099446
T3
4.310830593109131, 110.06839305193253
6.361822843551636, 85.17076471915993
20.719132900238037, 32.08140086559838
T4
4.3578197956085205, 30.860973869608706
T5
8.084387302398682, 96.55794514527483
10.135366916656494, 83.14762084989093
40.90139603614807, 72.3642898572095
T6
3.0041697025299072, 49.79923911049946
T7
1.3095788955688477, 65.6666689584712
T8
7.647290229797363, 130.19154681113838
11.750102043151855, 85.96301802181752
42.515554666519165, 78.44983026175495
T9
4.985611200332642, 97.82266517309615
13.189577102661133, 88.31347012148112
15.240763902664185, 77.52303232728866
29.598416090011597, 48.61068385660104
T10
4.019335746765137, 146.42381117732896
6.070387125015259, 112.01545028572805
10.172536611557007, 98.34346643466475
28.632741451263428, 74.54130470434391
T11
3.002455949783325, 179.19417822695453
5.053397178649902, 86.3034359730742
15.30877161026001, 70.30979162368902
21.461607933044434, 34.16390822214044
T12
6.5807785987854, 129.23010908543154
12.73380994796753, 108.70724453425828
16.835946559906006, 106.45441656778426
20.93807077407837, 77.90226235295117
27.090940475463867, 74.70751098780282
29.14199185371399, 70.33653362902828
T13
3.1500985622406006, 72.23291512121644
T14
4.470252990722656, 85.04711491566272
24.9810688495636, 70.60639654733345
33.18532419204712, 66.48806823740651
T15
2.3245432376861572, 126.53369816612799
6.426503896713257, 99.03163031829936
12.579446792602539, 63.429173710855245
18.73272705078125, 57.57454981498151
T16
4.84239649772644, 110.027525395288
17.14828586578369, 104.83381362192395
19.199337244033813, 91.99037495595084
21.25040364265442, 59.884692210359916
43.81207752227783, 17.931525930004163
T17
2.4240176677703857, 113.57832546759272
4.475008487701416, 90.04852906977604
12.679030418395996, 71.24558246501444
20.883251905441284, 57.17881056808135
T18
1.116309642791748, 66.53402238572075
33.93296146392822, 53.91132419225674
T19
3.4379796981811523, 177.5424901666876
5.488990783691406, 83.05505039555842
15.744175672531128, 68.03137505963437
T20
3.033350706100464, 92.67988800769115
5.0844433307647705, 64.4054776882263
9.282857894897461, 62.12789629270942
21.58880615234375, 53.17638587783287
T21
3.927457809448242, 95.38651307589622
12.131769180297852, 77.31548524614125
28.540560960769653, 65.26982663269801
T22
1.6495211124420166, 132.84197901619618
7.802741050720215, 120.82344794786454
11.905070543289185, 114.08186998263136
20.10944151878357, 104.87682619948211
28.313694953918457, 101.98582081519453
34.46687364578247, 67.93112642899328
T23
0.9225318431854248, 81.18904958607806
31.688121795654297, 72.34454919035602
T24
4.015202283859253, 122.07829290737585
10.168195724487305, 103.58878638157255
38.89010691642761, 58.538468924170076
T25
3.9224467277526855, 87.65524779678182
24.432122945785522, 82.69035925941739
30.585047006607056, 80.63971388644217
32.63609576225281, 79.61647027118906
36.73809242248535, 79.47587088992645
38.78913426399231, 73.63245441494149
55.19700765609741, 58.75496556306093
59.29919385910034, 57.741037118198776
T26
2.8605661392211914, 74.51409404122322
15.16661548614502, 69.79189985772103
T27
3.2944538593292236, 110.94455900357956
13.549805164337158, 81.00835943269348
23.805115461349487, 69.45515562383662
46.47639060020447, 18.324294173442393
T28
1.212670087814331, 74.07366358138452
T29
1.744910478591919, 84.3360989153486
26.356769561767578, 58.79530348313703