T0
2.609095335006714, 26.135387160917162
T1
4.988911867141724, 173.9531445216271
5.1355016231536865, 166.5535007421131
5.329968690872192, 157.97048433450982
5.378764629364014, 149.34412763822183
5.427501440048218, 123.88215356813453
5.768572568893433, 121.09133155866584
6.060422897338867, 117.07137380298809
6.255418539047241, 109.43344271731621
6.352912902832031, 102.97383277057088
7.619046449661255, 97.27359651000006
9.225326776504517, 95.27412082292722
9.274012565612793, 87.25997003784869
10.247766017913818, 77.7071557984018
10.68735957145691, 76.59128781351319
11.663382530212402, 71.30369037490163
12.152769088745117, 70.69092780286155
12.201771974563599, 62.597114317526575
13.809264898300171, 43.472598028034554
14.733757972717285, 42.22003977606073
16.827076196670532, 38.486177657629014
T2
1.2794592380523682, 108.69347736802592
1.5227875709533691, 66.20973417932692
2.1060359477996826, 59.25983360539249
3.5653412342071533, 56.94517384834762
3.759793519973755, 56.61412845917221
6.868753433227539, 55.17605329226353
7.160376071929932, 54.19848305825144
7.257527828216553, 53.286522177702864
7.500470161437988, 43.604634524395806
T3
6.154588937759399, 134.36235417005082
6.640766859054565, 127.22830776113551
6.689406871795654, 107.1201424592
6.83524489402771, 102.38213268241088
6.98103928565979, 98.15872943104478
7.029686689376831, 94.40681651151681
7.175404787063599, 83.40104605990928
7.418581247329712, 63.651465859642485
8.685385942459106, 56.910914187305025
11.408863306045532, 56.177790084970184
11.505977869033813, 49.43568529377808
12.283992528915405, 49.17560450936435
T4
3.299151659011841, 159.5589343208121
3.396664619445801, 110.88944318321592
3.4943959712982178, 97.76481529443117
3.689429759979248, 57.31668875961623
4.5180511474609375, 50.335834983416134
5.247696161270142, 41.63032410823507
6.171520948410034, 36.30186826027057
9.675121307373047, 34.126434295554645
10.209520816802979, 33.54493416227342
12.106885433197021, 33.126712976256385
T5
6.108662128448486, 119.92118615546497
6.595249891281128, 91.40463932562852
6.6923346519470215, 86.37905387952924
7.373837471008301, 70.41144354552671
8.93064832687378, 57.30299276812002
10.438148498535156, 55.92605258458934
11.80115294456482, 55.36909516873129
14.136052131652832, 52.44012036010099
15.254613399505615, 51.042049317387864
15.449043035507202, 47.93161499321286
16.471476554870605, 45.84474595730717
T6
2.132521867752075, 124.33544463134604
2.1811106204986572, 113.49977536367078
2.3766427040100098, 103.863224367582
3.7411367893218994, 101.64906060283829
3.887589693069458, 94.49741143315623
4.033470153808594, 89.83178468199912
4.568091869354248, 86.01314617213211
6.513909101486206, 68.90148164461425
7.487231492996216, 65.18934105946391
7.584545612335205, 49.75850454180909
8.362908124923706, 47.51662308657251
9.334959983825684, 42.880423223105026
9.918388366699219, 41.86815962876426
11.57500696182251, 38.52934135866235
13.373922348022461, 38.3266203696985
T7
0.9256265163421631, 63.41051264388079
T8
6.307210445404053, 165.44130005365878
6.404481410980225, 139.3213358934736
6.501563549041748, 119.97838006797247
6.647178649902344, 88.45257898532145
6.987558841705322, 88.07284299196908
7.084713459014893, 73.45195326955582
7.717642784118652, 52.54057472158456
12.392107963562012, 48.740855214724434
T9
1.5556106567382812, 43.07849576418812
1.9931237697601318, 31.681547976550064
9.285236597061157, 23.526617838346283
T10
3.7402539253234863, 72.29492392703833
3.9346368312835693, 53.32378449891985
4.177605628967285, 42.592403451883
11.669423341751099, 38.922493453588686
15.112399339675903, 38.34664805418288
T11
3.296778678894043, 105.03804845966806
3.3940649032592773, 84.45241359419015
3.4426779747009277, 69.43358489147795
4.0753045082092285, 59.80227242752153
5.097531318664551, 53.80687690821651
5.779426097869873, 46.84548623469891
5.925344467163086, 43.12670984872966
6.11992335319519, 40.88894821170834
8.501118421554565, 35.81397250623559
T12
3.3254787921905518, 52.451476144691696
3.7133982181549072, 49.45375918922946
5.0235981941223145, 46.91982207339606
7.796000719070435, 32.90253888623556
8.08776593208313, 31.712092021945864
15.231319427490234, 29.81798254471505
T13
6.64172101020813, 99.95284440442629
7.4192891120910645, 68.76137813608511
7.759974479675293, 62.04710580751998
9.122734546661377, 50.77706663982826
12.18813443183899, 44.54080108900962
12.917592287063599, 31.57787142205052
T14
9.313404560089111, 105.04847683552362
9.70250153541565, 104.27593914496538
9.79968810081482, 103.63263496621221
9.8483145236969, 62.450296282433555
11.35779070854187, 61.33131174306618
12.28218150138855, 57.82962759422662
13.741495132446289, 55.370374762875144
17.92500400543213, 51.150575893887435
17.973586320877075, 50.350696836423595
18.022165775299072, 46.873855343219475
18.167784929275513, 46.19151297849021
18.75094771385193, 40.64580149661924
T15
1.3118984699249268, 81.56164757507213
1.4577064514160156, 78.68333301386156
1.7494935989379883, 78.28824441222241
4.003783464431763, 72.4062482201698
4.100943326950073, 66.82093523661024
4.246674299240112, 54.34702818495862
4.392542123794556, 45.56759267888265
4.5869269371032715, 21.198111041085212
T16
2.7643094062805176, 30.19671414626646
T17
1.216296672821045, 90.83960099802061
1.3135883808135986, 75.63363230500545
1.4109899997711182, 63.99900367076043
1.4598255157470703, 39.32494203920942
1.6059565544128418, 31.70554059409187
7.681758642196655, 25.260825774879777
T18
2.8420426845550537, 91.38782819590415
2.9390549659729004, 74.81541782058775
3.084594249725342, 56.55658067256445
3.8630073070526123, 55.05735572717094
4.3984785079956055, 52.73616790189408
4.544545888900757, 46.19585701635515
6.685403823852539, 43.549467960212496
6.783182382583618, 41.039396412234055
7.56169581413269, 32.724505478385254
T19
9.769034624099731, 48.81797775659652
10.400219917297363, 45.36314553144621
16.338944911956787, 44.892166187186376
T20
6.348803520202637, 160.83573556796182
6.83470606803894, 116.27016487327637
6.980535268783569, 102.6883197282441
7.0291454792022705, 91.10804092114267
7.077807664871216, 86.19247942682705
7.175113677978516, 49.83262943684531
9.463257312774658, 37.272764812762034
T21
2.8595242500305176, 142.034416705661
2.9566588401794434, 121.84600924293045
3.005338668823242, 119.70881901110988
3.1026248931884766, 73.58223209020798
3.297244071960449, 72.78475513431476
4.1749427318573, 70.44393256233889
4.75903058052063, 62.12333543898421
5.002627849578857, 61.325858483091
5.538087368011475, 57.30869361117948
6.2682435512542725, 56.11798713344615
7.09566068649292, 33.206736175110564
9.966531991958618, 32.966727279883344
17.993491411209106, 32.75583628770255
18.28505039215088, 25.852104858189705
T22
9.266395330429077, 141.4380504063156
9.55750322341919, 123.81664500814804
9.70342755317688, 114.66538232780294
9.752046823501587, 92.8150100462226
9.89839506149292, 88.02394255330728
9.94718050956726, 65.44090273573238
12.866681098937988, 50.36146626062691
14.083469867706299, 49.722248703750665
14.326733827590942, 49.58665968487912
14.423924684524536, 49.51098961671232
14.812607526779175, 44.61489599752531
T23
7.640345811843872, 153.87373981263954
7.83484148979187, 148.58372144079476
7.9810590744018555, 122.8952696948545
8.029785633087158, 110.78355400056171
8.224611520767212, 92.15323059970979
8.857074975967407, 81.46008016263659
8.954370975494385, 80.86008519363531
9.197882890701294, 61.09744692350796
11.19216775894165, 57.49041360410047
11.874285459518433, 46.36953225074103
12.165853500366211, 41.47131859585352
13.431382417678833, 40.953563768271124
T24
2.957653045654297, 165.65944927984674
3.15234637260437, 130.7634367941937
3.200985908508301, 108.92477076650539
3.2496378421783447, 102.00618973183737
3.395702600479126, 97.23317458870588
3.638808012008667, 96.6523907440569
4.659619569778442, 94.33721227476781
5.000042915344238, 74.24021403606457
6.510980129241943, 62.4408132420067
7.241305351257324, 59.05325505902874
7.3390467166900635, 57.75013407165534
8.40940237045288, 57.637478090051445
9.495559930801392, 51.093186168014654
10.565210342407227, 37.27738365215191
T25
3.2963943481445312, 132.2317859273171
3.3452844619750977, 88.35097348391719
3.6856980323791504, 86.3279379925516
3.831592559814453, 70.36547167904791
4.02599835395813, 68.31041091526276
5.339811086654663, 66.71324384165928
5.6316680908203125, 47.96517142621451
T26
6.638770818710327, 57.629130687972065
7.850406646728516, 55.26262777217198
7.898977756500244, 37.46276142328861
T27
9.626896142959595, 65.71794795311871
10.743140697479248, 61.71869078888267
10.985740661621094, 40.892988127074204
11.325698852539062, 35.176805473383865
12.29921817779541, 26.693214598475606
T28
4.411078929901123, 174.9801264526468
4.556772947311401, 139.4259965736128
4.75216269493103, 135.1830738932622
4.800883054733276, 123.42257757420884
4.898248195648193, 108.72874830283399
5.092983722686768, 99.79527711596165
5.384443044662476, 93.48262641970359
5.433033227920532, 83.91192661265086
7.819807529449463, 83.59557417065662
7.917012691497803, 66.74583334120689
9.181699514389038, 64.63019802598865
9.862865209579468, 61.05164366432291
12.683716773986816, 59.7006629989628
13.364636421203613, 54.48720463448262
T29
2.427626609802246, 68.74645850958768
7.332727909088135, 67.81105997976556
T30
0.8784701824188232, 47.543121618407895
0.927081823348999, 39.15621271339478
1.0242717266082764, 29.978438522288343
1.8997514247894287, 22.024759841064224
7.110732555389404, 20.806626883684658
T31
9.19750189781189, 97.32256727913045
9.732368469238281, 91.7888469005702
10.024750471115112, 90.58170021475235
10.07353162765503, 64.81063673157769
11.736576557159424, 58.3078612111276
12.514424800872803, 57.804207494162256
12.952230215072632, 50.86788703969796
13.049982786178589, 46.44793515179481
13.487149000167847, 43.249375092898845
13.778634071350098, 37.5020321442571
T32
0.7782776355743408, 39.78359828105022
1.6993200778961182, 37.866934622245026
17.59397530555725, 26.431556729599833
T33
6.0562098026275635, 97.23028693169181
6.250899076461792, 96.58891694630438
6.348227500915527, 93.39314961548371
6.396874189376831, 92.68021635552577
6.494072675704956, 88.4615787883813
6.5913941860198975, 87.95419435670192
6.640000820159912, 84.52558977417357
6.68861985206604, 70.8205520343763
7.27314305305481, 54.492593699280405
9.900904893875122, 50.40847714569827
10.48433542251587, 47.365609208034584
T34
2.3794522285461426, 132.28232677828055
2.4766969680786133, 120.24590537673794
2.5737805366516113, 103.73496564864763
2.622410297393799, 103.07873884229048
2.671060085296631, 97.6924018402351
2.8656251430511475, 94.16192364999733
3.157428741455078, 73.87994505319512
4.3246142864227295, 69.05287413435872
5.0554609298706055, 51.35459890913626
5.882631540298462, 49.19791925442405
12.240890502929688, 46.31836933987506
T35
6.579944133758545, 98.3738837952551
7.259403228759766, 81.55010253787623
7.405249834060669, 54.32429547139327
8.08688497543335, 46.42551436557551
11.005388498306274, 44.59324341786851
T36
4.072484493255615, 92.41567804578517
4.2183942794799805, 69.79400777517003
4.36488151550293, 59.64277549798135
4.802675247192383, 54.569113492252654
5.143035888671875, 53.39701678333222
5.922595739364624, 51.83351074498205
6.117164611816406, 42.89859780560073
6.847906827926636, 42.52957505945233
8.063831567764282, 37.57768997333187
19.050225734710693, 17.664207611916936
T37
9.295151710510254, 145.66420093743363
10.266618728637695, 112.49988550991111
10.655896663665771, 112.11983270024939
10.704569339752197, 76.79310687538236
11.190882444381714, 62.59697873950063
12.215587139129639, 59.830914007048705
14.308024883270264, 55.931016674716375
14.60063648223877, 52.03122831766086
14.64937138557434, 51.91093108887435
15.234238862991333, 50.55432565815863
15.477535009384155, 45.976799803378526
18.836708068847656, 30.33811464282917
T38
1.703263282775879, 115.11214288861083
1.800429344177246, 70.39464778502588
2.092829465866089, 69.23718072839256
2.3360328674316406, 67.03624172280252
2.773550033569336, 66.12398875346116
2.919506788253784, 62.97281410894357
3.017055034637451, 58.294309161719866
3.4057438373565674, 54.94316444848664
T39
4.217038631439209, 106.7977339905483
4.605724811553955, 103.99751416119398
4.65465521812439, 81.63730625959579
4.75232458114624, 77.53562899128883
4.8496012687683105, 65.06490544814733
5.822963714599609, 64.31538087570516
5.920486211776733, 62.87496998491406
6.601230621337891, 56.232323522810475
6.6498589515686035, 52.29583403358993
8.836482524871826, 48.43925588429556