T0
1.9473073482513428, 967.4063229420244
2.1484081745147705, 858.9244264392873
2.8002026081085205, 759.9580644874368
4.792540073394775, 740.1310416343149
7.4550461769104, 705.7108995429007
T1
1.6384191513061523, 958.938681086147
2.1457602977752686, 890.523173116253
2.1966960430145264, 649.5874894572116
T2
1.5315215587615967, 810.596063439687
2.03991961479187, 809.5306530815906
2.40022349357605, 795.2746515422514
3.0701847076416016, 780.7056723086862
3.119779109954834, 642.2667601446628
T3
2.0095698833465576, 745.6511286221503
2.871473550796509, 728.8181651785453
4.4977991580963135, 717.8296012231585
9.519890069961548, 716.082633634458
T4
2.2036995887756348, 1047.836639600595
2.5495665073394775, 908.2433522625797
2.9043331146240234, 775.2472684603272
4.064639568328857, 748.6834633179315
4.703272342681885, 734.8160218239755
5.198969602584839, 692.9799626356944
5.3461432456970215, 655.4608660778249
T5
1.8318257331848145, 963.1623721450851
1.8849759101867676, 958.1527555927787
1.9850847721099854, 847.0961750802526
2.6436684131622314, 808.3848279906451
2.83998703956604, 665.8409411503926
3.185882568359375, 663.2158912601335
T6
2.389801502227783, 1002.3491340654182
2.6870882511138916, 793.2070901487969
3.5993611812591553, 723.6496647046188
T7
2.2880537509918213, 889.2843780946714
2.7370080947875977, 706.9052159171297
4.75818657875061, 635.2769497752488
T8
2.2315802574157715, 937.1807851044505
2.582381010055542, 872.8274990637183
3.1331491470336914, 771.9367521970707
4.18801212310791, 723.251878319581
9.099883794784546, 652.11837636161
T9
2.183101177215576, 978.5086977456704
2.335418462753296, 854.7510287898913
2.434382438659668, 779.6144257299165
2.6850664615631104, 774.6165845352734
3.1852145195007324, 773.7118627218188
4.036201000213623, 752.0204494769496
4.239048480987549, 750.1445553077137
4.34075403213501, 710.1783160490486
5.791729211807251, 695.8601405360896
T10
1.9942996501922607, 803.9030282903987
3.609326124191284, 666.188128872629
T11
2.620828151702881, 783.7069899030357
2.720980167388916, 723.1736006847095
5.530820369720459, 708.5246828312993
T12
1.993922233581543, 873.6167493986613
2.0965752601623535, 770.3067448458278
5.636772632598877, 749.1974492654808
6.924284934997559, 748.5763182146293
7.220102310180664, 725.7717138989756
T13
2.100728750228882, 893.1979136261434
2.5511515140533447, 890.8016313704611
2.8013904094696045, 846.6386986849757
3.256246566772461, 767.6334595698427
3.4555017948150635, 739.3605401893801
10.95666241645813, 678.5011245753303
T14
1.7875146865844727, 740.866339475775
5.114814281463623, 681.2287283276964
T15
1.8966917991638184, 856.7190954978505
2.764286518096924, 799.7276486746196
3.5187666416168213, 626.1344145120675
T16
1.832991600036621, 994.3681899510266
1.9857962131500244, 943.1597345108057
2.7389891147613525, 743.3825909448715
4.012708425521851, 743.2736759677828
5.419292211532593, 714.1897325078098
11.1796875, 697.296115222558
T17
1.536590337753296, 888.4847724804276
2.4348220825195312, 736.6590145424489
4.181639671325684, 692.1226664232308
T18
2.3336150646209717, 878.0354207623386
2.8871705532073975, 773.3948556558462
3.942627429962158, 736.8596670108091
4.69005823135376, 717.1555849321958
9.842810153961182, 705.4790453096793
13.443527936935425, 653.6441576287943
T19
1.898341417312622, 904.4741881802584
1.9475634098052979, 745.7605523064558
3.522869110107422, 742.8739166271771
9.333255052566528, 724.8966364664011
T20
1.9400482177734375, 902.8252655596079
2.3399901390075684, 795.9669170580892
3.706843852996826, 738.983179072824
3.9088544845581055, 736.6128963062874
7.150146007537842, 699.6098495493679
T21
1.9931292533874512, 1213.041891004501
2.1964714527130127, 771.4470847717675
3.2053229808807373, 671.9446379376241
T22
1.4415950775146484, 741.1098952918401
3.4441378116607666, 714.0517859282445
4.199547529220581, 663.793504914498
T23
1.600738286972046, 808.8443089174725
3.0646402835845947, 745.8036008359413
3.1136417388916016, 663.7201854278028
T24
1.6337506771087646, 1000.1942691483782
1.9358975887298584, 888.5430810149555
2.1416568756103516, 851.102355320676
3.32946515083313, 769.2094566256092
3.93713116645813, 702.6155008058522
T25
1.7966408729553223, 708.895709453438
3.208103656768799, 708.2498653775547
T26
1.7877724170684814, 915.20716871084
2.08834171295166, 908.877520567079
2.7388758659362793, 806.9006822479059
3.987985849380493, 681.5140726455174
4.239028692245483, 644.9783992394914
T27
1.8745107650756836, 738.2523451733468
4.604434013366699, 688.3631324731105
T28
2.3957133293151855, 1024.069738440554
2.445012092590332, 922.6313252199834
2.5922558307647705, 756.9793113760352
2.8946259021759033, 703.1291354898203
T29
1.9914989471435547, 991.9833769765173
2.345568895339966, 745.1785894707609
3.751589775085449, 725.59894459317
8.294975280761719, 710.6478857171387
T30
1.7018136978149414, 918.3070971368579
2.514845132827759, 905.3164324456193
2.61389422416687, 803.034134719579
3.726877212524414, 764.0579452943493
4.12534761428833, 692.541069673578
T31
1.4377763271331787, 818.9958446534038
2.670997381210327, 747.2981203002491
2.9322917461395264, 729.3302607556652
T32
1.8015856742858887, 1014.7576453757756
2.0991382598876953, 888.1449479581061
2.4026381969451904, 835.3806184356254
2.452040195465088, 716.3439523471025
4.427746772766113, 689.0813825962214
T33
2.0780246257781982, 674.0038560322464
T34
1.5454065799713135, 841.9823003203637
1.649364948272705, 821.1897745435053
2.4212729930877686, 783.7583470272293
2.5767149925231934, 680.4743637208157
T35
2.1474897861480713, 1050.945292126802
2.1965627670288086, 759.6983822215152
5.243821144104004, 662.30807198197
T36
2.188847541809082, 868.572431520708
2.4441468715667725, 861.1639539006901
3.4019882678985596, 785.0937249046401
4.253895282745361, 765.1180539001434
4.7064666748046875, 729.7907657422002
4.757468938827515, 728.7159356712291
5.454845190048218, 599.7031370820296
T37
1.5424134731292725, 672.6185995520536
2.593287229537964, 656.3133919994725
T38
1.8299899101257324, 733.5984836552889
5.304117679595947, 654.7777047462769
T39
2.4995357990264893, 1000.1193768047306
2.6525871753692627, 982.0613547278335
2.9061472415924072, 898.9613352292872
3.007673740386963, 693.7155892498449
5.470738410949707, 658.3871639106619
T40
1.5323295593261719, 840.1596934812842
1.8835208415985107, 791.3617279251921
2.6488239765167236, 791.237154098937
2.956965923309326, 746.4599384490684
T41
1.791060447692871, 688.0069930829341
T42
1.9942646026611328, 909.73989094426
2.043172597885132, 747.627903078188
4.665451288223267, 669.0382110260471
T43
1.8314423561096191, 742.2695879345229
2.432636260986328, 659.8090689482779
2.5870659351348877, 656.0901406834892
T44
2.239926338195801, 962.9727453612759
2.540318727493286, 806.8438110568459
3.4029102325439453, 753.9002351447161
4.4165260791778564, 713.8429802024511
T45
2.243647575378418, 709.6772493990029
T46
1.6369538307189941, 1091.8317620724629
1.743387222290039, 861.7825564588857
2.200284004211426, 736.9557089147602
3.541743278503418, 731.254850703499
3.8896360397338867, 711.6703237768961
6.984618902206421, 708.3211505740401
T47
2.0407166481018066, 867.3177575253285
2.7964913845062256, 760.1147760483364
2.9992690086364746, 699.9308107211509
3.0501344203948975, 697.709781730573
3.2623860836029053, 686.217260151996
T48
1.0418646335601807, 762.5433944480064
2.5174190998077393, 735.9749194085452
T49
1.73317289352417, 986.9344105042001
2.1830461025238037, 853.6444188539208
2.6871209144592285, 680.8904695704186
4.590017795562744, 644.1794103820212
7.281089782714844, 641.4964943209525
T50
2.08355712890625, 792.9517415954906
2.635563373565674, 725.6520708867793
5.090743064880371, 724.5105324302531
9.93710207939148, 684.131813732045
T51
1.543759822845459, 757.4979017470941
2.7076075077056885, 750.1685577519129
4.452321767807007, 730.8989437855998
5.047405242919922, 730.16393730032
T52
1.6878535747528076, 1026.2300869930186
1.9427142143249512, 710.9971253701187
5.5591654777526855, 680.3289353804321
T53
2.394805908203125, 763.3589059814694
2.80281400680542, 682.0791366568737
4.360278129577637, 674.9093859301429
T54
1.6913747787475586, 902.4233590554686
1.7419226169586182, 747.3440429038783
2.4600489139556885, 696.8320344747299
2.6112494468688965, 680.3258269119542
3.1648354530334473, 678.797950792421
T55
1.9184589385986328, 1004.4317056749678
2.067462205886841, 982.1797077197007
2.170276403427124, 659.5664825555577
4.090965270996094, 584.0779263976256
T56
1.1339340209960938, 807.8942042059134
2.657123565673828, 782.770453478166
3.6721765995025635, 736.7692371543635
4.278391122817993, 731.364702284387
5.828474044799805, 699.2260936892671
6.46773099899292, 690.985525409309
T57
1.4395031929016113, 932.0080041374822
1.744748830795288, 823.047436257275
1.9991776943206787, 799.8704036494128
2.3518362045288086, 762.4767423304147
T58
1.857011318206787, 924.6267920360042
2.007699728012085, 886.3796270440762
2.3635215759277344, 878.3356692690686
2.412382125854492, 797.6138102455043
3.4119060039520264, 714.7728183794425
4.614514112472534, 613.7671031460341
T59
1.796039342880249, 1007.2473064119404
2.509061813354492, 788.9468437580799
2.9191977977752686, 759.4342806681452
4.079634189605713, 751.328867928587
6.022339582443237, 750.2946589545718
6.764943361282349, 699.3113211656528
7.158243656158447, 668.8934812911175