T0
1.8151843547821045, 70.46174731665339
30.532787799835205, 68.60705674889013
T1
3.590521812438965, 96.89230361966169
5.641728401184082, 32.86796699902487
T2
9.267681121826172, 237.6950790242213
13.370137214660645, 152.6350328014859
15.421366214752197, 125.69950789215503
21.575143814086914, 101.06839178868276
23.626517295837402, 87.37729692406508
T3
1.634455919265747, 95.75701936756344
20.139283180236816, 79.20796884283227
T4
4.460873126983643, 122.45138883008678
6.512080669403076, 119.75636235138751
10.614420413970947, 102.57654604415671
12.665621042251587, 78.4309316845669
T5
6.402945518493652, 112.26213070376039
10.50523042678833, 108.12621992621256
16.65885305404663, 97.14956875172074
22.81355905532837, 91.70577824489088
37.172191858291626, 89.59950967450295
T6
1.7648637294769287, 52.290287468629785
T7
4.230840682983398, 143.15104952538874
8.33320665359497, 73.87301197634036
12.435341358184814, 62.33538558807635
T8
11.69219160079956, 62.94839954910021
T9
4.264878034591675, 71.1487614566856
T10
1.6519603729248047, 92.45191476867842
20.112102031707764, 83.01358514309143
T11
6.795871019363403, 196.26627644774345
8.847086191177368, 89.16749112550538
10.89833950996399, 87.37310708997566
T12
4.945987939834595, 78.4649878563281
39.816335678100586, 70.25545801622168
T13
4.798004150390625, 88.0014212312614
21.207051992416382, 83.9223382872729
23.25822949409485, 69.66582643626424
33.51430916786194, 63.02093880466014
T14
5.235178470611572, 102.72433729998869
7.286475896835327, 85.6183920803509
9.337646961212158, 78.51731156173555
15.491219282150269, 68.46542367096926
38.055458545684814, 27.423964495254168
T15
3.056732416152954, 143.76205752878596
13.312310457229614, 137.95818356310605
15.363525390625, 120.23233850964073
19.46569514274597, 112.9443745780401
37.92641043663025, 88.51862886923425
39.97755551338196, 78.21869493837305
T16
1.5410687923431396, 134.92747299239255
3.592193126678467, 101.09851021085646
9.745773792266846, 92.5845107826959
13.848230838775635, 81.58793232376458
28.208876132965088, 68.41233808692463
T17
1.8448328971862793, 102.81775710596922
10.049685716629028, 100.91001000195111
38.7677047252655, 81.86181703970834
T18
2.575160503387451, 80.20844187613082
27.190266847610474, 75.35842811365359
T19
2.914807081222534, 125.91573290838824
4.9660420417785645, 85.34490272992653
21.377590894699097, 85.13150995882131
T20
4.279918670654297, 125.10361579367294
6.331192493438721, 111.32139081185743
12.484703779220581, 111.22266561104993
14.535972833633423, 90.76400502936725
20.689839839935303, 51.80316229422458
T21
10.767449378967285, 108.91946182550463
23.0744309425354, 108.20783816290006
27.17703342437744, 56.74365454250339
31.279568433761597, 47.788573934627316
T22
1.0710382461547852, 24.10658452161268
T23
6.969681024551392, 74.3808518670997
T24
0.9737956523895264, 33.59424565779834
T25
3.155027389526367, 121.23618317909774
9.308319091796875, 71.20304388653483
21.617074489593506, 64.3676126653776
29.82236099243164, 48.61315620111144
T26
2.815096139907837, 112.56831545784307
6.9156787395477295, 99.43650875000469
13.069539546966553, 80.58215917022281
T27
5.731137275695801, 100.66821468506234
7.782391548156738, 90.9638303835518
T28
3.1017346382141113, 103.46700260324559
17.460599660873413, 86.2669237584463
37.97347593307495, 83.66925991616793
40.02488708496094, 79.08845589737493
T29
1.9676363468170166, 108.50047147566337
10.172196626663208, 83.81341474066889
18.377269744873047, 80.16331165052114
22.479910612106323, 66.65439076509139
T30
0.8273172378540039, 89.6110721304863
T31
4.233609676361084, 95.25135919487786
24.746097803115845, 92.71188801304228
26.79741334915161, 68.4178019441011
T32
2.6698050498962402, 93.08329169648981
35.489591121673584, 89.91042476085363
37.540971994400024, 77.0298897265709
T33
2.5738649368286133, 148.1157458981421
4.625202655792236, 58.31825109125875
T34
1.6969797611236572, 102.36644127470049
9.901731014251709, 102.25615003649004
11.953007221221924, 89.70842860373094
30.414575576782227, 80.06432813609284
T35
8.93167781829834, 148.64454445742308
19.18716549873352, 117.24645086855537
21.23835515975952, 116.95416772401738
23.28959059715271, 97.8495504843024
33.546218156814575, 96.05627716397566
37.6487398147583, 85.10688610561719
T36
6.32748818397522, 91.33432774982799
10.429996728897095, 77.56007677855585
16.583803415298462, 63.80062970892459
T37
3.588373899459839, 146.38694063139258
11.792970418930054, 123.99768509304009
13.844170093536377, 93.83588777232966
19.998098134994507, 83.76250374337911
22.049567222595215, 82.64268199339992
T38
10.361728429794312, 152.74712303996085
12.412810564041138, 101.32480987973956
16.51517629623413, 87.62769478877652
28.823111295700073, 83.12812113155542
T39
7.368570804595947, 165.8516438798587
13.521672248840332, 135.4340401750667
15.572894096374512, 47.93687580299201
T40
2.1653831005096436, 124.53001484533704
6.267619371414185, 116.3176864648313
8.318880558013916, 104.79897969738155
12.421426057815552, 42.86508154990112
T41
0.7309582233428955, 58.08545703924224
T42
2.9122705459594727, 60.384240890611
T43
5.387097597122192, 148.26899493915252
9.489500761032104, 114.80955674817062
27.97555422782898, 109.95494077760101
38.231542110443115, 101.71577751250331
T44
2.556642532348633, 152.00006619406608
6.658956527709961, 130.2051491500746
8.710007905960083, 120.62533799882111
16.914868116378784, 106.7906700290907
21.017491817474365, 98.64904866519292
29.22218608856201, 88.43307068391101
T45
8.967917442321777, 110.05161636700615
15.121297121047974, 93.06847725546737
19.223923921585083, 88.13007920018387
T46
5.670790672302246, 117.68148794394213
7.722036361694336, 101.96953375391699
9.77327561378479, 96.26150922345171
11.824604034423828, 85.83735889315574
28.234803676605225, 81.90226011621206
T47
4.960872411727905, 141.27677431713875
13.16554594039917, 117.75680380065769
23.42181372642517, 74.87224052033136
25.473062992095947, 64.53633262402357
T48
1.3619303703308105, 96.45645939115374
5.464054346084595, 88.9168329112608
7.515354633331299, 79.76195554123561
T49
9.399559497833252, 79.91886926034302
19.65546751022339, 55.16720480774927
T50
2.570800542831421, 87.52796955760635
4.621830463409424, 48.05266568767098
T51
1.2643992900848389, 63.553043863706264
T52
10.922546148300171, 154.074449340961
19.12761116027832, 132.66422744289005
21.17835783958435, 122.3111782039485
25.2810218334198, 90.97155522210558
31.434776306152344, 85.0898799074447
T53
10.899148941040039, 173.9822598370692
12.950380802154541, 170.31737136653717
15.001652002334595, 168.42616152722
17.052958488464355, 118.64748819619336
23.206594228744507, 117.03175451925755
27.309080362319946, 78.08575447048435
T54
0.8269243240356445, 54.629001807233294
15.1851167678833, 29.370657303978774
T55
3.2057456970214844, 66.7055229657781
7.3082475662231445, 61.31076561438369
25.769504070281982, 51.50263810228678
T56
1.2144603729248047, 99.35248821294572
3.265490770339966, 97.62694887948797
17.632995128631592, 91.4136950489605
38.144999742507935, 84.02042215083794
T57
5.816038131713867, 122.55693740989125
9.918229579925537, 111.33234782879718
20.174646854400635, 77.58349176415754
T58
2.4871456623077393, 75.14574176044749
T59
1.214590311050415, 69.98731823093445
19.703320741653442, 63.538561084270064
T60
6.645088195800781, 93.61918175184815
25.105385303497314, 87.0072501307918
39.46437358856201, 84.70421007009239
T61
4.222381114959717, 105.30554360987252
37.04240870475769, 92.33677989298367
T62
1.8438427448272705, 96.32290129587363
7.997391700744629, 82.27059489737512
24.40758180618286, 78.9701386074944
30.561458826065063, 52.91903644774153
T63
2.6659390926361084, 177.80959758122094
4.71707010269165, 152.77658140895858
11.07771110534668, 119.30506312758077
13.129027366638184, 101.97129512792247
35.692615270614624, 69.37186541095332
T64
10.555774688720703, 123.16231672991611
18.760051727294922, 116.85973486648949
22.86238956451416, 71.1830733432722
31.067829847335815, 65.38566985890284
35.17042136192322, 63.890681088493366
T65
1.9866840839385986, 46.37694569975861
T66
2.3738043308258057, 99.84292799451472
6.476317405700684, 92.11884291517251
10.578961372375488, 90.36311912505118
16.732969284057617, 68.61009463461471
T67
4.990914821624756, 123.53024402571694
9.093317031860352, 78.85647105579986
25.503570556640625, 74.53013555990523
29.60618019104004, 54.406300956439836
T68
2.476046562194824, 116.73265788254785
12.801953315734863, 111.19902179300145
23.058472394943237, 108.31518676148558
29.21234130859375, 84.7224630043147
T69
3.6916561126708984, 161.8868995313974
7.794029951095581, 104.26239033679497
13.947529315948486, 73.06804357063257
32.40962338447571, 55.57257858210189
T70
5.07647705078125, 133.98376855636317
39.94531798362732, 113.28487639409389
T71
9.393152952194214, 113.08548623952345
11.444395780563354, 104.74541871343105
23.751362562179565, 103.57809471224968
34.00802421569824, 93.5625064197026
T72
1.3108844757080078, 84.0043840339254
7.464117765426636, 36.797075940265515
T73
3.787954092025757, 204.65862797271726
5.839184999465942, 146.11376681769192
7.890272378921509, 82.72002463073918
14.044028759002686, 73.89610080609445
T74
3.214322328567505, 61.43840479206846
T75
3.3985395431518555, 108.15567395235307
7.501003742218018, 103.19328133239178
11.603280544281006, 93.93761880496301
30.064825534820557, 85.79688863063015
T76
11.688506841659546, 108.98400926280937
15.7908194065094, 106.02386938555735
36.30278015136719, 88.03895487964263
T77
5.188583135604858, 178.01741264922313
7.23982310295105, 125.57051662448444
9.291161298751831, 77.28516328900979
40.060285568237305, 49.75082829204
T78
5.199260234832764, 121.82717004160875
11.352601766586304, 104.56823237665986
13.403905868530273, 98.88795749655317
25.71122431755066, 74.92510134825821
38.097917795181274, 74.22146153677544
T79
1.7996857166290283, 125.23399092356173
7.953389406204224, 109.073283127099
10.0047025680542, 107.15571408616044
16.15841031074524, 103.62761211461728
32.568280935287476, 89.97825004895712