T0
2.0170347690582275, 4268.00187916468
2.114191770553589, 4172.933527574125
2.162931442260742, 3443.4455486687
2.503826856613159, 3440.98020534058
2.7958710193634033, 3404.157985077567
2.844478130340576, 3314.303784674019
2.9418911933898926, 3128.7945712221263
3.136242628097534, 3050.900165933119
3.233719825744629, 2997.2400125998756
3.37984561920166, 2954.7838963288887
3.428408145904541, 2944.7575328660387
3.4769809246063232, 2906.1673212781097
3.5255138874053955, 2858.7927068051795
3.622789144515991, 2846.391293895038
3.914140462875366, 2843.09747385839
3.962698459625244, 2722.1183159459615
4.0112433433532715, 2689.0481934357013
4.059943437576294, 2656.0007911059292
4.108795642852783, 2634.7955866997363
4.30356240272522, 2624.2296437034893
4.400892972946167, 2613.18185103243
10.328974962234497, 2594.078995391901
T1
2.4163870811462402, 4072.869304621774
2.561875104904175, 4018.5646083415995
2.610407590866089, 3597.089045938337
2.658968448638916, 3542.7843496581627
2.8045475482940674, 3513.7338937211534
2.9018263816833496, 3453.002692988557
3.1936442852020264, 3361.121454477907
3.290691614151001, 3346.626793866686
3.387766122817993, 3285.625915898483
3.5334482192993164, 3207.7605154893463
3.5819666385650635, 3103.1184735543648
3.679112672805786, 3078.640785711672
3.824718475341797, 3043.459020145434
3.9220075607299805, 2982.2922948153137
4.358814239501953, 2955.67123881483
4.4075398445129395, 2928.142832053185
4.504551410675049, 2836.8330696313933
4.601759433746338, 2836.401825951936
4.650294780731201, 2818.4945182493175
4.844508647918701, 2760.4662129545177
5.718284368515015, 2738.140738608461
6.2037763595581055, 2733.6889301117044
T2
2.3408026695251465, 3727.75453012043
2.3894031047821045, 3488.371769833866
2.486772060394287, 3421.3796394687597
2.632603883743286, 3368.476791534711
2.6812655925750732, 3319.5463899356546
2.972750186920166, 3213.766104858936
3.1671323776245117, 3057.5347103523527
3.2157278060913086, 3055.380248812711
3.4104583263397217, 3036.3357639165333
3.507746458053589, 3008.7288618235034
3.653559446334839, 2970.963273658177
3.84797739982605, 2840.073323450757
3.8966360092163086, 2832.206725562588
4.090970754623413, 2827.5913045183115
4.188185691833496, 2795.0015785517317
4.431251049041748, 2720.8384929761014
4.625570774078369, 2714.4979397855277
5.063671112060547, 2712.2504765411068
5.453302383422852, 2710.4945283887937
6.3284313678741455, 2704.206840890176
T3
1.7935330867767334, 3507.725387369399
1.9390168190002441, 3426.597517498303
2.1330809593200684, 3302.08816369289
2.2787673473358154, 3254.2495841092386
2.327329158782959, 3199.692268566956
2.3759243488311768, 3142.6973903579856
2.4731907844543457, 3103.1371280598323
2.5217883586883545, 3048.405646670748
2.619033098220825, 3038.7231695003866
2.716118097305298, 3011.156256431299
2.7647159099578857, 2968.641782919629
2.8133904933929443, 2968.477419980496
2.8620412349700928, 2935.503720491666
2.9591619968414307, 2932.537826263775
3.007725477218628, 2928.273032948964
3.056286573410034, 2892.3943958061063
3.1048777103424072, 2875.8644198386173
3.1534407138824463, 2872.453812319014
3.202057361602783, 2862.1753878487216
3.2506492137908936, 2848.7076245796634
3.299212694168091, 2835.543619856893
3.396451234817505, 2827.1002541532507
3.4935460090637207, 2825.637807831554
3.5421037673950195, 2821.4897877234034
3.6878061294555664, 2807.233241219321
3.882164478302002, 2795.4767744372
4.027700185775757, 2790.387194733419
4.465238809585571, 2749.5629492704684
5.630164623260498, 2735.62583474
6.164386510848999, 2731.919241248477
6.261564254760742, 2725.659421457087
6.310172080993652, 2708.1222306349227
6.407348155975342, 2700.6621907287117
7.0390214920043945, 2685.189273968055
7.23367977142334, 2648.3409450378313
T4
2.32722544670105, 3744.1616642536173
2.375811815261841, 3660.4953931113632
2.473032236099243, 3607.7366073316225
2.5704572200775146, 3536.2913947528577
2.6190783977508545, 3468.956689771374
2.6677067279815674, 3406.3575383591524
2.765005588531494, 3361.42393661027
2.8140904903411865, 3360.2843246232587
3.009052276611328, 3274.943069234454
3.1066458225250244, 3266.2421008359306
3.303731918334961, 3191.4784705203565
3.3523900508880615, 3167.346932650282
3.4010169506073, 3136.682374415999
3.449648141860962, 2970.601834196801
3.49833345413208, 2901.359762172571
3.5470423698425293, 2868.0287255577787
3.741406202316284, 2841.883678791659
3.790004014968872, 2836.3145820777936
3.9844419956207275, 2800.860355523728
4.033045768737793, 2784.358443388948
4.17872166633606, 2746.583467791723
4.3243982791900635, 2740.485038711471
4.373028993606567, 2709.438997872101
4.42159366607666, 2688.518166127098
4.470167636871338, 2687.1382724452997
4.7619383335113525, 2666.36372979953
4.907806634902954, 2665.8108745092613
5.102467060089111, 2642.917396926139
5.2482452392578125, 2632.3175698332707
5.928435325622559, 2601.714377984157
8.022647619247437, 2582.9194019660426
T5
1.9393346309661865, 3352.652102494525
1.9878745079040527, 3300.682953455689
2.085001230239868, 3195.132843874184
2.1335597038269043, 3133.919409434966
2.23095965385437, 3122.9404737074074
2.2797019481658936, 3044.3894028906507
2.376899242401123, 3012.7838351859755
2.4254579544067383, 2970.1984938242967
2.522538423538208, 2938.9882880214936
2.5712292194366455, 2934.0491127335554
2.6197915077209473, 2905.7003457283354
2.716864585876465, 2892.6739959179613
2.765963554382324, 2889.960312499803
2.814753293991089, 2886.480572890876
2.8632729053497314, 2883.8494811199853
2.911865234375, 2878.3061579753557
3.0089147090911865, 2847.159192915642
3.1060683727264404, 2827.413323299981
3.15460205078125, 2802.4897726847485
3.203187942504883, 2754.2478129398005
3.3003532886505127, 2729.075017384239
3.348883628845215, 2726.549896534074
3.5919275283813477, 2725.4415403427047
3.883514642715454, 2715.061208617655
4.710783004760742, 2677.0270411322417
T6
1.6022992134094238, 4344.5412669921425
1.7478268146514893, 3756.5555747076723
1.7963979244232178, 3665.871074783703
1.8449857234954834, 3653.3673616818705
1.9423565864562988, 3580.4893296938317
2.088106393814087, 3566.306779283099
2.136669635772705, 3497.867485166382
2.1852447986602783, 3447.6732788051304
2.2823779582977295, 3445.269663431267
2.3795225620269775, 3319.299629666428
2.428036689758301, 3286.8985308831543
2.4767873287200928, 3251.5539929804218
2.5739388465881348, 3215.3742918278003
2.6224820613861084, 3205.6837736712623
2.671111822128296, 3155.0461362194255
2.7682507038116455, 3146.709680720516
2.8168137073516846, 3136.3697152626264
2.8653790950775146, 3091.8486414928702
2.9138851165771484, 3077.13415419549
2.9624969959259033, 3013.097388790484
3.0110666751861572, 3006.26190025331
3.157122850418091, 3001.0906931536665
3.254188060760498, 2972.922097815899
3.3027658462524414, 2938.8938625736555
3.40000319480896, 2926.2820469763974
3.4975452423095703, 2900.436999682861
3.5952975749969482, 2899.541619810494
3.985164165496826, 2887.186868962992
4.082655191421509, 2880.038831212907
4.375262022018433, 2858.946901887146
4.619344711303711, 2843.648872730002
4.765556812286377, 2838.940807822939
5.105594158172607, 2824.398287753924
5.299952268600464, 2821.3282493355655
6.419212102890015, 2809.477663042657
6.807743787765503, 2808.818689707303
7.489243507385254, 2794.214009694835
9.73249101638794, 2776.465421866138
9.781353950500488, 2757.6197668819514
9.829990863800049, 2750.210754556523
10.073153495788574, 2742.7446558334486
14.645496368408203, 2742.182635667021
T7
2.472224235534668, 4151.00369171628
2.6179726123809814, 4019.014133715813
2.6665079593658447, 3828.4112243863783
2.7151379585266113, 3681.1068930488254
2.812532424926758, 3572.7336605820674
3.1041014194488525, 3569.7034255878534
3.1527395248413086, 3426.2069468509
3.6392056941986084, 3305.903883960753
3.688368320465088, 3262.97629546441
3.7369954586029053, 3262.210033568117
3.7857532501220703, 3252.5155129516206
3.9316322803497314, 3107.1318222424015
4.077268123626709, 3050.9370308921207
4.2230308055877686, 3032.451928539471
4.271589040756226, 3025.096883120299
4.368722200393677, 2980.60824748093
4.417316675186157, 2967.1891724392117
4.4658522605896, 2955.171344331997
4.611479043960571, 2908.815608787627
4.660048723220825, 2899.783573574954
4.902849197387695, 2886.8369847490685
4.999915599822998, 2877.7388927442953
5.14600133895874, 2871.149357946284
5.1946728229522705, 2865.697281418077
5.292283296585083, 2854.695158353017
5.486794948577881, 2844.99146147984
5.6811442375183105, 2836.8555990039895
6.021637678146362, 2765.1993323886927
6.410705327987671, 2692.8873226655996
6.507891416549683, 2659.7886823099834
6.556697845458984, 2647.3875001088963
6.605222225189209, 2628.811393626711
7.822226524353027, 2621.3644343396663
11.521268129348755, 2614.0582415993413
13.370499610900879, 2605.2060909231586
T8
2.329789876937866, 3319.9456870335707
2.378448486328125, 3317.905614030664
2.4755890369415283, 3220.270285059858
2.5726981163024902, 3187.5788714328883
2.7186779975891113, 3134.40434045194
2.81616473197937, 3093.88753997226
2.9132628440856934, 2975.750336102028
2.9618947505950928, 2954.96641182492
3.059133291244507, 2896.874491703238
3.1076982021331787, 2880.948150120297
3.3507137298583984, 2877.0139001758216
3.44816517829895, 2861.082455962918
3.4968371391296387, 2826.9902348898613
3.594209671020508, 2781.285069770747
3.6917667388916016, 2766.535999309126
3.740497350692749, 2762.1929772734
3.7892494201660156, 2735.898501930802
3.886605739593506, 2722.98739615066
4.178860664367676, 2662.6681456644656
T9
2.47357177734375, 3802.016437242448
2.7164793014526367, 3647.6721289023044
2.765061140060425, 3556.302612781161
2.813768148422241, 3409.7812035869574
2.9596455097198486, 3408.2376531742775
3.0082879066467285, 3337.883889459663
3.301091432571411, 3271.5673636342617
3.4956347942352295, 3249.218435693707
3.64152193069458, 3160.2908179925726
3.6902666091918945, 3151.9590793263415
3.738908052444458, 3076.1502181560136
3.7875285148620605, 3047.8243207198393
3.9333384037017822, 3004.7435110703664
4.176849365234375, 2918.9587938100085
4.225693464279175, 2891.7753289765387
4.37184476852417, 2891.5108621563777
4.4694294929504395, 2871.5586845022117
4.566681385040283, 2847.0472219942603
4.664203882217407, 2842.0191004865555
4.7128777503967285, 2840.4116533001943
4.761475563049316, 2772.690613679908
5.101785659790039, 2717.736161898065
5.24776029586792, 2689.139347665354
7.865887403488159, 2684.7167249188933
8.060508251190186, 2649.1741443804276
8.401087999343872, 2644.0341481772994
T10
2.618499279022217, 3852.313097502869
2.764554738998413, 3583.4019135510753
2.8133063316345215, 3519.5432627738483
2.91046404838562, 3450.830249131439
2.959014415740967, 3370.4435614858885
3.0076217651367188, 3241.907348030247
3.30009388923645, 3192.4983367983004
3.5431792736053467, 3186.7821144408153
3.591799259185791, 3142.441625854539
3.640388250350952, 2895.042261177441
3.7376248836517334, 2832.96920342058
3.786238670349121, 2827.9196005164486
3.8833649158477783, 2805.211012449894
3.9319257736206055, 2796.8003816727723
4.078176975250244, 2766.2092949999715
4.1753904819488525, 2757.2141233568545
4.369871377944946, 2744.788440172968
4.466994047164917, 2737.109486905385
4.564013719558716, 2731.1374638706766
4.661166667938232, 2708.415110585469
4.709819316864014, 2690.2422230291995
5.2451934814453125, 2658.2929022973476
5.4348437786102295, 2657.287658960857
5.775979518890381, 2639.157918998346
5.921947240829468, 2633.3485941379986
6.116163730621338, 2625.1444755456905
6.699950695037842, 2620.6700493748504
6.748647928237915, 2608.6681689472534
14.140154600143433, 2599.995746149645
14.188919305801392, 2577.3488195246246
T11
2.4739341735839844, 3738.0966568320364
2.6680679321289062, 3670.5149935963927
2.7166192531585693, 3469.1702776596285
3.0081562995910645, 3366.973368502906
3.202962875366211, 3366.713521181773
3.2515571117401123, 3360.793509133022
3.348914861679077, 3245.430859010652
3.543994426727295, 3203.079601798323
3.5926291942596436, 3137.3034476685134
3.6411824226379395, 3091.2546420163853
3.6897881031036377, 3038.9175233699643
3.73856782913208, 2974.8430040139865
3.8358023166656494, 2968.5628867050327
3.884406328201294, 2930.9767650100257
4.224680662155151, 2908.789323813209
4.273342847824097, 2905.3491896432533
4.427202939987183, 2853.0150903526737
5.1076109409332275, 2841.7699382398205
5.350309610366821, 2809.6245488747663
5.690656900405884, 2795.871907887413
T12
2.862844944000244, 4223.4062727693745
3.105804681777954, 4059.687261900028
3.1544265747070312, 3514.761576709039
3.2030277252197266, 3485.8530171325547
3.300327777862549, 3442.5562004869353
3.5516302585601807, 3325.970762266479
3.6002700328826904, 3183.1825548897614
4.086490869522095, 3165.373210224294
4.183727741241455, 3064.183448895994
4.281071662902832, 3039.0375079505175
4.378502368927002, 3038.3519445526545
4.427093505859375, 2980.0040910906973
4.5244879722595215, 2973.272818385114
4.621620178222656, 2928.393909488026
4.670194625854492, 2898.409151419357
4.767314434051514, 2896.164615753776
4.961325168609619, 2887.6360589093238
5.204473257064819, 2881.349204282298
5.253123760223389, 2866.865162771246
5.301698684692383, 2829.83303045707
5.447545528411865, 2824.3485110643087
5.496323823928833, 2821.1304011164684
5.593471527099609, 2813.239897113839
5.690528869628906, 2779.4761688704675
5.739111423492432, 2769.8023693625946
5.787777423858643, 2740.1775984584165
5.8365159034729, 2720.0767055892284
7.199963092803955, 2700.7046504399696
7.347159147262573, 2692.024909504704
7.395968198776245, 2686.6550795479707
7.883758306503296, 2676.0216600977437
8.273768186569214, 2673.8533209310845
10.074350595474243, 2668.095384334607
10.17185664176941, 2647.886456011489
T13
2.800626277923584, 4063.483448965919
2.995121717453003, 3671.1999855391477
3.189552068710327, 3586.7478577825386
3.6763620376586914, 3508.5455232027743
4.065231084823608, 3279.8022035577887
4.113942384719849, 3215.9404396857863
4.260258197784424, 3200.7523678071884
4.405905723571777, 3076.596501029271
4.6487345695495605, 3054.2464396164287
4.745851993560791, 3039.2814724611526
4.843487739562988, 2956.6678125080725
4.940629005432129, 2929.0779710106654
5.134894132614136, 2904.8709948523465
5.232300758361816, 2882.702462071611
5.3780457973480225, 2879.730288939827
5.42661714553833, 2875.7505098013717
5.475306510925293, 2873.43681041988
5.524005174636841, 2825.5177694898666
5.766845703125, 2825.2621121080447
5.863848447799683, 2796.3867046285886
6.301450252532959, 2792.2796392300006
6.4958226680755615, 2785.7276985353164
6.78739070892334, 2774.8259472204445
6.933693170547485, 2773.5899190917844
6.982394695281982, 2751.3053870505246
7.031055688858032, 2732.0033143440523
7.079815149307251, 2723.305320892585
7.22622013092041, 2717.567908127894
13.019795656204224, 2714.4735976496304
13.262826919555664, 2683.0082242000135
T14
2.244046688079834, 3726.5069469819355
2.4383926391601562, 3463.738236254787
2.4870238304138184, 3424.0221351776854
2.5842466354370117, 3267.113984215386
2.8762600421905518, 3236.0388771906437
3.168975591659546, 3220.027676539663
3.2178237438201904, 3101.3792647653027
3.266587734222412, 3081.0918995519096
3.315171241760254, 3060.4008464881044
3.412586212158203, 3047.155712569962
3.461191177368164, 3044.0401823423963
3.607174873352051, 3029.3172801814726
3.7044262886047363, 2992.0633674218698
3.7530524730682373, 2982.0345539527043
3.8016538619995117, 2964.916349173305
3.8502960205078125, 2962.5836122658875
3.898890495300293, 2958.4356497553817
3.947516679763794, 2954.6642817674583
4.238910675048828, 2947.234761822656
4.3846211433410645, 2873.529842865406
4.5788960456848145, 2854.077821782317
4.724933624267578, 2816.9173860872543
4.773520469665527, 2811.427005177211
5.114326477050781, 2809.133713813455
5.212029457092285, 2789.3828415657845
5.796484708786011, 2770.4685820027225
5.942394256591797, 2766.3398833414685
5.990954637527466, 2743.2843334917634
6.575929403305054, 2713.345034937767
9.789869785308838, 2697.0561156579715
T15
2.398303270339966, 4184.102411306041
2.4469122886657715, 3850.912566905521
2.4955296516418457, 3787.876483078311
2.5927677154541016, 3634.1038878881373
2.641386032104492, 3610.934533219108
2.690006732940674, 3586.855573527704
2.7385878562927246, 3493.760624628754
2.88442325592041, 3340.4846939434065
3.127455472946167, 3133.909791713224
3.370518207550049, 3084.731355955322
3.467703104019165, 2941.2333171506616
3.6136040687561035, 2856.542071753058
3.8564271926879883, 2841.6388229726726
3.95408296585083, 2712.6283413793426
4.051542282104492, 2691.3639493811643
4.29437780380249, 2681.595308013115
4.44021201133728, 2643.4183489567295
4.585899114608765, 2636.649007079177
4.634730100631714, 2630.852794555947
12.122945308685303, 2624.521905874615
T16
2.513925552368164, 3761.4892513022132
2.7567269802093506, 3649.871106260056
2.854337453842163, 3477.25645215455
3.00046968460083, 3385.4645185802583
3.1474151611328125, 3300.701229716855
3.4877660274505615, 3270.592964764859
3.7799859046936035, 3130.5424647291075
3.8771708011627197, 3003.1334970299213
3.9747369289398193, 2970.3239252301937
4.072246074676514, 2944.5228890650033
4.169519424438477, 2890.57229327011
4.218067407608032, 2864.7712571049196
4.266828298568726, 2857.1727648346496
4.364125728607178, 2849.2991878436806
4.461538076400757, 2807.1598035025963
4.558741569519043, 2793.318059563353
4.607310056686401, 2791.592925882913
4.655894994735718, 2758.9634389426064
4.704550266265869, 2751.1837078193785
4.9960432052612305, 2731.843816678207
5.19062352180481, 2724.991900873203
5.287761926651001, 2708.5989069071074
5.336370944976807, 2702.8017112719463
5.530774354934692, 2673.985643996559
5.579339027404785, 2632.9086129908683
5.627872943878174, 2613.612464429949
7.96491551399231, 2611.591746954982
8.062175989151001, 2579.1004784130055
8.306065559387207, 2571.9933615613336
8.646270513534546, 2570.387989489449
T17
2.038743734359741, 3802.5278466253512
2.087291955947876, 3730.187415008775
2.135829448699951, 3675.852003816115
2.2335360050201416, 3524.506710122376
2.282208204269409, 3340.8003604755577
2.3796236515045166, 3179.3692853013854
2.6227738857269287, 3177.10646544848
2.6713688373565674, 2933.477091764362
2.7684853076934814, 2848.151574063195
2.817063570022583, 2836.0725172723614
2.96286940574646, 2812.571088030403
3.351712226867676, 2800.3253855958974
3.594738006591797, 2792.6097983699874
3.691906452178955, 2790.3987597040177
3.740544557571411, 2738.4052784118685
4.324067115783691, 2716.0887076898653
4.810087442398071, 2702.772356924659
4.8586812019348145, 2687.8467486350564
11.134959697723389, 2679.8749298454495
11.183647632598877, 2665.1602669171552
11.232226610183716, 2644.3123939639336
T18
2.865647077560425, 4351.211017678812
3.0600101947784424, 3938.8650313207254
3.108625888824463, 3806.6024064888334
3.1573047637939453, 3743.990237071099
3.2547314167022705, 3626.734213206182
3.497856616973877, 3500.561392652635
3.9845471382141113, 3204.469054743895
4.082062244415283, 3069.5875503255593
4.568486928939819, 3067.898441365687
4.7146313190460205, 3054.0457510891356
4.76323676109314, 3031.7366593130137
4.812000513076782, 3008.53239463747
4.9578540325164795, 2922.6190894458996
5.055455923080444, 2905.6184160343255
5.347174406051636, 2877.678821855072
5.444377899169922, 2800.094778607432
5.542471408843994, 2794.5171266019024
5.688347816467285, 2767.6417211511
5.981002330780029, 2756.1643174016426
6.078201055526733, 2725.2604492919054
6.22418475151062, 2705.8083242846915
6.662405490875244, 2688.660350130711
6.954492568969727, 2688.4802909831196
7.246200084686279, 2688.4630890630942
7.489590644836426, 2676.0265978165844
7.635809659957886, 2669.7475945649276
7.684477090835571, 2651.4101290546605
7.831094264984131, 2624.5859819847974
14.939454555511475, 2616.8930025874506
T19
2.182175397872925, 4212.463727055001
2.2794814109802246, 4004.27392692132
2.3281314373016357, 3958.3116811242944
2.4252541065216064, 3783.1955840415394
2.4738898277282715, 3540.3115209787575
2.5710275173187256, 3390.332504900347
3.2031261920928955, 3335.10589443746
3.25179123878479, 3315.2408183472216
3.3488802909851074, 3252.6673233493348
3.397533893585205, 3225.6172150428756
3.5432894229888916, 3204.988497492159
3.592012882232666, 3204.722149453344
3.640720844268799, 3129.8682350772287
3.6894733905792236, 3117.072311160591
3.7381672859191895, 3072.029910725578
3.884063243865967, 3067.073647634621
3.932708501815796, 2974.0466723193895
4.030328750610352, 2968.6520398755747
4.0789618492126465, 2931.961636185879
4.1275317668914795, 2862.458060165329
4.273495674133301, 2835.1149950417384
4.322075366973877, 2824.589953894967
4.419183731079102, 2820.402260504474
4.468040227890015, 2819.068122421246
4.5166237354278564, 2777.5179365896256
5.294498443603516, 2746.7594858061857
5.440314054489136, 2706.1062973663647
5.586148500442505, 2667.3036831868667
12.95272421836853, 2666.11451970473
T20
2.231525421142578, 4114.122965330222
2.2801451683044434, 3618.36935157462
2.328726291656494, 3499.35905532787
2.621457099914551, 3494.833649976972
2.816706895828247, 3419.383427101944
2.963132381439209, 3269.4615732205493
3.0119504928588867, 3122.2624551553236
3.109598398208618, 3061.3217861950907
3.1583902835845947, 2977.594790454219
3.3048384189605713, 2953.435120308095
3.3538763523101807, 2952.4559559343907
3.4515366554260254, 2934.646460000382
3.5003726482391357, 2910.137649323333
3.646760940551758, 2828.7703553220417
3.890798568725586, 2825.829529788345
3.9394755363464355, 2798.600736277127
4.231294870376587, 2776.0318937838456
4.328473329544067, 2746.052210810434
4.377095699310303, 2711.8598561304752
4.4744040966033936, 2688.3538847617674
4.523149490356445, 2658.101545729536
4.66916298866272, 2633.002051276948
9.53178858757019, 2613.1935560146667
T21
2.715136766433716, 3801.9567971914657
2.9102282524108887, 3641.257219824336
2.958827257156372, 3536.75252654581
3.0560452938079834, 3334.1867063144455
3.104673385620117, 3245.8579138604036
3.978586435317993, 3176.557208273902
4.124323129653931, 3094.0401857385223
4.270146369934082, 2980.4894428041807
4.512893915176392, 2946.1389636760214
4.5614612102508545, 2861.1027973767923
4.611229658126831, 2824.8658429543066
4.659760236740112, 2810.2159696571835
5.096612215042114, 2755.0658593231783
12.354891777038574, 2753.3315835298345
12.403443098068237, 2743.6940878403548
12.54919171333313, 2739.862081205967
T22
2.9697489738464355, 3778.8938964713743
3.163905620574951, 3622.1353388469215
3.21258807182312, 3450.784604639717
3.4553515911102295, 3113.9267453942084
4.231978178024292, 3005.241235360023
4.329119443893433, 2929.6876535548145
4.572070360183716, 2920.3407357605392
4.669162034988403, 2892.668211531709
4.7177510261535645, 2862.6932296834493
4.814981698989868, 2825.673787660344
4.912517547607422, 2817.8342674537125
4.961178779602051, 2778.2626678329543
5.009743928909302, 2768.526992595769
5.106917142868042, 2697.666256293167
5.252547979354858, 2697.2021514677763
5.301122665405273, 2681.2956286850385
5.398191213607788, 2667.2578341679255
7.48656153678894, 2660.239627531155
7.535125970840454, 2649.1164824556763
7.632092475891113, 2648.135058405198
8.652354955673218, 2637.844292740934
T23
3.002875566482544, 3834.055002310837
3.1485445499420166, 3769.0828105957844
3.19710111618042, 3572.2003601815595
3.2941734790802, 3567.250843999187
3.39129376411438, 3525.2265852292694
3.488403081893921, 3152.991382768865
4.362820625305176, 3111.296610609519
4.605703830718994, 3009.237336739119
4.751645803451538, 2986.983041140651
4.8487536907196045, 2975.994112583241
4.897489309310913, 2967.5865914280803
4.994565963745117, 2959.9527503852732
5.091940402984619, 2953.2575432010417
5.140444040298462, 2901.2213049040947
5.188977956771851, 2867.417143806386
5.431866407394409, 2825.2756660060695
5.480419158935547, 2797.148628476505
5.772104740142822, 2794.692599394104
5.966231822967529, 2746.481890096191
6.014753580093384, 2741.754267345532
7.47129487991333, 2738.0100867180445
10.417259931564331, 2735.1737586034287
10.514375448226929, 2732.0887173187148
12.704241037368774, 2728.269662257866
12.946918725967407, 2725.294007714714
T24
1.9395761489868164, 3777.2541190871416
2.0852200984954834, 3509.0437444821437
2.182405948638916, 3445.0522035484173
2.2310025691986084, 3422.64947662974
2.474151372909546, 3320.0556515048447
2.5228002071380615, 3245.032012252763
2.620159864425659, 3119.536382382961
2.766329288482666, 3013.93648701872
2.863706588745117, 2995.1474764626037
3.0095410346984863, 2975.335245076618
3.0583157539367676, 2954.6984260130266
3.1069865226745605, 2934.8861946270335
3.20420503616333, 2889.849415290475
3.3985238075256348, 2869.827644476376
3.495643377304077, 2842.5540594482154
3.5929970741271973, 2831.4020323201985
3.690420627593994, 2824.7040776756985
3.7390785217285156, 2823.6191793127728
3.8362507820129395, 2787.802442081462
3.9333934783935547, 2785.5823948014877
3.9819886684417725, 2769.438769983688
4.1763527393341064, 2751.3640889547823
4.517031908035278, 2719.071236635202
4.85787296295166, 2709.6871238967433
5.781647205352783, 2674.369825349204
9.001030921936035, 2665.227229724165
9.098193645477295, 2659.735882703011
T25
2.228930950164795, 3818.563074475089
2.325972318649292, 3588.7439548148395
2.374582290649414, 3518.509232502969
2.52028751373291, 3500.783415909689
2.5688719749450684, 3460.8542783846788
2.957502841949463, 3276.419409821632
3.006074905395508, 3264.446644735355
3.1518661975860596, 3162.3337631392133
3.2008965015411377, 3142.9941965168837
3.346680164337158, 3133.6853462510408
3.3952577114105225, 3098.4897419721674
3.4925060272216797, 3040.8384842273954
3.5900161266326904, 3009.0672269489296
3.638808488845825, 3008.540017082574
3.7360458374023438, 2989.5160964499446
3.833458185195923, 2976.782819317632
3.9793906211853027, 2907.442911180464
4.125066518783569, 2902.3216456134614
4.1735968589782715, 2878.2683511124415
4.222159385681152, 2749.350124241959
4.3193323612213135, 2728.7237533985026
4.367897987365723, 2717.9242347460095
4.416503429412842, 2678.9062599730096
4.465076208114624, 2658.2798891295606
4.513651609420776, 2651.0572125785984
4.708097457885742, 2616.4051516533727
4.853984832763672, 2584.495411695316
4.902583122253418, 2570.690118931874
5.048857688903809, 2561.4717670512036
5.097405672073364, 2537.0333878071906
5.875505685806274, 2520.7855148555973
T26
2.566284656524658, 3992.498139179661
2.663604497909546, 3952.2216177411538
2.809134006500244, 3885.3872774028205
2.8577170372009277, 3856.2948904204895
2.9063491821289062, 3740.531520007651
2.954977512359619, 3645.136645517865
3.052194595336914, 3611.5694566284074
3.1494295597076416, 3605.3632494399208
3.246609926223755, 3507.0924640310404
3.295208692550659, 3421.188564120057
3.635331869125366, 3357.4956414674016
3.6840765476226807, 3329.487459775235
3.732917547225952, 3246.5043298407763
3.8303256034851074, 3124.0916157638057
3.927731513977051, 2917.277555163324
4.268340826034546, 2914.6222715410695
4.365686655044556, 2872.2578886088013
4.6572394371032715, 2844.8978298930815
4.802959442138672, 2829.280829245581
4.851629972457886, 2821.162231335249
4.948798894882202, 2818.474900882473
4.997375249862671, 2791.841172341017
5.922295331954956, 2781.980471697054
6.439514875411987, 2776.4491999165402
6.488087892532349, 2770.433452605015
7.801758527755737, 2739.7381343693487
7.899033546447754, 2725.1868238115712
8.579485416412354, 2721.290456549017
8.676584243774414, 2718.470555683285
8.725224733352661, 2682.8314931019922
9.503620624542236, 2663.9268338039838
T27
2.0840704441070557, 3594.326196453949
2.132633924484253, 3548.798342810558
2.5214202404022217, 3468.75754894696
2.6672651767730713, 3307.549033809046
2.7161247730255127, 3230.2654088782147
2.862076759338379, 3144.745306910416
2.910781145095825, 3084.9541423524206
3.0568785667419434, 2988.2467737533952
3.105623960494995, 2901.853193407951
3.15425705909729, 2877.1831429820377
3.2515077590942383, 2848.9618085439433
3.300145387649536, 2838.6058749995937
3.494431972503662, 2814.6803887425704
3.688649892807007, 2802.2584362250636
3.785858631134033, 2784.1643288326013
3.931483745574951, 2766.3471883336315
4.854925870895386, 2759.2351853227665
T28
2.763302803039551, 4035.8629972676863
2.957334280014038, 4023.9598209653777
3.054373025894165, 3905.870029553502
3.1029767990112305, 3678.553935427037
3.2488386631011963, 3401.616642871719
3.832314968109131, 3240.433357302296
3.9294254779815674, 3154.277193786096
3.978001832962036, 3122.659174247383
4.123772382736206, 3074.2726142394677
4.366827487945557, 3017.6887577130547
4.463992357254028, 2984.191821657376
4.512549638748169, 2948.308777403552
4.658426761627197, 2912.016123692265
4.998857498168945, 2879.5778630873756
5.047412157058716, 2868.438942363602
5.095991373062134, 2824.546113192526
5.290239572525024, 2821.6933894251342
5.338825225830078, 2768.0304068150945
6.090771913528442, 2747.402820149895
9.983134746551514, 2741.1872417511113
T29
2.665724754333496, 3952.1963911015773
2.81185245513916, 3869.8622437285885
2.860463857650757, 3622.1150762107063
2.9091928005218506, 3455.180419925069
3.1525888442993164, 3437.6800743427375
3.2501139640808105, 3425.812224662921
3.298766851425171, 3342.461336095839
3.3961822986602783, 3309.8443888682814
3.493724822998047, 3215.0178322524152
3.5425846576690674, 3129.7930438478434
3.778350830078125, 3071.0982313848
3.8269200325012207, 3054.9182923253975
3.8754947185516357, 3027.9349795574235
3.9728565216064453, 3013.8441085608792
4.0700953006744385, 2963.398940183375
4.167456150054932, 2937.471291908332
4.362225770950317, 2896.727416411806
4.410879850387573, 2880.5993308762772
4.605551242828369, 2856.2092451753488
5.189483642578125, 2855.3978798217213
5.238294363021851, 2810.2801457261885
5.2869274616241455, 2809.468780372561
5.335517883300781, 2782.2062084849676
6.9431328773498535, 2775.8564631425616
7.429779291152954, 2772.614979844053
8.257223844528198, 2731.021585517454
11.907326221466064, 2729.642438239265
11.956026315689087, 2715.0413514153333
12.05348539352417, 2705.7420830220435
12.102138042449951, 2681.0344105786935
12.393540143966675, 2680.359962138653
T30
1.6016626358032227, 3565.309710459005
1.6503591537475586, 3489.3277564960663
1.7479298114776611, 3445.730864430865
1.7966535091400146, 3369.748910467926
1.9424793720245361, 3259.653852133175
2.1371259689331055, 3229.699108996392
2.185673236846924, 3194.6777540531184
2.2829267978668213, 3062.4225903414917
2.4287872314453125, 3051.1617000934275
2.47737193107605, 3038.8815760946163
2.526015043258667, 3012.550229238768
2.5746796131134033, 3007.2861168764503
2.6722941398620605, 2909.9160736309277
2.7696826457977295, 2906.270763446664
2.8668742179870605, 2885.974009968515
2.9154739379882812, 2867.0432220740768
2.9640674591064453, 2861.7646571792648
3.012795925140381, 2832.585839556268
3.0614235401153564, 2829.4584387339273
3.583772897720337, 2827.7259095208356
3.632467269897461, 2816.7931695564257
3.826888084411621, 2812.777512956054
3.875539779663086, 2806.4173735943477
3.9241185188293457, 2802.401716993976
4.31281304359436, 2796.5979094760696
4.410008430480957, 2768.1696916847723
4.458702087402344, 2708.453495210386
5.722659349441528, 2662.3149704764437
T31
2.424751043319702, 3710.4160679256893
2.5221190452575684, 3561.870673292695
2.570817708969116, 3543.156012342937
2.619523048400879, 3483.8920701306415
2.6681501865386963, 3338.64360107384
3.105252981185913, 3236.8853733362776
3.299562931060791, 3198.0208673108136
3.3967063426971436, 3167.4196530805566
3.5422780513763428, 3145.8963229178626
3.590772867202759, 3136.954900872326
3.6393277645111084, 3089.8158840549877
3.687896490097046, 3062.0364551476523
3.784935474395752, 3047.996117350631
3.8819806575775146, 2981.108690533685
3.9305286407470703, 2927.9557333118064
4.124766111373901, 2905.146171758912
4.222243070602417, 2897.520000036995
4.270830869674683, 2837.633042436297
4.368131637573242, 2751.106315375102
4.5138092041015625, 2746.2744617157587
4.741006374359131, 2726.8445449402643
5.129420518875122, 2702.026931894201
6.101467132568359, 2698.3207267653124
7.36458683013916, 2697.2739350859047
7.413324594497681, 2686.9556956321103
7.461989402770996, 2677.2062089579267
7.510781764984131, 2648.4437077732655
7.80257248878479, 2645.418504082809
T32
1.6495246887207031, 3604.441115637186
1.6981701850891113, 3602.70518862021
1.7467684745788574, 3469.605050766455
1.8438889980316162, 3405.309839419657
1.892413854598999, 3317.526504473848
1.989623785018921, 3292.6415697409902
2.232762575149536, 3227.1230080924215
2.3300187587738037, 3166.656736653931
2.476149559020996, 3149.0560613784473
2.524714231491089, 3128.4671992197545
2.5733015537261963, 3055.2697187804515
2.7678956985473633, 3035.1370442802217
3.0185985565185547, 2921.239670053663
3.1157102584838867, 2877.5650755432434
3.358661413192749, 2834.1595785349346
3.553131580352783, 2829.3201868582255
3.6989917755126953, 2825.17759988521
3.747645139694214, 2785.2886454620966
3.7963345050811768, 2759.1562953878456
3.8450050354003906, 2758.3699389591275
4.039541721343994, 2745.6357605665107
4.234089136123657, 2741.0100481174886
4.3313889503479, 2700.10276258627
4.379938840866089, 2695.338294055786
5.644176006317139, 2689.7302610176703
5.692756175994873, 2686.5292289733916
5.838635206222534, 2635.0624235072464
5.984485626220703, 2624.855012915017
7.055422782897949, 2605.1347476985757
T33
2.0600478649139404, 3606.2483878173807
2.157212734222412, 3502.6493250288913
2.205803632736206, 3474.580707128829
2.2544283866882324, 3291.3530505837844
2.4002106189727783, 3240.767713455949
2.643012762069702, 3147.8350055573246
2.7401490211486816, 3079.5735395088486
2.788750171661377, 2961.2840870596265
2.9347145557403564, 2935.1171659061583
3.0319297313690186, 2871.3815725912573
3.4208691120147705, 2804.6799138627466
3.4696240425109863, 2801.9887595280743
3.615776538848877, 2780.7876399704983
4.73360013961792, 2754.364213754081
4.927812576293945, 2728.392291287768
5.073501348495483, 2712.7300275580565
5.219353675842285, 2700.5311608655466
6.337230443954468, 2694.7617200631867
6.434393882751465, 2676.8079143730065
10.718264102935791, 2638.0587724649304
11.009520769119263, 2624.9813614434024
11.155177593231201, 2577.422244759182
T34
1.7932641506195068, 3703.735189127903
1.9387598037719727, 3618.3437324781626
1.9873619079589844, 3412.3525361271168
2.3287644386291504, 3387.574184953359
2.377580404281616, 3384.3814524161935
2.475137233734131, 3339.2545225406357
2.5239672660827637, 3293.0741401787527
2.742962121963501, 3232.0593664868356
2.7917263507843018, 3163.8741372798395
2.938027858734131, 3124.0006073893237
2.9868555068969727, 3074.8798729680784
3.0844380855560303, 3055.8883785520084
3.1819684505462646, 2998.498951774214
3.3282227516174316, 2970.3546388727555
3.3768293857574463, 2924.36106847295
3.5710642337799072, 2913.14714551995
3.6680753231048584, 2908.0397314914153
3.765098810195923, 2886.5112721998594
3.8623828887939453, 2880.216830905032
3.911062717437744, 2853.580957584949
4.056936502456665, 2845.300134491714
4.105602979660034, 2826.6769920197185
4.251445531845093, 2792.7784787298224
4.593047618865967, 2780.305271250829
5.1281139850616455, 2776.1105525857565
5.225287199020386, 2732.2745067013457
5.273846387863159, 2690.700032306966
6.7815165519714355, 2672.0234649487757
T35
2.710636854171753, 3911.5316537857943
2.759159564971924, 3911.402892483282
2.8562698364257812, 3905.602100616561
2.905045509338379, 3848.6579228261326
2.953662157058716, 3724.89799612567
3.0022711753845215, 3396.8544354292026
3.5366387367248535, 3386.7976394731813
3.6337499618530273, 3290.5805687929096
3.682302951812744, 3235.1943095599563
3.7793986797332764, 3204.6765921343904
3.8764963150024414, 3170.3731689673514
4.022093296051025, 2961.017533766928
4.264718294143677, 2940.7440473803654
4.361794948577881, 2926.5230973546204
4.458901882171631, 2923.2620352059457
4.50753927230835, 2913.002262674163
4.556358575820923, 2902.3204060067583
4.605212211608887, 2880.4710274184763
4.702392578125, 2877.5908163693384
4.799432754516602, 2870.7680901344866
4.848029136657715, 2857.7756283881754
4.896582126617432, 2817.803333399046
5.139601707458496, 2801.1581516921797
5.285361051559448, 2787.9429789460846
5.382545471191406, 2777.8757857611563
5.431219577789307, 2739.7087952596994
5.479745864868164, 2721.8891536575247
6.257639169692993, 2717.4734080527487
7.134065866470337, 2714.8838575176705
7.5228424072265625, 2708.4576074756915
9.761545896530151, 2701.8781467805456
10.73336148262024, 2701.659494872132
T36
2.07125186920166, 3696.2147806097564
2.2169029712677, 3529.8105080101523
2.3140974044799805, 3469.1989226107034
2.411459445953369, 3442.0366239978175
2.5088791847229004, 3218.6386784832503
2.6547560691833496, 3216.511773295846
2.7033939361572266, 3202.503412627266
2.752035617828369, 2948.563931133169
3.0439393520355225, 2924.9336149924566
3.1895906925201416, 2906.048805117469
3.2382662296295166, 2848.0484246148626
3.286865234375, 2835.921190193636
3.335442543029785, 2835.7818928838387
3.481050491333008, 2787.9867528817413
3.5296995639801025, 2766.8029592564126
3.676260232925415, 2751.7453526884347
3.9195544719696045, 2725.279312825791
4.065232515335083, 2724.6157925721345
4.502473831176758, 2711.7271524057505
5.62104868888855, 2694.007121272458
11.893640279769897, 2687.021725654442
13.205471515655518, 2668.013912780465
T37
2.4219250679016113, 3578.2761520301356
2.5191195011138916, 3553.4882581585407
2.5679330825805664, 3492.7877951243136
2.66554856300354, 3469.332177408418
2.7142155170440674, 3362.194534640141
2.859971284866333, 3178.2849853887237
3.0544474124908447, 3064.8095535909815
3.103036403656006, 3045.790962639083
3.1516780853271484, 3037.6504867958647
3.200307846069336, 2997.3391558552175
3.248852014541626, 2951.1653175693355
3.4916841983795166, 2910.4517089732544
3.5889053344726562, 2897.1741591610917
3.735048532485962, 2894.6745627719865
3.978266954421997, 2806.167971697272
4.173231601715088, 2787.950766313239
4.660552024841309, 2786.422269012044
5.04935884475708, 2756.059374369819
5.146517515182495, 2729.0610272065824
8.164765357971191, 2710.812784790287
T38
2.8586671352386475, 3552.773909821488
3.1987128257751465, 3490.040573411243
3.2473883628845215, 3383.783503995124
3.393281936645508, 3249.4290306925177
3.4904990196228027, 3231.055605347872
3.928333044052124, 3124.5190042421673
4.025467395782471, 3099.7148554521264
4.122633934020996, 3077.6876692867445
4.171190977096558, 3060.992282453866
4.219881057739258, 2957.0809423213504
4.365792274475098, 2879.7200449600787
4.608986854553223, 2824.2552772463823
4.852183818817139, 2821.8389398544095
4.99817156791687, 2819.2141679343476
5.046956539154053, 2783.144707285486
5.09555721282959, 2780.7274214428326
5.144091367721558, 2765.4872404634516
5.1926188468933105, 2759.139311891631
5.241209030151367, 2730.8957933551865
6.020135164260864, 2721.937705718825
6.117505788803101, 2717.127306883427
6.166192054748535, 2711.089668072462
6.2634971141815186, 2663.5644590164375
7.0899951457977295, 2627.5421025562755
7.13862943649292, 2615.679561215926
7.5756003856658936, 2578.414073061889
7.624394655227661, 2536.9429381293085
T39
2.666949510574341, 3920.074659890597
2.8610877990722656, 3743.1337337468576
2.9096813201904297, 3724.499011169137
3.104107141494751, 3630.068097749703
3.1527135372161865, 3438.616004514428
3.492757797241211, 3422.0402761597434
3.590238094329834, 3355.963277044706
3.7846436500549316, 3174.268811859205
3.930410623550415, 3081.8236881468474
4.270779371261597, 3059.9284133128313
4.319582223892212, 3020.978529782573
4.3684000968933105, 2981.8500965929707
4.417235612869263, 2953.818127749044
4.5146965980529785, 2926.9636287937465
4.56337833404541, 2912.9037648741796
4.612029314041138, 2894.9107227181375
4.85538911819458, 2866.4918454931976
5.147457122802734, 2865.926260048698
5.244730234146118, 2839.172534940102
5.4392945766448975, 2828.405770453319
5.53667688369751, 2827.0877571673773
5.585314750671387, 2818.888499978195
5.63391375541687, 2789.9500422945566
5.925777435302734, 2789.458597130644
6.1688759326934814, 2733.3133521050477
6.363257646560669, 2727.229439027942
6.412030458450317, 2696.4464341110724
7.288683891296387, 2694.8105318127127
7.532677173614502, 2680.6755489968127
7.973752021789551, 2666.437072794746
10.361143350601196, 2663.121324920372
12.357756853103638, 2661.5658126129565
12.406296491622925, 2635.3332926719595
T40
2.180490255355835, 4210.624093139304
2.3264899253845215, 4112.087800807632
2.4236931800842285, 3755.341329194176
2.5211586952209473, 3693.762737262594
2.7164037227630615, 3543.4103028355676
2.8620529174804688, 3504.387554115994
3.2022573947906494, 3455.7365339332173
3.348024368286133, 3441.7196026265156
3.494611978530884, 3360.2578683764223
3.640425443649292, 3326.106610468152
3.6890347003936768, 3141.6729407625753
3.7377212047576904, 3091.3903627210893
3.8350579738616943, 2980.7976614113722
3.9811770915985107, 2876.0542354082572
4.078336000442505, 2844.790612457349
4.224161624908447, 2837.2266293434877
4.321350336074829, 2833.7630434068124
4.418475151062012, 2826.8913746555554
4.467036008834839, 2816.7087580394436
4.6127612590789795, 2790.451319131498
4.90486216545105, 2782.742261478401
5.001965761184692, 2779.863065777259
5.147771835327148, 2764.175529996144
5.19667387008667, 2749.2785857914205
6.071802616119385, 2746.3642871892516
7.386228799819946, 2744.0349503754915
8.214415073394775, 2736.726579409231
T41
2.5193307399749756, 3780.7759464077317
2.616384983062744, 3765.8073418369895
2.713494300842285, 3649.27092704783
2.762045383453369, 3633.6156145360146
2.810682773590088, 3537.9880694122257
2.907867193222046, 3392.094359532777
2.9564342498779297, 3364.8498044856824
3.102114200592041, 3199.3434261025686
3.3450076580047607, 3179.8362010731435
3.393644094467163, 3171.0252731795845
3.4422948360443115, 3127.961856359405
3.4908676147460938, 3122.9971475494167
3.539422035217285, 3051.237866134812
3.733509063720703, 3048.4706238634462
3.782015800476074, 3044.256271511571
3.8792099952697754, 2994.407918374498
3.9278225898742676, 2916.321714630474
4.0250937938690186, 2886.772525222419
4.17096471786499, 2861.0197188028687
4.219503164291382, 2857.5719334952737
4.316852807998657, 2853.973851209783
4.3654515743255615, 2852.5933929042876
4.414026975631714, 2849.1456075967
4.559750080108643, 2830.299182777817
4.608274221420288, 2816.229234319573
6.164153337478638, 2814.296389796211
T42
2.9531641006469727, 3879.611271373389
3.341151714324951, 3601.631443632352
3.535407781600952, 3489.341951659764
3.82678484916687, 3457.454905108716
3.8753578662872314, 3305.6279980776744
4.021090507507324, 3228.5785165816123
4.118312120437622, 3116.373959957862
4.215348720550537, 2961.094109970538
4.409642696380615, 2932.7234089143312
4.798554420471191, 2888.2895748798182
4.847137212753296, 2771.644153410758
4.89574122428894, 2766.4921870733015
5.138363361358643, 2764.54506100656
5.1868860721588135, 2749.7073821481754
5.235466957092285, 2747.760256081434
5.284054756164551, 2729.1110075931647
5.332635402679443, 2724.789620908239
5.429876327514648, 2716.8455186388965
5.57555365562439, 2693.3004345037916
5.624109506607056, 2686.2307576198436
5.7213335037231445, 2666.1830068186246
6.012930154800415, 2662.9346696694774
6.1100428104400635, 2662.918110651459
6.304229497909546, 2641.0409373497314
7.180071592330933, 2634.259229980991
T43
2.183229446411133, 3771.44768960074
2.280336618423462, 3632.8950709596756
2.328932046890259, 3599.5757398454953
2.377457857131958, 3592.5501329465114
2.426104784011841, 3556.0248521724643
2.4747166633605957, 3456.862257411034
2.7174570560455322, 3374.726994921104
2.9117913246154785, 3134.9867896327996
3.0574610233306885, 3125.7766038137124
3.1546037197113037, 3006.1913382621788
3.446286678314209, 2971.334308396559
3.49515700340271, 2938.0498179930655
3.641085386276245, 2894.689000384191
3.7382380962371826, 2887.097559552167
3.786820411682129, 2853.8747702997716
3.835362195968628, 2847.3197555914667
3.932455062866211, 2831.7452839723774
3.9810726642608643, 2830.202385762357
4.224048852920532, 2799.3263014161494
4.321350574493408, 2792.507688821177
4.515941858291626, 2749.660862113218
4.8074705600738525, 2746.9152173432813
4.856032371520996, 2693.7117235785627
4.904614686965942, 2677.9783981128057
4.95324969291687, 2656.1911137897987
T44
2.327155113220215, 3625.478303795775
2.521817207336426, 3454.26680498357
2.61896014213562, 3438.7504263377486
2.667572498321533, 3406.4912379343587
2.7647008895874023, 3296.065166360124
2.9103991985321045, 3173.564532447912
3.104602098464966, 3019.8448417300824
3.2503457069396973, 2909.2915217108675
3.444563388824463, 2907.475598664474
3.4931771755218506, 2888.320876652506
3.7359392642974854, 2848.314754838153
3.7845308780670166, 2799.246208890414
3.8331053256988525, 2766.6030945161037
4.124133110046387, 2673.2464939986385
4.464899063110352, 2649.96132952506
5.048144340515137, 2638.877385863263
5.38893461227417, 2632.515281883141
6.896017789840698, 2628.9987937720434
T45
2.5180623531341553, 3944.685584827457
2.566617012023926, 3582.353759979924
2.664003849029541, 3564.563070161981
2.9556124210357666, 3488.773608489857
3.1498661041259766, 3399.3012260601536
3.3445441722869873, 3382.20431460331
3.3931469917297363, 3310.428650988062
3.5874345302581787, 2930.8795733552615
3.684588670730591, 2925.3532585136345
3.8788297176361084, 2909.84232123493
4.122105121612549, 2895.8038323131477
4.219483852386475, 2873.5091259342807
4.26816987991333, 2853.6270520649778
4.316772699356079, 2831.3323456861035
4.365293979644775, 2800.0722912088313
4.4140684604644775, 2776.7896933037264
4.462890148162842, 2759.3964008188923
4.511543273925781, 2740.418671622814
4.560104608535767, 2739.828826433739
4.899965524673462, 2721.498606913723
4.9485249519348145, 2675.1124843329962
6.5038182735443115, 2666.074256885986
6.552502870559692, 2635.96383735758
T46
2.0831494331359863, 3778.6528620886966
2.18023943901062, 3717.714163141063
2.22880482673645, 3588.2916680970156
2.277559518814087, 3527.3529691493823
2.3263912200927734, 3506.1632660029063
2.37518572807312, 3458.2735725499733
2.4723927974700928, 3407.4546145091444
2.7153637409210205, 3356.4636143838143
2.763909101486206, 3243.0243255367313
3.0552568435668945, 2985.9569147376023
3.10380482673645, 2980.6630907588406
3.152419090270996, 2966.725693640852
3.298116683959961, 2941.490389416307
3.346689224243164, 2932.9335944673803
3.3954873085021973, 2914.052076438231
3.4442903995513916, 2897.281321269009
3.49303936958313, 2776.5452306919615
3.541680335998535, 2762.8094429874764
3.590224027633667, 2761.7631329594515
3.687317371368408, 2749.8010379361804
3.7358615398406982, 2749.4555533453968
3.7844345569610596, 2747.5431352454907
3.8815548419952393, 2694.9994023161125
4.173062562942505, 2694.212448875958
4.270233631134033, 2682.1444511640148
5.4368064403533936, 2676.209824707352
T47
2.4741618633270264, 4062.5109365160315
2.5228524208068848, 3390.243349980672
3.0582668781280518, 3308.883853027168
3.20455002784729, 3280.363376079069
3.2532596588134766, 3142.0987956470053
3.3507039546966553, 3081.7449408845423
3.448399782180786, 2921.42022831161
3.642744779586792, 2905.937948712468
3.788813591003418, 2898.7722366477465
3.983189821243286, 2881.610060836858
4.128850698471069, 2877.626694786857
4.17751145362854, 2875.5098325835643
4.22609543800354, 2872.609939642047
4.323171138763428, 2870.340490543749
4.371727466583252, 2837.711024937562
4.6152894496917725, 2798.4647363485637
4.712460041046143, 2780.4047742253606
4.761117219924927, 2771.293208185736
4.858283281326294, 2751.985933803451
4.906895875930786, 2749.0537707751064
4.955610752105713, 2715.2401970145656
5.1499505043029785, 2699.438935937469
5.247166395187378, 2669.216298871521
5.295825958251953, 2658.6023070091396
5.344395875930786, 2652.2371686393453
5.684828042984009, 2648.5378777470833
8.166412115097046, 2632.2977634661947
T48
2.7663207054138184, 3903.9815291106206
2.9606261253356934, 3813.083017960482
3.0093777179718018, 3743.0753387805016
3.0580313205718994, 3652.17682763037
3.1066219806671143, 3634.5935535153694
3.1551895141601562, 3590.8642739760544
3.2039570808410645, 3366.312325263578
3.3497300148010254, 3229.30340578311
3.5933070182800293, 3057.560909992688
3.8360462188720703, 3031.3740853913405
4.0303919315338135, 2957.4019166107246
4.176183223724365, 2861.4513779998524
4.370401620864868, 2842.7029215569346
4.467921018600464, 2791.78650417029
4.565183401107788, 2765.388106843435
4.662373065948486, 2734.9978084071627
4.90589165687561, 2725.3115038474134
4.954561948776245, 2718.6843601899236
5.100370645523071, 2712.235064851113
5.635012865066528, 2708.39152844021
5.975374698638916, 2657.020765481364
7.727376937866211, 2650.635035267347
8.847440958023071, 2649.0962989034015
8.944706678390503, 2603.58015450964
8.99339509010315, 2596.6087381811594
9.285139322280884, 2594.0042717561737
T49
2.5712220668792725, 3881.749837037285
2.6198976039886475, 3839.326378320584
2.765631914138794, 3713.975863234409
2.862706422805786, 3529.9866522114753
2.959859848022461, 3412.7647231160227
3.0084969997406006, 3408.5365232613112
3.105801820755005, 3338.8105698556465
3.2516894340515137, 3263.9083064012593
3.3489861488342285, 3124.572922366853
3.57009220123291, 3113.18962731184
3.715830087661743, 3098.3346356732873
3.764418840408325, 3072.7589965752995
3.8130669593811035, 3035.2463896697736
3.8616750240325928, 2982.3124415016355
3.9102420806884766, 2953.068501814523
3.958847999572754, 2947.9060727185133
4.201804876327515, 2925.0389710870368
4.29936408996582, 2911.007351478809
4.39646315574646, 2889.797483633716
4.542215347290039, 2889.0985781076306
4.590826511383057, 2841.658100201712
4.639398574829102, 2828.9956049986577
4.736664772033691, 2805.7053884197303
4.931207656860352, 2761.572064473352
4.979789972305298, 2736.953995460499
5.028335094451904, 2694.464100573554
5.369080543518066, 2692.7403437278117
6.536135911941528, 2683.6047953981033
6.924708366394043, 2679.986650199571
T50
2.973702907562256, 3525.6933334019122
3.6546120643615723, 3282.821342635769
3.751915216445923, 3226.784404834536
3.8005025386810303, 3204.0268182912623
3.8976521492004395, 3166.6237214509674
3.9462034702301025, 3094.9366054740167
4.188884735107422, 3093.965492329349
4.237419128417969, 3063.1925246629035
4.334552764892578, 3058.7575142711357
4.383179426193237, 3041.065491006775
4.431894063949585, 3031.6486677204666
4.480464458465576, 3005.276517908933
4.529004812240601, 3004.751123543174
4.577557802200317, 2957.065663459689
4.626139879226685, 2946.244175362779
4.772017240524292, 2922.139811033863
4.869397401809692, 2902.4391051719067
4.917974472045898, 2888.9850439811125
4.966521978378296, 2881.671317624947
5.015121221542358, 2874.1771181818913
5.112314701080322, 2850.392806661519
5.160940170288086, 2834.767989276479
5.2095489501953125, 2790.5476624558214
5.793344736099243, 2778.8454496142804
5.987515449523926, 2731.330803638797
6.473787546157837, 2679.440904004223
6.6686012744903564, 2671.692723507491
6.717101812362671, 2657.8083062350997
11.781537055969238, 2636.7769614570207
14.648897171020508, 2627.7908913792853
T51
2.907806634902954, 4036.161392027323
3.0048348903656006, 3708.5406447674395
3.101999282836914, 3512.8133543661534
3.1507742404937744, 3477.499345451186
3.296743631362915, 3397.6393198711376
3.4426400661468506, 3376.751484912049
3.6857244968414307, 3303.529530690088
3.734330177307129, 3274.7081981355223
3.977353572845459, 3238.5315644739458
4.074585437774658, 3189.880706525095
4.220487117767334, 3069.37915041457
4.269186019897461, 3006.8353412634096
4.415404558181763, 2992.4405265074674
4.5126259326934814, 2973.3435834733536
4.609939336776733, 2942.321798132005
4.804441690444946, 2890.8040853862985
4.901875972747803, 2850.8643733490317
4.999207019805908, 2833.2663737944604
5.096459865570068, 2829.510509744825
5.145070791244507, 2821.412967106873
5.2424280643463135, 2810.624200378472
5.291215896606445, 2771.7328087765272
5.340043783187866, 2727.6294644703594
5.534639358520508, 2726.767787704084
5.583358526229858, 2714.1768277696974
5.729042291641235, 2656.1663241341375
5.826298713684082, 2651.878395117623
5.874864816665649, 2619.680694115217
6.117878198623657, 2611.953130171052
6.911860704421997, 2609.771142311438
8.176912546157837, 2607.2192875167093
10.413515567779541, 2585.264595658693
11.38698935508728, 2584.290227549267
T52
2.6656901836395264, 3747.2903811091237
2.9566078186035156, 3719.8888997554895
3.005378484725952, 3660.684164005681
3.0539889335632324, 3327.3733271989404
3.248098611831665, 3288.101944883165
3.44232439994812, 3160.255600241071
3.539466619491577, 3087.61448141477
3.7822976112365723, 3081.655257766295
3.928581476211548, 3062.1856322790045
3.977367877960205, 3045.09908981029
4.171870708465576, 3027.720449512344
4.22058892250061, 3008.2508240250536
4.318250417709351, 2978.3998389823537
4.464345455169678, 2963.3120806744555
4.561434984207153, 2950.664979375586
4.61006236076355, 2935.152518869363
4.707200765609741, 2914.0715456147664
5.290318727493286, 2911.7130221338666
5.7746312618255615, 2841.2269960851772
5.823270082473755, 2834.5081345900544
5.871883392333984, 2803.783866521553
6.017604827880859, 2785.5546662926863
6.066244125366211, 2776.848100583091
7.136178255081177, 2773.8313072745805
7.233442068099976, 2748.933588699605
7.574124097824097, 2745.9660892598913
7.622968435287476, 2735.049581780142
9.325683116912842, 2732.511636187941
9.908724546432495, 2722.109783981745
10.054452180862427, 2718.501322046257
10.103053092956543, 2703.2002169731495
13.902150869369507, 2702.977589578244
13.999408483505249, 2685.312015981908
T53
2.3754172325134277, 3729.2825747203315
2.521148681640625, 3688.6854717648894
2.618508815765381, 3666.6399830106748
2.7156319618225098, 3540.993742602659
2.7643604278564453, 3456.296595045809
2.813163995742798, 3284.5665109200854
2.9590322971343994, 3261.911621584113
3.202129602432251, 3194.0101585656957
3.2510030269622803, 3192.9334064190843
3.3484866619110107, 3102.786222966977
3.4456734657287598, 3082.1342961806804
3.494234561920166, 3068.434647623857
3.5914106369018555, 3033.5836814332797
3.688797950744629, 3003.206891189664
3.7858614921569824, 2967.0910969309116
3.9804177284240723, 2943.6751884763144
4.077551603317261, 2877.579714233274
4.46688437461853, 2865.534676148345
4.5154805183410645, 2830.5524493352423
4.5640246868133545, 2821.0782889708717
4.612619638442993, 2771.1345287912627
T54
2.229132652282715, 3824.219586402076
2.326662540435791, 3671.744755920299
2.375275135040283, 3522.994557829232
2.4239003658294678, 3494.5382632778637
2.472498893737793, 3469.099014727224
2.9592368602752686, 3037.6316967754246
3.397230386734009, 3014.032177979003
3.4458611011505127, 2977.5005328956686
3.4944510459899902, 2949.6385878845467
3.5431575775146484, 2925.9923898438865
3.591691732406616, 2923.4755206536865
3.6402440071105957, 2878.3005057037153
3.6889095306396484, 2845.5314599989288
3.834620714187622, 2820.4529110952426
3.931884288787842, 2768.964373507886
3.9805877208709717, 2742.038581891007
4.126845359802246, 2715.151312845337
4.858591318130493, 2702.235234818814
5.05316424369812, 2696.324364507891
9.09119439125061, 2694.044396401776
11.23237133026123, 2683.4935424374708
11.378296613693237, 2680.490570666181
T55
2.0874996185302734, 4272.861613369751
2.2332913875579834, 4238.591917917292
2.2820377349853516, 3709.332474883864
2.4278404712677, 3604.9630649791434
2.5249218940734863, 3492.436610954661
2.670753240585327, 3473.8423312538507
2.8164315223693848, 3418.433365581841
2.9621903896331787, 3180.368021005088
3.0595874786376953, 3103.122473522446
3.1083061695098877, 3048.49877024375
3.2056021690368652, 3018.1865744076567
3.2542216777801514, 2929.675782597813
3.400136709213257, 2856.3590154362973
3.4487876892089844, 2849.5200531891824
3.5459563732147217, 2839.0094609402076
3.5946173667907715, 2822.9638409362888
3.6431827545166016, 2755.326074464181
3.6917972564697266, 2739.1759920140903
3.7403886318206787, 2704.7290771628395
3.789083957672119, 2702.367723164454
4.372157096862793, 2698.5758357652303
7.885601758956909, 2688.36210658629
14.25788688659668, 2685.8046881394184
T56
2.2333428859710693, 3928.5520188631926
2.28202223777771, 3616.6935100497867
2.3307178020477295, 3576.183878800286
2.3793699741363525, 3394.678380000507
2.7196404933929443, 3372.4573039594543
2.768308401107788, 3268.923208558481
2.8655965328216553, 3225.1745365571915
2.91412615776062, 3148.4281703890083
3.059828996658325, 3072.259821081221
3.1575591564178467, 3010.4774147218777
3.255039930343628, 2912.8287873577865
3.3521909713745117, 2888.9077961627045
3.4493796825408936, 2822.2593365178764
3.5952272415161133, 2802.910004792917
4.054176092147827, 2801.4336179482925
4.734456300735474, 2778.6744089415442
4.783116102218628, 2770.5584840665397
4.831763744354248, 2735.592349572711
5.123180866241455, 2709.7547706524347
5.171935558319092, 2688.210272228149
9.889454364776611, 2686.8672530776166
T57
2.5214076042175293, 4005.298888019548
2.5702409744262695, 3908.612726885498
2.6188857555389404, 3422.1519748118153
2.8135180473327637, 3419.7128762432985
3.2511422634124756, 3396.62458465909
3.2997732162475586, 3367.466515575332
3.732851505279541, 3099.835213180704
3.8301875591278076, 3078.238344861973
3.975938558578491, 3038.165733079404
4.121824741363525, 3019.0747123401015
4.413721323013306, 3005.876173422992
4.46233606338501, 2993.7434269018995
4.510929346084595, 2970.044642242072
4.559584379196167, 2940.643999253429
4.608167409896851, 2928.450271879403
4.656673908233643, 2875.210677376883
4.753834009170532, 2871.1713919318718
4.899560451507568, 2829.681695969077
5.580579042434692, 2825.4128087883073
5.629138231277466, 2796.628480251282
5.72621488571167, 2780.389100254957
11.423095703125, 2779.7750513797
13.61356520652771, 2763.305510269398
13.66213846206665, 2755.0590240484235
13.71071171760559, 2722.65193139654
13.759331703186035, 2716.537229301066
13.807985544204712, 2692.746282550048
13.954094409942627, 2689.434970297094
T58
2.6191742420196533, 4239.66873569756
2.7165579795837402, 3794.4359734493482
2.7652854919433594, 3641.0940800626413
2.911299705505371, 3615.85701401563
2.9599266052246094, 3505.9497110221273
3.426943302154541, 3423.377372780684
3.5244596004486084, 3411.8876184744877
3.6708035469055176, 3292.0602940420213
3.719691038131714, 3291.0155475569554
3.816941261291504, 3233.633442791637
3.9629971981048584, 3215.7503405017123
4.0116286277771, 3121.5854609166418
4.157878875732422, 3117.6647999552224
4.206641435623169, 3091.657744934171
4.303975820541382, 3036.279813613495
4.450000286102295, 2992.4079430499332
4.547169923782349, 2937.9569372964033
4.595889091491699, 2897.9885450662478
4.693214178085327, 2882.3615151689955
4.887562990188599, 2855.677200544087
4.936151742935181, 2839.0551433949804
5.033631324768066, 2795.7802328303296
5.082323789596558, 2755.2411954174822
5.6659486293792725, 2730.353166365021
T59
2.3603525161743164, 3526.3629882493406
2.5544168949127197, 3364.8162733975114
2.651592969894409, 3344.338030516432
2.7002460956573486, 3309.845854965235
2.7488293647766113, 3254.520309966276
2.8944647312164307, 3169.709388233736
2.943028688430786, 3167.054352070707
3.1861212253570557, 3151.62366809947
3.283456563949585, 3089.5897375176064
3.3320369720458984, 3039.04997093814
3.4292402267456055, 2986.2388671956214
3.526348829269409, 2962.011836206344
3.672020435333252, 2895.473415993569
3.720529556274414, 2893.300210116031
3.7691290378570557, 2835.4884712736894
3.817979335784912, 2825.5296483613565
3.963738441467285, 2788.287206155961
4.7418835163116455, 2780.852644214254
4.8390936851501465, 2763.9182726196887
8.097917079925537, 2760.5040010125813