T0
0.7990221977233887, 76.3618325366884
2.8503096103668213, 23.890241063621087
T1
0.7774977684020996, 45.86111081393585
2.8286595344543457, 32.18516304627064
T2
0.7778735160827637, 71.98997374858159
2.8290839195251465, 61.39365910778601
4.8803019523620605, 61.364114919917256
6.931533098220825, 52.59964410262158
T3
7.414035081863403, 102.58641646723216
9.46523118019104, 69.16234814356838
11.516472578048706, 59.88432115945639
13.56770133972168, 50.24371991522554
T4
1.5491647720336914, 69.16558967724525
3.600302219390869, 44.50760055490839
T5
2.2781059741973877, 61.81805695245521
4.329261302947998, 59.20210850938553
6.380354404449463, 52.91258664756134
T6
0.19569993019104004, 67.34400652958755
2.2470405101776123, 60.36457731071481
4.298442363739014, 52.52387339493711
12.503986597061157, 51.679261013056866
T7
0.19465923309326172, 22.567378077412666
6.348680257797241, 22.360883092452195
10.451172828674316, 15.370280154771708
T8
0.1951749324798584, 59.705283517036975
2.2464234828948975, 54.96109911967205
4.297630548477173, 51.050398116607745
12.502920150756836, 22.45711436601008
T9
0.19501686096191406, 39.54747818432588
2.2463159561157227, 39.52306432780089
10.451446294784546, 33.29983778997248
12.50278639793396, 32.535097771368456
T10
0.19497895240783691, 36.853607616571125
T11
1.2578907012939453, 45.47457357340922
3.3089866638183594, 29.14574000168275
7.411368370056152, 17.411568512994343
T12
0.19559788703918457, 52.41429690873376
2.246965169906616, 44.53968827037653
4.29828405380249, 44.09229355881205
16.606678009033203, 41.75982687365238
T13
0.19463229179382324, 51.50432127516143
2.246004104614258, 47.35532971278327
6.348632097244263, 43.34517328727333
8.400074005126953, 32.795841621997006
T14
0.19439411163330078, 68.81644414513124
2.245586633682251, 43.3213549728353
T15
1.3053176403045654, 116.8025376589489
3.3564367294311523, 58.34584335833169
5.407703638076782, 41.67106929100716
T16
0.19527697563171387, 92.56113973576844
2.2466166019439697, 79.39373023999882
6.3492491245269775, 76.0468363536877
12.503118753433228, 69.14100717862101
16.605847120285034, 65.66507985458074
T17
0.19439363479614258, 61.914189266908124
T18
1.307556390762329, 91.60274210249997
3.358898162841797, 57.788928109736425
11.563667058944702, 56.36065721317952
T19
3.298743963241577, 70.00866111550903
5.350154638290405, 46.44881202900552
T20
5.0308356285095215, 134.62871565118795
7.082010507583618, 62.12856767525942
13.235862731933594, 61.76591629930415
15.287171363830566, 50.47932448097884
T21
1.5973525047302246, 83.91057309358456
5.699487924575806, 76.64214034188448
9.801848888397217, 60.7706969649277
T22
0.19473028182983398, 47.05334473330957
4.296945571899414, 34.65601895905996
T23
0.19454669952392578, 77.39340200878684
2.245826482772827, 59.14111469044165
8.400220394134521, 49.38500671335767
10.452270030975342, 34.757300173925984
14.554816246032715, 33.74286088093986
T24
2.661160945892334, 51.93020427885763
6.763424396514893, 46.21890341983267
10.865854978561401, 37.36576166983194
T25
0.19492125511169434, 56.23909977071841
2.2462689876556396, 55.221625277688034
4.29757022857666, 53.64391142635754
6.348739385604858, 47.815013345102635
T26
0.1958317756652832, 51.81381830409404
4.2986555099487305, 51.454613337257655
8.401204109191895, 46.4269131461308
T27
0.19508934020996094, 39.95194918973611
T28
0.19576239585876465, 50.09408794068321
4.298417091369629, 49.993986877513905
6.349779844284058, 48.684679052288615
8.401151418685913, 43.43696793748677
10.452594518661499, 38.74163844276424
T29
0.1951124668121338, 70.54162220623972
2.246363878250122, 47.869236876741056
6.348597764968872, 44.07160390039557
10.451372146606445, 40.709284078587345
T30
2.8553717136383057, 82.03113555088346
6.957578659057617, 51.86473702331585
9.00880765914917, 42.377072642374145
13.111531019210815, 33.95028783835038
T31
2.8064448833465576, 126.63057439627892
4.857747793197632, 85.67539575564575
11.011830568313599, 66.16794133928738
13.063512563705444, 62.84135014773125
T32
3.1513171195983887, 77.2883971032888
9.304499387741089, 69.38974261567662
11.35568618774414, 69.26649853074144
T33
3.3927266597747803, 63.0961134546713
5.444011211395264, 58.109505870478344
T34
0.19502854347229004, 14.25780935062294
T35
1.6944851875305176, 65.98850238002373
5.796809673309326, 59.25927520315684
9.899310827255249, 58.01781434974762
11.95066523551941, 43.64891145037264
T36
0.19479060173034668, 49.135786904107164
2.2461280822753906, 37.63780214439022
6.348338842391968, 26.65937460527517
T37
6.835384368896484, 124.48700257484987
10.937474966049194, 86.99597103537786
12.988719940185547, 74.39031093446737
15.04021143913269, 69.87031551931796
T38
1.018172025680542, 47.13581902470501
3.0694706439971924, 30.451132739188708
T39
0.19576454162597656, 84.89006558217702
2.2471959590911865, 73.83668504385716
4.298690319061279, 69.4941945947977
6.35015344619751, 48.606862010903484
T40
1.2585813999176025, 143.85827123991126
3.309790849685669, 66.11856924849221
5.361093997955322, 63.501843279178445
7.412362098693848, 59.406695364598505
9.46382212638855, 54.29192488063832
T41
0.19565033912658691, 31.24260634865434
2.2469027042388916, 23.118983485884108
T42
0.19481515884399414, 37.95737852924098
2.245997667312622, 28.232005649263016
4.297259569168091, 25.591643553032092
6.348519325256348, 24.245165957733917
T43
0.195542573928833, 42.26509615682704
2.2466249465942383, 37.303071873598824
4.29793906211853, 36.11343274161423
T44
0.19531702995300293, 37.2679869747145
2.246293067932129, 36.483282291700036
T45
0.1941547393798828, 69.67363769214285
2.245300769805908, 56.96180953882158
4.296530723571777, 54.867026393787825
12.502599954605103, 44.469894580299794
16.605064630508423, 42.3057851645066
T46
3.623796224594116, 77.34060395712197
5.675123691558838, 59.84005849036611
7.7266526222229, 43.82026512551047
T47
1.8381366729736328, 124.80237204935769
3.8893702030181885, 84.99563776934308
5.940669775009155, 84.2922620764884
10.04342770576477, 83.48791324568536
T48
5.8567187786102295, 56.90911644496311
12.009963750839233, 55.87835028807191
16.111969709396362, 55.448721949929144
T49
0.19457364082336426, 21.977296378569662
6.347941637039185, 17.926085403132248
T50
2.998948574066162, 60.10441827325349
7.101285696029663, 50.442922260973184
11.20381474494934, 49.57503834510565
15.306204319000244, 48.89735228839861
T51
5.32467246055603, 82.80421304617713
7.37572169303894, 61.474163856785516
11.478094100952148, 47.681184983926556
15.58065676689148, 44.26472399537249
T52
5.523046255111694, 158.65948126360198
7.574183702468872, 142.253447173551
9.62549877166748, 94.93505663040375
11.676918983459473, 85.98470284925457
13.728335618972778, 81.88544415908831
15.779938459396362, 71.89150419496126
T53
10.049650430679321, 21.55687524659036
T54
0.43737077713012695, 53.29190520764311
2.488569974899292, 36.68829966615597
T55
0.19481301307678223, 40.469915139980955
2.2459444999694824, 24.059659946698172
T56
0.1944260597229004, 31.55691364745146
2.245609760284424, 30.98106338729584
4.296634197235107, 29.022571142873993
T57
0.19476747512817383, 40.32551961773962
2.245969772338867, 39.38428599676811
10.450547933578491, 33.38930549043805
12.502610206604004, 25.858387613567817