T0
0.7859997749328613, 12.895665283569706
T1
0.19498181343078613, 47.40639070142587
14.552486658096313, 33.50760744269405
T2
0.7764463424682617, 36.685527624963804
4.878646373748779, 14.324763598088184
T3
0.4965791702270508, 50.520279810551976
6.650524377822876, 48.49309871657487
T4
0.7871062755584717, 21.11199070385989
6.940403461456299, 20.136091369353302
T5
0.19483566284179688, 17.92699698933174
T6
0.194960355758667, 33.128130156871485
6.348186492919922, 29.959796768649408
T7
0.19501805305480957, 29.899977565997
T8
0.1949024200439453, 41.00708715315917
24.809459686279297, 36.561171283672905
T9
0.4866962432861328, 29.092719603623856
T10
0.19504761695861816, 17.33386635025902
T11
0.19477343559265137, 28.09657451654985
55.571998596191406, 27.985809767042678
T12
0.1950232982635498, 42.07093256371552
6.348220586776733, 41.727983335294596
T13
0.195204496383667, 42.804365709417816
4.297759056091309, 37.17491283052102
T14
0.19569134712219238, 41.12060966631353
28.912814378738403, 33.0301789515525
37.117758989334106, 29.31912751762235
T15
0.2114858627319336, 24.957125177960624
T16
0.19525361061096191, 30.156532660951648
12.501782417297363, 21.227837764759222
T17
0.194779634475708, 22.842282837028726
T18
0.19527959823608398, 17.946284438271537
T19
0.1952228546142578, 63.580151956590434
14.553202152252197, 61.20353859458828
16.60435438156128, 60.682885319077926
T20
0.19525885581970215, 34.08694650291003
T21
0.19463467597961426, 34.60801087680785
T22
0.19487738609313965, 22.810823600478034
T23
0.1950666904449463, 38.89803058222677
8.39938473701477, 36.365910952391346
T24
0.19459033012390137, 62.766639115515346
T25
0.24883341789245605, 22.659211205249697
14.69936203956604, 19.86319767087165
T26
0.2508063316345215, 25.45438221296992
T27
0.25060534477233887, 35.83033808668112
T28
0.25044965744018555, 38.453933310627974
T29
0.25104856491088867, 39.39879821431499
6.445777654647827, 39.022676746769775
33.2901656627655, 38.3733117185909
T30
0.2511303424835205, 42.88972232395387
6.446749687194824, 42.630257996662536
18.836952209472656, 37.27983228370365
22.966916799545288, 28.522765471218992
T31
0.2508065700531006, 32.38580405089266
T32
0.2509043216705322, 32.07841132781714
58.06806659698486, 31.289321346143833
T33
0.25051093101501465, 40.478555506094324
8.51042127609253, 37.33153613239707
T34
0.25161004066467285, 47.311182281290776
T35
0.25159692764282227, 61.67500257697948
18.837587594985962, 55.02366541711798
25.032841444015503, 52.53933270611437
41.55340242385864, 49.87456173207428
T36
0.25063085556030273, 31.965411492832896
8.510635137557983, 31.140961061949838
T37
0.2508053779602051, 33.19578873669358
T38
0.25024914741516113, 50.31013508920013
2.3152308464050293, 44.91797673163613
T39
0.25059938430786133, 28.73334705775852
T40
0.2511317729949951, 17.753228220110888
T41
0.250866174697876, 22.550651272114266
T42
0.2503800392150879, 25.26592655491212
18.83463454246521, 20.438780266537663
T43
0.25063133239746094, 20.035694276740376
T44
0.25112366676330566, 20.101201285752325
T45
0.2509922981262207, 23.997928993714876
51.87493681907654, 23.493514307619602
T46
0.25022315979003906, 39.3452057964245
2.315342903137207, 38.94757526969766
14.705324172973633, 38.45500159516281
16.77049160003662, 36.87472579777026
53.94086813926697, 35.48447507245647
T47
0.2504146099090576, 38.9315014900947
T48
0.2496495246887207, 39.47230286971503
T49
0.24993324279785156, 14.394382349997885