T0
1.0153086185455322, 24.640461493030664
T1
0.9985561370849609, 43.20617587704806
T2
0.636953592300415, 36.43377059715441
6.831026792526245, 33.583903710351024
T3
0.6220462322235107, 29.593806716206615
10.946451663970947, 28.672124112263
13.011390686035156, 22.156627274529903
33.66010594367981, 16.247072380174686
T4
0.6243345737457275, 26.988472019732257
T5
0.6246213912963867, 26.194338213885985
6.8187479972839355, 24.49215728526243
39.85257315635681, 24.411339588479162
T6
0.24930667877197266, 22.836829059388585
T7
0.24953579902648926, 24.58449638751149
10.57309889793396, 24.48346503327855
27.09210705757141, 22.21506926673614
T8
0.25012660026550293, 33.26453377380903
T9
0.2495098114013672, 33.6910028248395
2.314182996749878, 30.917931060735395
43.60736060142517, 30.824321334193463
T10
0.25058865547180176, 39.158752261714426
56.002617835998535, 38.18818523894248
T11
0.24961566925048828, 30.277295200940557
T12
0.25028324127197266, 15.422185564662211
T13
0.2493882179260254, 52.948079566950696
35.348212480545044, 41.51145108657801
41.54223012924194, 38.245097491927055
47.73628759384155, 37.41431377516095
T14
0.24979758262634277, 38.91671097488058
T15
0.25029993057250977, 34.60849013059707
T16
0.25029969215393066, 24.91817049577713
T17
0.25069570541381836, 19.636542627628447
T18
0.25017237663269043, 34.605275228794824
T19
0.24999547004699707, 51.751475824371184
10.574223756790161, 40.93478117366503
12.639095067977905, 35.631472650993764
14.703965663909912, 30.225549985358093
18.833888292312622, 28.06412025513666
27.09321928024292, 27.87300576381139
T20
0.25000596046447754, 19.329887876340067
T21
0.24946308135986328, 14.064863039476036
T22
0.25017690658569336, 31.435154137601494
29.157886028289795, 31.287727329552613
53.93596053123474, 24.624137341378738
T23
0.24990534782409668, 34.49971342056372
T24
0.2502105236053467, 31.705189230661226
T25
0.24956989288330078, 17.27179325310439
T26
0.2494525909423828, 44.547864523398914
2.314145565032959, 41.82749779403881
35.34897708892822, 40.2163719668707
T27
0.24992585182189941, 29.88950827462043
T28
0.2508049011230469, 53.9190237243002
35.35377645492554, 50.63263194672015
37.41877341270447, 44.31278738637037
56.00308179855347, 42.66544820617518
T29
0.24927973747253418, 25.42557342191879
T30
0.24957942962646484, 31.069963404656036
T31
0.2501084804534912, 37.384991013001525
6.44381046295166, 35.982414720120175
18.83167004585266, 31.371175435171594
33.283647298812866, 30.548463190659653
T32
0.2501223087310791, 42.88201782342021
T33
0.24992084503173828, 25.00984235373822
T34
0.25041723251342773, 17.64465585410607
T35
0.2502100467681885, 28.677279426350708
53.93695259094238, 28.50236578421462
T36
0.24918293952941895, 23.17178724880121
T37
0.250394344329834, 41.09583695465875
8.510043144226074, 36.66415322237917
T38
0.24976825714111328, 32.21798581394756
T39
0.2496037483215332, 21.29088373722599
T40
0.24996447563171387, 31.895756631306487
T41
0.25017523765563965, 31.904121233173594
2.3150100708007812, 29.417722434659826
T42
0.2496945858001709, 28.974473467478116
T43
0.2502915859222412, 29.371812614605965
T44
0.24949073791503906, 27.977277103023226
T45
0.24919652938842773, 26.867430714169032
T46
0.2503976821899414, 32.36881838604631
55.99881029129028, 21.430751234908293
T47
0.2505347728729248, 24.093678892248477
T48
0.2503387928009033, 23.617496786845596
27.090559482574463, 15.06748639547919